Region,Year,Month,MonthId,Zip_Listings_PriceCut_SeasAdj_AllHomes,Zip_Listings_PriceCut_SeasAdj_Condominum,Zip_Listings_PriceCut_SeasAdj_SingleFamilyResidence,Zip_MedianListingPricePerSqft_1Bedroom,Zip_MedianListingPricePerSqft_2Bedroom,Zip_MedianListingPricePerSqft_3Bedroom,Zip_MedianListingPricePerSqft_4Bedroom,Zip_MedianListingPricePerSqft_5BedroomOrMore,Zip_MedianListingPricePerSqft_AllHomes,Zip_MedianListingPricePerSqft_CondoCoop,Zip_MedianListingPricePerSqft_DuplexTriplex,Zip_MedianListingPricePerSqft_Sfr,Zip_MedianListingPrice_1Bedroom,Zip_MedianListingPrice_2Bedroom,Zip_MedianListingPrice_3Bedroom,Zip_MedianListingPrice_4Bedroom,Zip_MedianListingPrice_5BedroomOrMore,Zip_MedianListingPrice_AllHomes,Zip_MedianListingPrice_CondoCoop,Zip_MedianListingPrice_DuplexTriplex,Zip_MedianListingPrice_Sfr,Zip_MedianPctOfPriceReduction_AllHomes,Zip_MedianPctOfPriceReduction_Condominum,Zip_MedianPctOfPriceReduction_SingleFamilyResidence,Zip_MedianRentalPricePerSqft_1Bedroom,Zip_MedianRentalPricePerSqft_2Bedroom,Zip_MedianRentalPricePerSqft_3Bedroom,Zip_MedianRentalPricePerSqft_4Bedroom,Zip_MedianRentalPricePerSqft_5BedroomOrMore,Zip_MedianRentalPricePerSqft_AllHomes,Zip_MedianRentalPricePerSqft_CondoCoop,Zip_MedianRentalPricePerSqft_DuplexTriplex,Zip_MedianRentalPricePerSqft_Mfr5Plus,Zip_MedianRentalPricePerSqft_Sfr,Zip_MedianRentalPricePerSqft_Studio,Zip_MedianRentalPrice_1Bedroom,Zip_MedianRentalPrice_2Bedroom,Zip_MedianRentalPrice_3Bedroom,Zip_MedianRentalPrice_4Bedroom,Zip_MedianRentalPrice_5BedroomOrMore,Zip_MedianRentalPrice_AllHomes,Zip_MedianRentalPrice_CondoCoop,Zip_MedianRentalPrice_DuplexTriplex,Zip_MedianRentalPrice_Mfr5Plus,Zip_MedianRentalPrice_Sfr,Zip_MedianRentalPrice_Studio,Zip_MedianValuePerSqft_AllHomes,Zip_Median_PriceCut_Dollar_AllHomes,Zip_Median_PriceCut_Dollar_Condominum,Zip_Median_PriceCut_Dollar_SingleFamilyResidence,Zip_PctOfHomesDecreasingInValues_AllHomes,Zip_PctOfHomesIncreasingInValues_AllHomes,Zip_PctOfListingsWithPriceReductions_AllHomes,Zip_PctOfListingsWithPriceReductions_Condominum,Zip_PctOfListingsWithPriceReductions_SingleFamilyResidence,Zip_PriceToRentRatio_AllHomes,Zip_Zhvi_1bedroom,Zip_Zhvi_2bedroom,Zip_Zhvi_3bedroom,Zip_Zhvi_4bedroom,Zip_Zhvi_5BedroomOrMore,Zip_Zhvi_AllHomes,Zip_Zhvi_BottomTier,Zip_Zhvi_BottomTier_yoy,Zip_Zhvi_Condominum,Zip_Zhvi_MiddleTier,Zip_Zhvi_MiddleTier_yoy,Zip_Zhvi_SingleFamilyResidence,Zip_Zhvi_Summary_AllHomes,Zip_Zhvi_TopTier,Zip_Zhvi_TopTier_yoy,Zip_ZriPerSqft_AllHomes,Zip_Zri_AllHomes,Zip_Zri_AllHomesPlusMultifamily,Zip_Zri_AllHomesPlusMultifamily_Summary,Zip_Zri_AllHomes_Summary,Zip_Zri_MultiFamilyResidenceRental,Zip_Zri_MultiFamilyResidenceRental_Summary,Zip_Zri_SingleFamilyResidenceRental,Zip_Zri_SingleFamilyResidenceRental_Summary
91702-CA,2010,9,24129,11.1748627490687,,13.9214747966842,,,213.146006054596,,,199.329983249581,,,209.423036649215,,,,,,,,,,4.65116279069767,,,,,,,,,,,,,,,,,,,,,,,,,215.0,14950.0,,,49.3,41.39,12.6315789473684,,14.5833333333333,,156000.0,217800.0,272100.0,302700.0,361900.0,271400.0,222600.0,0.0504955167531855,213600.0,271400.0,0.019534184823441,277300.0,,344300.0,-0.0533406653835579,,,,,,,,,
91702-CA,2010,10,24130,8.28251842323444,,7.63012781015755,,,212.667545109511,,,199.518403852769,,,210.703376887833,,,,,,,,,,6.165,,,,,,,,,,,,,,,,,,,,,,,,,215.0,15050.0,,,50.25,39.94,10.3960396039604,,9.52380952380952,13.08,156500.0,217800.0,270500.0,301700.0,360700.0,271200.0,222700.0,0.0594671741198858,212700.0,271200.0,0.0214689265536723,277000.0,,343300.0,-0.0500830105146652,,,,,,,,,
91702-CA,2010,11,24131,8.15089240680351,,7.98104870003885,,,214.073426573427,,,199.518403852769,,,210.227272727273,,,,,,,,,,4.67857142857143,,,,,,,,,,,,,,,,,,,,,,,,,216.0,10000.0,,,51.83,38.39,8.41584158415842,,9.02777777777778,13.19,158700.0,218700.0,271100.0,302100.0,360400.0,272700.0,223100.0,0.0674641148325359,216300.0,272700.0,0.0282805429864253,278900.0,,341300.0,-0.0498329621380846,1.42,1770.0,1777.0,,,1688.0,,1789.0,
91702-CA,2010,12,24132,11.1674591504843,,9.17148948904091,,,206.11158493248,,,195.736434108527,,,204.899777282851,,,,,,,,,,4.85623003194888,,,,,,,,,,,,,,,,,,,,,,,,,218.0,10000.0,,,51.29,38.11,9.66183574879227,,6.89655172413793,13.25,160000.0,220900.0,273600.0,303500.0,361300.0,275500.0,224300.0,0.0635372214319583,219300.0,275500.0,0.0380557648831952,282300.0,,340200.0,-0.0534223706176962,1.416,1768.0,1777.0,,,1694.0,,1792.0,
91702-CA,2010,1,24121,,,,,,201.058201058201,,,192.863208597839,,,197.649572649573,,,,,,,,,,,,,,,,,,,,,,,,,,,,,,,,,,,216.0,,,,88.2,7.42,,,,,162500.0,211100.0,266700.0,305600.0,380000.0,266700.0,214400.0,-0.134436818732338,224700.0,266700.0,-0.122985859914502,271800.0,,359700.0,-0.0554096638655462,,,,,,,,,
91702-CA,2010,2,24122,,,,,,209.297198131526,,,201.198630136986,,,210.531624144713,,,,,,,,,,,,,,,,,,,,,,,,,,,,,,,,,,,217.0,,,,83.76,10.26,,,,,164300.0,211700.0,270800.0,304400.0,370600.0,269700.0,216100.0,-0.100707449022056,227300.0,269700.0,-0.0928355196770938,274000.0,,357000.0,-0.062992125984252,,,,,,,,,
91702-CA,2010,3,24123,,,,,,209.171359613837,,,200.195530882419,,,206.863780359029,,,,,,,,,,,,,,,,,,,,,,,,,,,,,,,,,,,218.0,,,,76.18,15.21,,,,,170600.0,213900.0,273900.0,305100.0,371900.0,273500.0,216800.0,-0.0727117194183062,226900.0,273500.0,-0.0594910591471802,278300.0,,353000.0,-0.0751899397432539,,,,,,,,,
91702-CA,2010,4,24124,,,,,,212.551867219917,,,202.247191011236,,,208.80724710619,,,,,,,,,,,,,,,,,,,,,,,,,,,,,,,,,,,220.0,,,,69.89,20.72,,,,,172500.0,216300.0,276200.0,306600.0,367000.0,276500.0,218400.0,-0.045037166593791,226500.0,276500.0,-0.0328786288912207,281200.0,,350700.0,-0.0843342036553525,,,,,,,,,
91702-CA,2010,5,24125,,,,,,212.551867219917,,,200.822862013352,,,209.171359613837,,,,,,,,,,,,,,,,,,,,,,,,,,,,,,,,,,,220.0,,,,61.32,28.84,,,,,171000.0,216300.0,277000.0,307900.0,364500.0,277600.0,219600.0,-0.0205173951828724,223500.0,277600.0,-0.0128022759601707,282500.0,,349800.0,-0.0830930537352556,,,,,,,,,
91702-CA,2010,6,24126,,,,,,208.017569986433,,,198.195697245773,,,207.961158472197,,,,,,,,,,,,,,,,,,,,,,,,,,,,,,,,,,,220.0,,,,54.9,35.46,,,,,168000.0,215600.0,277600.0,307900.0,367000.0,278000.0,219900.0,0.000910332271279017,218300.0,278000.0,0.0083424011606819,283500.0,,349200.0,-0.0710295291300878,,,,,,,,,
91702-CA,2010,7,24127,,,,,,208.752346473585,,,197.12876622332,,,206.489501312336,,,,,,,,,,,,,,,,,,,,,,,,,,,,,,,,,,,218.0,,,,50.79,39.05,,,,,164100.0,216600.0,277200.0,306900.0,368200.0,276600.0,220700.0,0.0208140610545791,216100.0,276600.0,0.0206642066420664,282700.0,,347100.0,-0.060368164591229,,,,,,,,,
91702-CA,2010,8,24128,,,,,,211.580256906036,,,199.426560730371,,,205.625943453959,,,,,,,,,,,,,,,,,,,,,,,,,,,,,,,,,,,217.0,,,,49.16,40.84,,,,,159400.0,217000.0,274900.0,304800.0,365600.0,273500.0,221500.0,0.0350467289719626,214900.0,273500.0,0.0205223880597015,279900.0,,344900.0,-0.0571350464734828,,,,,,,,,
91702-CA,2011,1,24133,9.00030400725511,,6.88507198250927,,,193.905817174515,,,182.291666666667,,,186.980609418283,,,,,,,,,,5.5308005003127,,,,,,,,,,,,,,,,,,,,,,,,,219.0,10500.0,,,51.24,38.02,9.9502487562189,,7.14285714285714,13.35,159700.0,224100.0,275100.0,304100.0,361300.0,277600.0,226100.0,0.0545708955223881,219700.0,277600.0,0.040869891263592,284700.0,,340700.0,-0.052821795941062,1.414,1766.0,1770.0,,,1690.0,,1790.0,
91702-CA,2011,2,24134,10.9390537398876,,10.9897407248716,,,179.407150108653,,,175.668937227156,,,179.530943855145,,,,,,,,,,7.98908560187829,,,,,,,,,,,,,,,,,,,,,,,,,219.0,15000.0,,,55.33,34.5,10.7296137339056,,10.5590062111801,13.28,158000.0,225700.0,275000.0,301200.0,361600.0,278100.0,228100.0,0.0555298472929199,219500.0,278100.0,0.0311457174638487,284600.0,,341300.0,-0.0439775910364146,1.412,1759.0,1761.0,,,1684.0,,1784.0,
91702-CA,2011,3,24135,12.4964591049714,,16.0465384621002,,,178.400428304607,,,170.877944325482,,,179.075738125802,,,,,,,,,,4.01606425702812,,,,,,,,,,,,,,,,,,,,,,,,,217.0,11000.0,,,56.78,32.9,12.2137404580153,,16.304347826087,13.22,155800.0,225100.0,273200.0,297200.0,361100.0,276100.0,227800.0,0.0507380073800738,220600.0,276100.0,0.00950639853747715,281900.0,,341200.0,-0.0334277620396601,1.41,1752.0,1751.0,,,1670.0,,1779.0,
91702-CA,2011,4,24136,11.330746238296,,10.9706895769702,,,165.19618537432,,,170.877944325482,,,180.326548831923,,,,,,,,,,6.39269406392694,,,,,,,,,,,,,,,,,,,,,,,,,215.0,12000.0,,,60.0,29.41,11.3122171945701,,10.6918238993711,13.11,154000.0,221300.0,269000.0,293400.0,358000.0,271500.0,224100.0,0.0260989010989011,217400.0,271500.0,-0.0180831826401447,277600.0,,339200.0,-0.0327915597376675,1.408,1748.0,1744.0,,,1658.0,,1777.0,
91702-CA,2011,5,24137,13.6687103222145,,13.1397921917821,,,175.504021119463,,,172.713449358195,,,180.378542226892,,,,,,,,,,4.72203666243277,,,,,,,,,,,,,,,,,,,,,,,,,213.0,10000.0,,,66.94,22.77,12.0,,11.9718309859155,12.94,152500.0,216700.0,265200.0,290400.0,349400.0,267800.0,219800.0,0.000910746812386157,213600.0,267800.0,-0.0353025936599424,274900.0,,335500.0,-0.0408805031446541,1.41,1754.0,1747.0,,,1653.0,,1781.0,
91702-CA,2011,6,24138,17.9931395397445,,18.6256518147273,,,177.725118483412,,,175.585284280936,,,183.424682417197,,,,,,,,,,4.44600148824911,,,,,,,,,,,,,,,,,,,,,,,,,212.0,11483.5,,,70.68,19.99,17.1428571428571,,18.2432432432432,12.86,151100.0,214100.0,264200.0,288800.0,345200.0,266500.0,217900.0,-0.00909504320145521,213400.0,266500.0,-0.0413669064748201,274000.0,,333800.0,-0.0441008018327606,1.41,1755.0,1746.0,,,1650.0,,1783.0,
91702-CA,2011,7,24139,17.4638174306029,,17.6082030689328,,,179.075738125802,,,178.858625162127,,,184.789623312011,,,,,,,,,,4.83178388293659,,,,,,,,,,,,,,,,,,,,,,,,,212.0,12107.0,,,72.4,18.8,16.6666666666667,,16.8831168831169,12.59,149500.0,213500.0,263400.0,288500.0,346000.0,265200.0,217500.0,-0.0144993203443589,214300.0,265200.0,-0.0412147505422994,272700.0,,334700.0,-0.0357245750504177,1.412,1759.0,1751.0,,,1656.0,,1786.0,
91702-CA,2011,8,24140,16.1968634623611,,14.8578703713189,,,181.297709923664,,,172.568828933528,,,187.324399114484,,,,,,,,,,5.0,,,,,,,,,,,,,,,,,,,,,,,,,210.0,10000.0,,,73.43,18.8,16.7441860465116,,16.0,12.48,148800.0,212600.0,261400.0,288300.0,345700.0,263600.0,216500.0,-0.0225733634311512,213000.0,263600.0,-0.0361974405850091,271100.0,,334700.0,-0.0295737895042041,1.41,1760.0,1754.0,,,1663.0,,1786.0,
91702-CA,2011,9,24141,11.0432838017003,,9.12835125356065,,,174.220450672339,,,169.523044714014,,,175.90618336887,,,,,,,,,,4.07081632653061,,,,,,,,,,,,,,,,,,,,,,,,,208.0,10000.0,,,71.39,20.41,12.5,,9.79020979020979,12.68,148500.0,211200.0,259300.0,287600.0,343200.0,262100.0,215200.0,-0.0332434860736747,211200.0,262100.0,-0.0342667649226234,270000.0,,333000.0,-0.0328202149288411,1.41,1760.0,1755.0,,,1665.0,,1785.0,
91702-CA,2011,10,24142,17.3986739412253,,18.5144815516541,,,173.736176935229,,,166.666666666667,,,178.151170728911,,,,,,,,,,3.41208563894896,,,,,,,,,,,,,,,,,,,,,,,,,207.0,10000.0,,,71.68,19.7,19.5121951219512,,20.4081632653061,12.6,147000.0,209400.0,258100.0,286900.0,342500.0,260600.0,214100.0,-0.03861697350696,209000.0,260600.0,-0.0390855457227139,269100.0,,333000.0,-0.0300029129041655,1.41,1758.0,1754.0,,,1671.0,,1783.0,
91702-CA,2011,11,24143,10.9458131544837,,9.41078726213036,,,181.013676588898,,,166.857025960886,,,175.306494367131,,,,,,,,,,4.70403708251058,,,,,,,,,,,,,,,,,,,,,,,,,206.0,10450.0,,,72.32,18.93,11.2107623318386,,10.4575163398693,12.54,147300.0,207500.0,256400.0,286000.0,341600.0,258600.0,212400.0,-0.0479605558045719,205400.0,258600.0,-0.0517051705170517,267400.0,,331800.0,-0.0278347494872546,1.416,1758.0,1753.0,,,1673.0,,1784.0,
91702-CA,2011,12,24144,16.5999630243336,,17.5067258443732,,,169.443099273608,,,165.876777251185,,,167.714884696017,,,,,,,,,,6.23624595469256,,,,,,,,,,,,,,,,,,,,,,,,,206.0,14150.0,,,76.06,16.82,15.0943396226415,,15.2317880794702,12.65,149300.0,205700.0,255700.0,285100.0,343600.0,257800.0,210300.0,-0.0624164065983058,204300.0,257800.0,-0.0642468239564428,266300.0,,334300.0,-0.0173427395649618,1.416,1755.0,1750.0,,,1681.0,,1778.0,
91702-CA,2012,1,24145,13.2632532205793,,13.8267218819056,,,174.635573217282,,,167.721917356395,,,171.165168539326,,,,,,,,,,6.57010959119085,,,,,,,,,,,,,,,,,,,,,,,,,206.0,15000.0,,,76.96,15.96,14.2131979695431,,14.0845070422535,12.55,150500.0,205400.0,254900.0,284500.0,346800.0,256800.0,210000.0,-0.0712074303405573,206600.0,256800.0,-0.0749279538904899,264800.0,,339600.0,-0.00322864690343411,1.422,1758.0,1753.0,,,1681.0,,1779.0,
91702-CA,2012,2,24146,12.4266345761178,,13.0813369233301,,,169.726025912542,,,172.294704528012,,,178.434050649813,,,,,,,,,,6.53061224489796,,,,,,,,,,,,,,,,,,,,,,,,,205.0,15000.0,,,73.3,18.4,12.2171945701357,,12.6506024096386,12.56,150500.0,205600.0,253300.0,284400.0,347100.0,255300.0,210200.0,-0.0784743533537922,207400.0,255300.0,-0.0819848975188781,263200.0,,342600.0,0.00380896571930853,1.42,1754.0,1753.0,,,1685.0,,1774.0,
91702-CA,2012,3,24147,11.3482924174479,,10.6796906360132,,,177.828467153285,,,181.818181818182,,,190.699523052464,,,,,,,,,,5.1741979993101,,,,,,,,,,,,,,,,,,,,,,,,,204.0,10100.0,,,72.17,18.67,11.0655737704918,,10.9375,12.59,151700.0,205700.0,251900.0,285600.0,347000.0,254100.0,211100.0,-0.0733099209833187,206100.0,254100.0,-0.0796812749003984,262200.0,,341900.0,0.00205158264947245,1.424,1758.0,1756.0,,,1685.0,,1775.0,
91702-CA,2012,4,24148,8.39291328017909,,10.4699484801469,,,173.282923755514,,,175.049190835817,,,181.818181818182,,,,,,,,,,4.88894386717247,,,,,,,,,,,,,,,,,,,,,,,,,205.0,12500.0,,,66.1,23.47,8.3743842364532,,10.1910828025478,12.62,151400.0,206600.0,253600.0,288100.0,350200.0,255800.0,212200.0,-0.0531012940651495,205900.0,255800.0,-0.0578268876611418,263100.0,,342600.0,0.0100235849056604,1.426,1758.0,1758.0,,,1694.0,,1774.0,
91702-CA,2012,5,24149,10.2114238900537,,9.5012945391999,,,175.903839372757,,,173.884488573771,,,185.903083700441,,,,,,,,,,3.82380156166296,,,,,,,,,,,,,,,,,,,,,,,,,207.0,12500.0,,,60.39,29.15,8.5427135678392,,8.33333333333333,12.5,148300.0,209200.0,257800.0,290900.0,354900.0,259400.0,213300.0,-0.0295723384895359,206900.0,259400.0,-0.0313666915608663,265700.0,,342700.0,0.0214605067064083,1.434,1766.0,1764.0,,,1691.0,,1780.0,
91702-CA,2012,6,24150,9.94119148779649,,9.73492655709559,,,182.283154083923,,,176.132003069839,,,183.606557377049,,,,,,,,,,4.46767896347728,,,,,,,,,,,,,,,,,,,,,,,,,209.0,9994.0,,,53.72,35.85,9.09090909090909,,9.35251798561151,12.52,146400.0,212500.0,262800.0,292800.0,357800.0,264400.0,214700.0,-0.0146856356126664,207700.0,264400.0,-0.00787992495309569,269800.0,,342500.0,0.0260635110844817,1.442,1775.0,1772.0,,,1691.0,,1792.0,
91702-CA,2012,7,24151,4.79715076393622,,5.83457523691076,,,179.924827712438,,,179.186228482003,,,185.298896608924,,,,,,,,,,2.15716486902927,,,,,,,,,,,,,,,,,,,,,,,,,211.0,6000.0,,,44.51,43.23,4.0,,5.10948905109489,12.45,147600.0,214400.0,267400.0,294100.0,363100.0,269200.0,216100.0,-0.0064367816091954,207300.0,269200.0,0.0150829562594268,273600.0,,343300.0,0.0256946519270989,1.45,1784.0,1779.0,,,1683.0,,1803.0,
91702-CA,2012,8,24152,1.75152799056213,,1.79904684190712,,,185.681114551084,,,180.293501048218,,,184.355063615805,,,,,,,,,,5.78616352201258,,,,,,,,,,,,,,,,,,,,,,,,,214.0,30000.0,,,38.07,49.43,2.29885057471264,,2.94117647058824,12.53,150100.0,215800.0,271100.0,296000.0,368000.0,272700.0,217500.0,0.0046189376443418,207300.0,272700.0,0.0345220030349014,276300.0,,345100.0,0.0310726023304452,1.45,1787.0,1780.0,,,1674.0,,1809.0,
91702-CA,2012,9,24153,5.72891254421526,,6.36939146335086,,,191.441441441441,,,181.033510846426,,,185.494223363286,,,,,,,,,,3.078170558777,,,,,,,,,,,,,,,,,,,,,,,,,216.0,10000.0,,,38.46,49.16,7.18562874251497,,7.03125,12.68,150800.0,218100.0,274500.0,298700.0,372900.0,275500.0,219700.0,0.020910780669145,208800.0,275500.0,0.0511255246089279,279100.0,,346300.0,0.0399399399399399,1.45,1790.0,1782.0,,,1672.0,,1811.0,
91702-CA,2012,10,24154,2.31685856610949,,2.07457225460199,,,199.65564738292,,,191.321499013807,,,199.399558166835,,,,,,,,,,2.77187459400361,,,,,,,,,,,,,,,,,,,,,,,,,218.0,14250.0,,,33.44,54.95,4.43037974683544,,3.96825396825397,12.66,149300.0,221300.0,277100.0,301800.0,376400.0,278000.0,222200.0,0.0378327884166277,211200.0,278000.0,0.066768994627782,281200.0,,347100.0,0.0423423423423423,1.452,1793.0,1786.0,,,1683.0,,1812.0,
91702-CA,2012,11,24155,7.42735851495279,,7.28660425559441,,,214.425287356322,,,215.569078205995,,,220.693553933824,,,,,,,,,,3.70370370370371,,,,,,,,,,,,,,,,,,,,,,,,,220.0,15100.0,,,27.21,61.58,7.69230769230769,,8.33333333333333,12.82,147600.0,223600.0,279900.0,305600.0,380100.0,280400.0,224700.0,0.057909604519774,212900.0,280400.0,0.0843000773395205,284100.0,,351200.0,0.0584689572031344,1.452,1797.0,1788.0,,,1698.0,,1815.0,
91702-CA,2012,12,24156,5.45299182274468,,5.78370969472754,,,213.247549019608,,,218.809849521204,,,225.112612612613,,,,,,,,,,2.45418100322373,,,,,,,,,,,,,,,,,,,,,,,,,221.0,8500.0,,,23.15,66.95,3.94736842105263,,3.50877192982456,12.77,149800.0,225800.0,281200.0,308700.0,380800.0,281900.0,228000.0,0.0841654778887304,213700.0,281900.0,0.0934833204034135,286800.0,,356000.0,0.0649117559078672,1.462,1812.0,1803.0,,,1711.0,,1830.0,
91702-CA,2013,1,24157,5.3492678494614,,7.51999261742991,,,211.282051282051,,,219.629375428964,,,228.465679676985,,,,,,,,,,1.35403345963625,,,,,,,,,,,,,,,,,,,,,,,,,222.0,5000.0,,,15.74,77.5,6.2992125984252,,7.77777777777778,12.9,155700.0,227800.0,282300.0,309800.0,381500.0,283200.0,230200.0,0.0961904761904762,214400.0,283200.0,0.102803738317757,289100.0,,358000.0,0.0541813898704358,1.47,1827.0,1819.0,,,1726.0,,1847.0,
91702-CA,2013,2,24158,4.51978483356821,,5.19263927559626,,,217.842323651452,,,218.566394641691,,,227.272727272727,,,,,,,,,,2.73972602739726,,,,,,,,,,,,,,,,,,,,,,,,,224.0,10000.0,,,12.3,82.11,4.31034482758621,,4.76190476190476,13.0,159400.0,231900.0,285200.0,313300.0,386100.0,286200.0,233000.0,0.108468125594672,217400.0,286200.0,0.121034077555817,292000.0,,361400.0,0.0548744892002335,1.48,1838.0,1831.0,,,1740.0,,1862.0,
91702-CA,2013,3,24159,3.48271864695613,,3.86590197621941,,,225.177853386947,,,219.992897727273,,,233.778186838472,,,,,,,,,,9.55038265306122,,,,,,,,,,,,,,,,,,,,,,,,,228.0,30000.0,,,6.99,89.22,3.2,,4.12371134020619,13.24,159600.0,237300.0,291100.0,319200.0,393100.0,292200.0,237800.0,0.126480341070583,222100.0,292200.0,0.149940968122786,297800.0,,368100.0,0.0766305937408599,1.49,1848.0,1842.0,,,1756.0,,1877.0,
91702-CA,2013,4,24160,5.61852904372589,,5.38090649392561,,,239.082167774857,,,227.135356248855,,,239.138745704467,,,,,,,,,,5.66056603773585,,,,,,,,,,,,,,,,,,,,,,,,,232.0,25000.0,,,5.25,92.15,5.6,,5.10204081632653,13.58,160700.0,243900.0,297400.0,325100.0,399600.0,298700.0,245400.0,0.156456173421301,228700.0,298700.0,0.167709147771697,304700.0,,374800.0,0.0939871570344425,1.486,1842.0,1839.0,,,1758.0,,1873.0,
91702-CA,2013,5,24161,5.94221459571876,,6.72351676142212,,,231.707317073171,,,226.463120995122,,,237.54752851711,,,,,,,,,,2.77854959711031,,,,,,,,,,,,,,,,,,,,,,,,,236.0,15000.0,,,3.47,94.68,4.27350427350427,,5.55555555555556,13.99,166800.0,251900.0,303600.0,331800.0,410300.0,304800.0,253800.0,0.189873417721519,236700.0,304800.0,0.175019275250578,311900.0,,382100.0,0.114969360957105,1.484,1836.0,1835.0,,,1758.0,,1865.0,
91702-CA,2013,6,24162,6.83318837979339,,6.76538729488833,,,232.185748598879,,,232.515337423313,,,238.657800594358,,,,,,,,,,4.13795932693207,,,,,,,,,,,,,,,,,,,,,,,,,241.0,17500.0,,,2.59,96.16,5.98290598290598,,6.38297872340426,14.15,172100.0,259600.0,310000.0,339900.0,419200.0,311200.0,261800.0,0.219375873311598,245300.0,311200.0,0.177004538577912,318700.0,,390300.0,0.13956204379562,1.476,1827.0,1827.0,,,1751.0,,1855.0,
91702-CA,2013,7,24163,6.53485568196901,,6.91065319612515,,,240.314205681552,,,236.858494312758,,,239.077813007096,,,,,,,,,,3.6975912267015,,,,,,,,,,,,,,,,,,,,,,,,,247.0,12499.5,,,1.75,97.23,5.73770491803279,,6.18556701030928,14.39,175100.0,264600.0,316500.0,349500.0,422600.0,318400.0,268100.0,0.24062933826932,252700.0,318400.0,0.182763744427935,325600.0,,399000.0,0.16224876201573,1.478,1833.0,1832.0,,,1755.0,,1860.0,
91702-CA,2013,8,24164,6.429421601896,,8.64047906697106,,,246.609926021691,,,241.837968561064,,,247.674418604651,,,,,,,,,,1.54083204930663,,,,,,,,,,,,,,,,,,,,,,,,,251.0,10000.0,,,1.37,97.84,6.97674418604651,,9.78260869565217,14.51,179400.0,269600.0,322600.0,357700.0,428700.0,325100.0,273400.0,0.257011494252874,260100.0,325100.0,0.192152548588192,332500.0,,408200.0,0.182845552013909,1.486,1844.0,1843.0,,,1762.0,,1871.0,
91702-CA,2013,9,24165,12.1432838017003,,9.92637675746851,,,252.008772032353,,,251.696142310477,,,252.948593390814,,,,,,,,,,2.5,,,,,,,,,,,,,,,,,,,,,,,,,255.0,10000.0,,,1.01,98.43,13.6,,10.5882352941176,14.75,188800.0,276100.0,328000.0,362200.0,441800.0,330500.0,279100.0,0.270368684569868,265800.0,330500.0,0.199637023593466,338000.0,,417200.0,0.204735778226971,1.494,1856.0,1855.0,,,1774.0,,1884.0,
91702-CA,2013,10,24166,4.49804906720793,,1.95247213250187,,,252.109799429613,,,252.9228252334,248.897290485192,,260.769230769231,,,,,,,,,,2.74099147873899,,,,,,,,,,,,,,,,,,,,,,,,,258.0,10000.0,,,0.97,98.75,6.61157024793388,,3.84615384615385,14.9,198100.0,282300.0,332200.0,363400.0,450300.0,334200.0,285400.0,0.284428442844284,268500.0,334200.0,0.202158273381295,340900.0,,424900.0,0.224142898300202,1.506,1866.0,1866.0,,,1782.0,,1900.0,
91702-CA,2013,11,24167,11.1636222512165,,12.1885650399081,,,258.899676375405,,,257.564575645756,243.826219512195,,275.154248043929,,,335000.0,,,330000.0,249000.0,,343000.0,1.59156191253222,,,,,,,,,,,,,,,,,,,,,,,,,260.0,5000.0,,,0.54,99.23,11.4285714285714,,13.2352941176471,15.26,203200.0,286600.0,335600.0,365400.0,454700.0,337100.0,290000.0,0.290609701824655,271000.0,337100.0,0.202211126961484,343000.0,,431900.0,0.229783599088838,1.514,1875.0,1875.0,,,1784.0,,1914.0,
91702-CA,2013,12,24168,8.95243191233034,,8.72655066812879,,,271.713322793498,,,268.248175182482,243.826219512195,,282.725851571499,,,349450.0,,,338000.0,289900.0,,349950.0,3.43796711509716,,,,,,,,,,,,,,,,,,,,,,,,,261.0,11500.0,,,0.46,99.28,7.4468085106383,,6.45161290322581,15.45,206000.0,288700.0,338500.0,367400.0,458900.0,339700.0,291800.0,0.279824561403509,274500.0,339700.0,0.205037247250798,345300.0,,432800.0,0.215730337078652,1.52,1875.0,1873.0,,,1776.0,,1917.0,
91702-CA,2014,1,24169,9.94114435994709,,8.97298407042136,,,269.691780821918,,,262.044034663442,241.101410342512,,282.13904256954,,,325000.0,,,323700.0,263500.0,,338500.0,2.54932301740813,,,,,,,,,,,,,,,,,,,,,,,,,262.0,6500.0,,,0.57,99.18,10.8910891089109,,9.23076923076923,15.56,210000.0,290000.0,341200.0,369600.0,464500.0,342800.0,292600.0,0.271068635968723,276800.0,342800.0,0.21045197740113,348200.0,,430400.0,0.202234636871508,1.522,1871.0,1869.0,,,1778.0,,1912.0,
91702-CA,2014,2,24170,14.2445277252803,,14.9044187242178,,,261.252252252252,,,254.901960784314,243.65224019088,,268.248175182482,,,339997.0,,,328000.0,291500.0,,339997.0,2.50689395838556,,,,,,,,,,,,,,,,,,,,,,,,,264.0,10000.0,,,0.62,99.03,14.0350877192982,,14.4736842105263,15.6,213700.0,290700.0,343700.0,372100.0,467600.0,345500.0,293600.0,0.260085836909871,277200.0,345500.0,0.207197763801537,350500.0,,428200.0,0.184836745987825,1.526,1872.0,1871.0,,,1781.0,,1911.0,
91702-CA,2014,3,24171,6.36967516869527,,8.07552396934656,,,260.318958890631,,,259.338521400778,243.478260869565,,275.890932791221,,,338000.0,,,319000.0,268000.0,,333500.0,4.4543429844098,,,,,,,,,,,,,,,,,,,,,,,,,266.0,14400.0,,,0.92,98.66,6.08695652173913,,8.33333333333333,15.86,214600.0,292700.0,346000.0,375100.0,468400.0,347800.0,295600.0,0.243061396131203,278600.0,347800.0,0.190280629705681,353100.0,,427900.0,0.162455854387395,1.524,1874.0,1873.0,,,1777.0,,1914.0,
91702-CA,2014,4,24172,11.6256719008687,,10.423793213831,,,267.261904761905,,,267.553213865051,247.058823529412,,284.396265560166,,,349999.0,,,330000.0,288000.0,,354999.0,3.49027792517128,,,,,,,,,,,,,,,,,,,,,,,,,268.0,19950.0,,,1.41,98.2,11.6071428571429,,10.1449275362319,15.93,214900.0,296300.0,347200.0,379200.0,472400.0,349500.0,298700.0,0.21719641401793,280800.0,349500.0,0.170070304653498,355800.0,,427200.0,0.139807897545358,1.53,1884.0,1881.0,,,1771.0,,1924.0,
91702-CA,2014,5,24173,8.7483563399136,,9.73938977729514,,,258.545034642032,,,265.09499263623,243.478260869565,,274.897679023434,,,349999.0,,,339990.0,288950.0,,360000.0,5.37788940619129,,,,,,,,,,,,,,,,,,,,,,,,,271.0,20400.0,,,3.42,95.92,7.07964601769912,,8.57142857142857,16.14,216500.0,298300.0,347800.0,382900.0,476800.0,350400.0,301300.0,0.18715524034673,284800.0,350400.0,0.149606299212598,357400.0,,430400.0,0.126406699816802,1.526,1883.0,1876.0,,,1765.0,,1925.0,
91702-CA,2014,6,24174,4.32854326645262,,3.32358504207231,,,262.868757775013,,,267.429364797676,262.626262626263,,272.177419354839,,,352000.0,,,339970.0,293950.0,,369450.0,5.92088209923114,,,,,,,,,,,,,,,,,,,,,,,,,272.0,27950.0,,,4.21,94.27,3.47826086956522,,2.94117647058824,16.27,217600.0,298400.0,347200.0,383300.0,477300.0,349800.0,302700.0,0.156226126814362,289200.0,349800.0,0.124035989717224,357000.0,,433900.0,0.111708941839611,1.526,1880.0,1872.0,,,1772.0,,1918.0,
91702-CA,2014,7,24175,10.1304840972696,,8.50286396359365,,,260.36036036036,263.362503147822,,269.617706237425,261.249940159893,,277.861445783133,,,355000.0,,,349900.0,299900.0,,379450.0,2.39006970306218,,,,,,,,,,,,,,,,,,,,,,,,,273.0,10000.0,,,6.64,91.6,9.33333333333333,,7.77777777777778,16.08,218100.0,298300.0,348000.0,381800.0,475800.0,350300.0,304400.0,0.135397239835882,293500.0,350300.0,0.100188442211055,357400.0,,437100.0,0.0954887218045113,1.522,1870.0,1865.0,,,1782.0,,1904.0,
91702-CA,2014,8,24176,13.4654162693527,,15.3527157321436,,,270.325203252033,263.527923368878,,270.263952977368,257.56752780101,,278.050248439012,,,365000.0,,,359000.0,329000.0,,370000.0,3.62446233632589,,,,,,,,,,,,,,,,,,,,,,,,,275.0,15106.0,,,6.99,90.22,14.0127388535032,,16.4948453608247,16.12,219000.0,298700.0,351200.0,382700.0,477200.0,353300.0,306300.0,0.12033650329188,295700.0,353300.0,0.0867425407566902,360000.0,,440700.0,0.0796178343949045,1.528,1874.0,1873.0,,,1803.0,,1903.0,
91702-CA,2014,9,24177,11.5867620625699,,10.9886269002441,,,275.844873473774,260.594985345109,,270.102970765771,252.69770879527,,278.23905109489,,,359000.0,,,355000.0,334900.0,,374900.0,2.61780089327692,,,,,,,,,,,,,,,,,,,,,,,,,278.0,10000.0,,,9.07,87.35,13.0434782608696,,11.6504854368932,16.07,222100.0,300800.0,354900.0,385700.0,479300.0,356800.0,308300.0,0.104621999283411,296700.0,356800.0,0.0795763993948563,363900.0,,445300.0,0.0673537871524449,1.538,1887.0,1889.0,,,1824.0,,1914.0,
91702-CA,2014,10,24178,15.0293359621312,,16.2881364681662,,,280.980392156863,257.03231978391,,273.185613815801,263.022872863827,,287.443919716647,,,350000.0,,,350000.0,309919.0,,375000.0,2.73136605514829,,,,,,,,,,,,,,,,,,,,,,,,,280.0,10050.0,,,11.02,84.36,17.1428571428571,,18.1818181818182,15.95,227200.0,305800.0,356800.0,388100.0,482200.0,358400.0,311700.0,0.0921513665031535,298400.0,358400.0,0.0724117295032914,367600.0,,447000.0,0.0520122381736879,1.552,1904.0,1906.0,,,1843.0,,1930.0,
91702-CA,2014,11,24179,10.592193679788,,9.69707257515364,,,277.572168763879,256.761268781302,,272.635312664214,265.315068493151,,275.313807531381,,,350000.0,,,354000.0,300000.0,,375000.0,2.23628153620654,,,,,,,,,,,,,,,,,,,,,,,,,280.0,8750.0,,,15.32,79.27,10.8571428571429,,10.7438016528926,15.92,231500.0,310500.0,356600.0,389300.0,485800.0,358200.0,315400.0,0.0875862068965517,301000.0,358200.0,0.0625927024621774,368100.0,,447900.0,0.0370456124102802,1.564,1921.0,1922.0,,,1849.0,,1948.0,
91702-CA,2014,12,24180,6.99342827974083,,7.72948321944843,,,277.142857142857,262.690609961496,,272.923439076337,268.501106754577,,275.058759582964,,,349975.0,,,350000.0,322495.0,,362500.0,1.87920520428199,,,,,,,,,,,,,,,,,,,,,,,,,281.0,10000.0,,,17.36,76.55,5.48780487804878,,5.45454545454545,16.07,232400.0,313800.0,355800.0,391600.0,489800.0,357800.0,317200.0,0.0870459218642906,300800.0,357800.0,0.0532823079187518,368000.0,,448100.0,0.0353512014787431,1.574,1932.0,1933.0,,,1855.0,,1957.0,
91702-CA,2015,1,24181,9.3948828372431,,10.2685306291258,,,275.190516511431,258.268622375611,,273.2785527127,262.872628726287,,275.313807531381,,,350000.0,,,358500.0,289900.0,,385000.0,2.46612466124662,,,,,,,,,,,,,,,,,,,,,,,,,282.0,9100.0,,,18.34,75.91,10.3448275862069,,10.5263157894737,16.09,233300.0,315400.0,356100.0,396400.0,496800.0,358500.0,318600.0,0.0888585099111415,299900.0,358500.0,0.0457992998833139,369800.0,,449400.0,0.0441449814126394,1.576,1937.0,1938.0,,,1866.0,,1959.0,
91702-CA,2015,2,24182,9.24558458429526,,10.5224776329576,,,276.333570412518,267.724277306785,,275.729646697389,266.76279740447,,287.785761904431,,,349500.0,,,359900.0,294450.0,,399000.0,2.63227165043433,,,,,,,,,,,,,,,,,,,,,,,,,285.0,10000.0,,,18.03,76.51,9.03614457831325,,10.0917431192661,16.06,234400.0,316600.0,357200.0,401000.0,504000.0,359400.0,320900.0,0.092983651226158,303000.0,359400.0,0.0402315484804631,371700.0,,451700.0,0.0548808967772069,1.584,1949.0,1948.0,,,1873.0,,1971.0,
91702-CA,2015,3,24183,10.2274700281716,,6.57979747362006,,,271.39598540146,267.534863283976,,271.39598540146,266.712921336247,,279.367011564212,,,364900.0,,,369900.0,327700.0,,399000.0,2.95470163560616,,,,,,,,,,,,,,,,,,,,,,,,,286.0,10056.0,,,17.2,76.94,9.94475138121547,,6.83760683760684,16.15,236400.0,317000.0,358300.0,402800.0,507700.0,360200.0,322400.0,0.0906630581867388,308100.0,360200.0,0.0356526739505463,371700.0,,453700.0,0.060294461322739,1.59,1957.0,1957.0,,,1883.0,,1980.0,
91702-CA,2015,4,24184,12.2525715969174,,12.5739476448122,,,266.76279740447,266.733769501761,,271.39598540146,266.748283453116,,276.098347440548,,,369250.0,,,370000.0,335500.0,,411250.0,2.92275574112735,,,,,,,,,,,,,,,,,,,,,,,,,287.0,10000.0,,,12.66,80.68,12.2340425531915,,12.2950819672131,16.13,238000.0,317300.0,361300.0,403300.0,506000.0,363000.0,322200.0,0.078674255105457,312500.0,363000.0,0.0386266094420601,373300.0,,454800.0,0.0646067415730337,1.6,1974.0,1977.0,,,1904.0,,2002.0,
91702-CA,2015,5,24185,11.9947972787362,,12.7382091397509,,,273.048112509252,268.54079497908,,273.140223831468,269.246271664651,,282.689001738962,,,385000.0,,,385000.0,333000.0,,425995.0,2.16754979458781,,,,,,,,,,,,,,,,,,,,,,,,,289.0,10000.0,,,10.12,82.19,10.3260869565217,,11.5702479338843,16.02,238900.0,318100.0,365500.0,405800.0,499000.0,367400.0,322400.0,0.0700298705609027,316600.0,367400.0,0.0485159817351598,376300.0,,456400.0,0.0604089219330855,1.608,1984.0,1993.0,,,1929.0,,2017.0,
91702-CA,2015,6,24186,12.7421742887793,,15.1365069321398,,,276.545792654579,266.74317617866,,273.048112509252,270.473887965895,,278.609543712992,,,393500.0,,,390000.0,344350.0,,429995.0,2.44331742243437,,,,,,,,,,,,,,,,,,,,,,,,,290.0,10000.0,,,10.18,82.35,11.8918918918919,,14.7540983606557,15.96,240400.0,320200.0,367500.0,408900.0,491200.0,369600.0,324400.0,0.0716881400726792,320000.0,369600.0,0.0566037735849057,377900.0,,457100.0,0.0534685411385112,1.622,2006.0,2018.0,,,1956.0,,2043.0,
91702-CA,2015,7,24187,13.9039468804411,,13.3176787784085,,,274.342814048696,265.649910641831,,272.79950762653,264.591439688716,,281.113195747342,,,379950.0,,,398000.0,349700.0,,429900.0,2.26950354609929,,,,,,,,,,,,,,,,,,,,,,,,,290.0,10000.0,,,8.96,82.83,13.1067961165049,,12.5925925925926,15.83,245100.0,322400.0,367800.0,410800.0,485700.0,370200.0,327200.0,0.0749014454664915,321700.0,370200.0,0.0568084499000856,379400.0,,456500.0,0.0443834362846031,1.636,2026.0,2036.0,,,1961.0,,2067.0,
91702-CA,2015,8,24188,11.2753375143717,,12.3330476762834,,,274.509803921569,270.508474576271,,274.676379074855,264.591439688716,,284.090909090909,,,398000.0,,,399450.0,345000.0,,429900.0,2.94206854716409,,,,,,,,,,,,,,,,,,,,,,,,,291.0,14000.0,,,8.74,82.86,11.8226600985222,,13.4751773049645,15.79,247600.0,324900.0,369000.0,412000.0,483800.0,371600.0,330200.0,0.0780280770486451,323800.0,371600.0,0.0517973393716388,382200.0,,456700.0,0.0363058770138416,1.65,2042.0,2050.0,,,1952.0,,2088.0,
91702-CA,2015,9,24189,7.33449259290908,,7.21215721138236,,,279.106858054226,271.441378491545,,274.040504648074,267.741559953434,,281.716906946265,,,379900.0,,,399999.0,357500.0,,429900.0,1.61579082867043,,,,,,,,,,,,,,,,,,,,,,,,,293.0,9975.5,,,10.72,79.16,8.79120879120879,,7.8740157480315,15.82,246000.0,327000.0,371500.0,414200.0,485700.0,374200.0,331900.0,0.0765488160882258,326800.0,374200.0,0.0487668161434978,384600.0,,458700.0,0.0300920727599371,1.656,2051.0,2059.0,,,1938.0,,2103.0,
91702-CA,2015,10,24190,13.4553410947231,,13.4909336709634,,,281.923714759536,269.92,,274.803711634547,267.972572594873,,278.192934782609,,,399000.0,,,399900.0,353750.0,,425000.0,2.31248646437423,,,,,,,,,,,,,,,,,,,,,,,,,294.0,10000.0,,,17.26,72.27,15.5688622754491,,15.3846153846154,15.83,243900.0,329100.0,374300.0,416200.0,490200.0,377100.0,333400.0,0.069618222649984,330700.0,377100.0,0.0521763392857143,385700.0,,461600.0,0.032662192393736,1.658,2052.0,2062.0,,,1938.0,,2105.0,
91702-CA,2015,11,24191,11.499756704998,,13.376347845338,,,289.198606271777,267.190569744597,,274.677462997844,269.160839160839,,276.96420805724,,,399000.0,,,415000.0,342499.5,,459900.0,2.35022313963023,,,,,,,,,,,,,,,,,,,,,,,,,296.0,15024.5,,,25.74,64.56,11.7647058823529,,14.4230769230769,15.81,244000.0,332000.0,377300.0,419300.0,494600.0,380400.0,335700.0,0.0643627140139505,334800.0,380400.0,0.0619765494137353,387000.0,,465900.0,0.0401875418620228,1.658,2053.0,2063.0,,,1948.0,,2101.0,
91702-CA,2015,12,24192,11.3740444543236,,10.6082710982363,,,289.3864013267,262.038774233896,,274.803711634547,266.986959505834,,276.074313793374,,,399900.0,,,400000.0,315000.0,,449950.0,2.5343600740813,,,,,,,,,,,,,,,,,,,,,,,,,299.0,10000.0,,,27.94,61.89,9.86842105263158,,8.33333333333333,15.81,248500.0,334200.0,379900.0,423800.0,501400.0,382900.0,337800.0,0.0649432534678436,337500.0,382900.0,0.0701509223029625,389400.0,,469200.0,0.0470877036375809,1.658,2057.0,2066.0,,,1959.0,,2101.0,
91702-CA,2016,1,24193,6.43260558660667,,6.5383313445065,,,292.537713253215,267.068273092369,,276.898734177215,279.867149758454,,276.834820055368,,,420999.5,,,399999.0,327499.5,,435000.0,3.37750064951936,,,,,,,,,,,,,,,,,,,,,,,,,302.0,13000.0,,,19.02,70.57,7.38255033557047,,6.79611650485437,15.93,256000.0,335200.0,382300.0,428100.0,509300.0,385100.0,338900.0,0.0637162586315129,338800.0,385100.0,0.0741980474198047,393100.0,,471700.0,0.0496217178460169,1.664,2061.0,2072.0,,,1970.0,,2108.0,
91702-CA,2016,2,24194,8.98136983054341,,8.83409585822931,,308.144392541111,304.958516134193,271.38896589964,,288.380872483221,280.138888888889,,291.259842519685,,290000.0,449950.0,,,425000.0,288694.0,,459900.0,1.99208907475339,,,,,,,,,,,,,,,,,,,,,,,,,305.0,8550.0,,,21.6,68.54,8.7719298245614,,8.40336134453782,15.82,260000.0,337200.0,384900.0,431700.0,513200.0,387600.0,340600.0,0.061389841071985,341200.0,387600.0,0.0784641068447412,397200.0,,475400.0,0.0524684525127297,1.668,2065.0,2077.0,,,1978.0,,2110.0,
91702-CA,2016,3,24195,13.6905398760064,,14.1421906360132,,299.043062200957,295.575203679062,281.849432794775,,291.044776119403,286.267617609599,,295.801526717557,,299000.0,427000.0,,,416999.0,307000.0,,450000.0,2.15486132590988,,,,,,,,,,,,,,,,,,,,,,,,,308.0,12000.0,,,20.4,70.83,13.4078212290503,,14.4,15.94,259500.0,340000.0,388300.0,434400.0,514500.0,390700.0,343600.0,0.0657568238213399,343900.0,390700.0,0.0846751804553026,400200.0,,481100.0,0.0603923297333039,1.67,2066.0,2078.0,,,1996.0,,2106.0,
91702-CA,2016,4,24196,8.48413750933435,,8.24988017035271,,302.441340978647,305.500595947557,281.790671320282,,292.846693741539,291.09739575493,,294.123304828362,,290000.0,434900.0,,,430700.0,312000.0,,466695.0,2.79047160574792,,,,,,,,,,,,,,,,,,,,,,,,,310.0,19000.0,,,18.78,73.43,8.46560846560847,,7.97101449275362,15.84,264400.0,342000.0,391800.0,435600.0,518600.0,393600.0,346800.0,0.0763500931098696,345200.0,393600.0,0.084297520661157,401800.0,,485900.0,0.0683817062445031,1.678,2073.0,2083.0,,,2011.0,,2106.0,
91702-CA,2016,5,24197,10.9951351926808,,11.5846278725332,,308.144392541111,304.867146628308,278.15458267978,,295.801526717557,291.481168564787,,301.108374384236,,289950.0,447900.0,,,450000.0,330000.0,,473490.0,2.33406272793582,,,,,,,,,,,,,,,,,,,,,,,,,311.0,10000.0,,,6.31,89.28,9.32642487046632,,10.4166666666667,15.94,274100.0,342500.0,393300.0,434600.0,522500.0,394400.0,348600.0,0.0812655086848635,344500.0,394400.0,0.0734893848666304,402200.0,,487700.0,0.0685801928133216,1.692,2085.0,2095.0,,,2030.0,,2118.0,
91702-CA,2016,6,24198,7.51694906355407,,5.49189762257896,,308.755760368664,304.801829268293,288.228239009391,,302.395820722392,291.245789965864,,304.025115664243,,289950.0,439900.0,,,458000.0,349900.0,,480150.0,2.20332969630841,,,,,,,,,,,,,,,,,,,,,,,,,314.0,10505.0,,,6.35,88.55,6.66666666666667,,5.10948905109489,15.91,282300.0,345200.0,396600.0,439800.0,532700.0,397300.0,349700.0,0.0779901356350185,343600.0,397300.0,0.0749458874458874,408200.0,,495400.0,0.0837891052286152,1.706,2103.0,2114.0,,,2039.0,,2139.0,
91702-CA,2016,7,24199,8.91897817510373,,8.87323433396402,,304.516108232509,299.608355091384,271.570613869755,,290.647661709978,291.229444009397,,288.706020546309,,309450.0,439990.0,,,464990.0,344900.0,,511490.0,1.48402685050104,,,,,,,,,,,,,,,,,,,,,,,,,318.0,8000.0,,,4.48,92.31,8.12182741116751,,8.14814814814815,16.39,283900.0,349700.0,401200.0,447300.0,545000.0,402200.0,351800.0,0.0751833740831296,343800.0,402200.0,0.0864397622906537,415700.0,,506000.0,0.108433734939759,1.714,2115.0,2127.0,,,2056.0,,2149.0,
91702-CA,2016,8,24200,9.50052430580164,,8.78694838550328,,306.425769989858,293.128493923611,279.945119198855,,293.288888888889,291.574317964294,,302.09617755857,,325000.0,447000.0,,,459990.0,361250.0,,514030.0,2.50344541022474,,,,,,,,,,,,,,,,,,,,,,,,,319.0,11194.0,,,4.79,91.7,10.0478468899522,,9.9290780141844,16.31,282700.0,352700.0,403200.0,448900.0,548000.0,404500.0,354900.0,0.0748031496062992,345400.0,404500.0,0.0885360602798708,416900.0,,508100.0,0.112546529450405,1.718,2122.0,2130.0,,,2068.0,,2150.0,
91702-CA,2016,9,24201,8.06709332550981,,9.06036368557308,,305.300849806724,292.803298611111,281.849432794775,,294.185244771317,293.427230046948,,296.89679993135,,308000.0,439495.0,,,459000.0,335000.0,,517015.0,3.42962459262454,,,,,,,,,,,,,,,,,,,,,,,,,318.0,20000.0,,,3.87,92.58,9.52380952380952,,9.72222222222222,16.21,281700.0,352700.0,401800.0,446100.0,540400.0,403600.0,356600.0,0.0744200060259114,347700.0,403600.0,0.0785676109032603,414200.0,,504600.0,0.100065402223676,1.72,2128.0,2133.0,,,2078.0,,2150.0,
91702-CA,2016,10,24202,6.97738791018314,,8.49592867595841,,307.692307692308,304.025115664243,282.827721405735,,297.643797643798,295.774647887324,,303.424691723335,,290000.0,459000.0,,,464990.0,339000.0,,528000.0,2.47255464345763,,,,,,,,,,,,,,,,,,,,,,,,,319.0,18100.0,,,4.36,91.93,9.09090909090909,,10.3896103896104,16.11,281200.0,352900.0,402300.0,448400.0,535900.0,404500.0,357400.0,0.0719856028794241,351100.0,404500.0,0.0726597719437815,414700.0,,506300.0,0.0968370883882149,1.728,2132.0,2135.0,,,2093.0,,2154.0,
91702-CA,2016,11,24203,8.54562350986976,,8.89115912101884,,314.046082949309,296.973203410475,277.710600564289,,295.943861046135,296.332399171439,,294.83728041693,,305000.0,460000.0,,,479940.0,352925.0,,519000.0,3.29896907216495,,,,,,,,,,,,,,,,,,,,,,,,,321.0,16000.0,,,5.0,91.22,8.81057268722467,,9.93788819875776,16.16,278500.0,354100.0,404400.0,451300.0,533300.0,406400.0,359200.0,0.0700029788501638,354300.0,406400.0,0.0683491062039958,416500.0,,507400.0,0.0890749087787079,1.734,2139.0,2142.0,,,2096.0,,2164.0,
91702-CA,2016,12,24204,7.97328509323433,,9.51177987016614,,326.514399205561,297.736297198538,286.811352253756,,298.771121351767,298.818624044475,,298.499390986602,,334950.0,460000.0,,,471445.0,350000.0,,508800.0,2.24971878515186,,,,,,,,,,,,,,,,,,,,,,,,,323.0,20000.0,,,5.47,90.35,6.46766169154229,,7.23684210526316,16.21,273100.0,356100.0,407100.0,454200.0,536700.0,408900.0,360600.0,0.0674955595026643,354700.0,408900.0,0.0679028466962653,419400.0,,506100.0,0.0786445012787724,1.74,2151.0,2155.0,,,2095.0,,2178.0,
91702-CA,2017,1,24205,14.8663817816484,,13.122496529793,,333.134693509073,298.499390986602,277.710600564289,,301.014150756477,296.163186012628,,307.862058683493,,344450.0,419000.0,,,439994.0,354950.0,,480545.0,3.47905282331512,,,,,,,,,,,,,,,,,,,,,,,,,324.0,15100.0,,,5.85,89.8,15.8163265306122,,13.3802816901408,16.14,268000.0,357800.0,409700.0,458400.0,539900.0,411700.0,361100.0,0.0655060489820006,352200.0,411700.0,0.0690729680602441,422400.0,,505800.0,0.0722917108331567,1.748,2170.0,2173.0,,,2095.0,,2197.0,
91702-CA,2017,2,24206,10.0455055797525,,8.18267249818762,,338.364779874214,304.620054717364,281.696090286175,,307.862058683493,296.608271996873,,315.62302340291,,342000.0,439000.0,,,460000.0,351000.0,,498660.0,2.22469410456062,,,,,,,,,,,,,,,,,,,,,,,,,326.0,9112.0,,,6.07,89.32,9.83606557377049,,7.75193798449612,16.02,267800.0,360000.0,412500.0,463600.0,538600.0,414800.0,362500.0,0.0642982971227246,350900.0,414800.0,0.0701754385964912,424800.0,,507400.0,0.0673117374842238,1.76,2189.0,2192.0,,,2102.0,,2217.0,
91702-CA,2017,3,24207,9.65771864695613,,8.89712021347801,,346.121281464531,307.863501483679,281.696090286175,,304.700162074554,293.44512195122,,309.464728819568,,352000.0,445000.0,,,468000.0,369900.0,,487070.0,2.12121212121212,,,,,,,,,,,,,,,,,,,,,,,,,329.0,10000.0,,,5.32,89.83,9.375,,9.15492957746479,16.03,269000.0,361800.0,414700.0,467100.0,537100.0,417400.0,365200.0,0.0628637951105937,351700.0,417400.0,0.0683388789352444,427800.0,,510400.0,0.0609020993556433,1.774,2211.0,2213.0,,,2113.0,,2238.0,
91702-CA,2017,4,24208,15.3190754918133,,16.4327118314452,,343.834384167726,299.136573321355,285.005879735571,,299.136573321355,293.44512195122,,304.700162074554,,350500.0,442000.0,,,476500.0,399900.0,,499000.0,3.27088404665321,,,,,,,,,,,,,,,,,,,,,,,,,331.0,19556.0,,,4.56,90.66,15.3005464480874,,16.1538461538462,15.99,268100.0,363600.0,414700.0,467800.0,540900.0,418200.0,368200.0,0.0617070357554787,353900.0,418200.0,0.0625,430400.0,,514400.0,0.0586540440419839,1.784,2226.0,2228.0,,,2122.0,,2251.0,
91702-CA,2017,5,24209,6.1022078591603,,6.61013807661487,,336.225596529284,297.191011235955,277.710600564289,,294.979079497908,295.318066593587,,294.979079497908,,349000.0,469900.0,,,472990.0,389949.5,,495000.0,2.20446403968035,,,,,,,,,,,,,,,,,,,,,,,,,331.0,12000.0,,,4.3,91.75,4.43349753694581,,5.4421768707483,16.0,269100.0,366200.0,414400.0,468300.0,545600.0,418700.0,371700.0,0.0662650602409639,356100.0,418700.0,0.0616125760649087,431700.0,,519300.0,0.0647939306950994,1.796,2240.0,2241.0,,,2129.0,,2261.0,
91702-CA,2017,6,24210,8.61727268814954,,7.73534974795466,,313.247684215426,297.788309636651,285.32744524929,,294.817634051508,293.365670516246,,298.187381549831,,342500.0,445000.0,,,466500.0,391499.5,,496250.0,2.26588235294118,,,,,,,,,,,,,,,,,,,,,,,,,331.0,10000.0,,,3.99,92.1,7.76699029126214,,7.35294117647059,16.11,273100.0,366800.0,415500.0,468500.0,546500.0,419900.0,374100.0,0.0697740920789248,357400.0,419900.0,0.0568839667757362,431700.0,,522000.0,0.0536939846588615,1.8,2244.0,2244.0,,,2134.0,,2263.0,
91702-CA,2017,7,24211,6.56638153316699,,7.44150409626364,,340.050893743793,304.832360019245,286.046511627907,,303.030303030303,293.286219081272,,313.70569340872,,348000.0,432250.0,,,449000.0,388800.0,,478000.0,2.67779393802948,,,,,,,,,,,,,,,,,,,,,,,,,333.0,15000.0,,,13.6,76.85,5.76923076923077,,6.71641791044776,16.16,276900.0,366600.0,418600.0,468700.0,544300.0,422600.0,374900.0,0.0656623081296191,358600.0,422600.0,0.0507210343112879,432300.0,,522500.0,0.0326086956521739,1.806,2245.0,2245.0,,,2140.0,,2265.0,
91702-CA,2017,8,24212,12.2967141130972,,11.1866374946066,,353.434343434343,303.476070429514,286.444878340803,,301.500571398888,295.639320029564,,309.297912713472,,369900.0,441999.5,,,449900.0,386900.0,,485000.0,1.76904176904177,,,,,,,,,,,,,,,,,,,,,,,,,336.0,9900.0,,,6.73,86.65,12.8440366972477,,12.3287671232877,16.24,279300.0,369700.0,422000.0,470900.0,545600.0,425900.0,376200.0,0.0600169061707523,360600.0,425900.0,0.0529048207663782,435600.0,,525200.0,0.0336547923637079,1.81,2243.0,2244.0,,,2153.0,,2267.0,
91702-CA,2017,9,24213,10.7260249184516,,11.656982043061,,354.024570649285,309.798007847251,286.117036246749,,301.328502415459,295.639320029564,,310.218263287429,,389900.0,430000.0,,,449900.0,382499.5,,481495.0,2.36848789250274,,,,,,,,,,,,,,,,,,,,,,,,,339.0,12000.0,,,4.94,90.52,12.1827411167513,,12.3188405797101,16.36,280900.0,374000.0,424900.0,474200.0,549800.0,428500.0,378400.0,0.0611329220415031,362300.0,428500.0,0.0616947472745292,439700.0,,529400.0,0.0491478398731669,1.816,2245.0,2246.0,,,2166.0,,2272.0,
91702-CA,1996,4,23956,,,,,,,,,,,,,,,,,,,,,,,,,,,,,,,,,,,,,,,,,,,,,,,102.0,,,,,,,,,,,102800.0,134600.0,141600.0,174100.0,133500.0,108900.0,,107400.0,133500.0,,135800.0,,158500.0,,,,,,,,,,
91702-CA,1996,5,23957,,,,,,,,,,,,,,,,,,,,,,,,,,,,,,,,,,,,,,,,,,,,,,,102.0,,,,,,,,,,,101700.0,134200.0,140200.0,171400.0,132900.0,108100.0,,105400.0,132900.0,,135300.0,,156200.0,,,,,,,,,,
91702-CA,1996,6,23958,,,,,,,,,,,,,,,,,,,,,,,,,,,,,,,,,,,,,,,,,,,,,,,102.0,,,,,,,,,,,100800.0,133200.0,139900.0,168100.0,132000.0,106400.0,,103800.0,132000.0,,134600.0,,154300.0,,,,,,,,,,
91702-CA,1996,7,23959,,,,,,,,,,,,,,,,,,,,,,,,,,,,,,,,,,,,,,,,,,,,,,,101.0,,,,,,,,,,,99200.0,131600.0,139300.0,163200.0,130700.0,104000.0,,102600.0,130700.0,,133700.0,,153000.0,,,,,,,,,,
91702-CA,1996,8,23960,,,,,,,,,,,,,,,,,,,,,,,,,,,,,,,,,,,,,,,,,,,,,,,101.0,,,,,,,,,,,97900.0,130000.0,138800.0,158700.0,129600.0,102600.0,,101500.0,129600.0,,132700.0,,152800.0,,,,,,,,,,
91702-CA,1996,9,23961,,,,,,,,,,,,,,,,,,,,,,,,,,,,,,,,,,,,,,,,,,,,,,,100.0,,,,,,,,,,,97600.0,128400.0,138600.0,156100.0,128500.0,102600.0,,100300.0,128500.0,,131600.0,,152800.0,,,,,,,,,,
91702-CA,1996,10,23962,,,,,,,,,,,,,,,,,,,,,,,,,,,,,,,,,,,,,,,,,,,,,,,100.0,,,,,,,,,,,98600.0,126900.0,138600.0,154700.0,127400.0,102300.0,,99500.0,127400.0,,130300.0,,152600.0,,,,,,,,,,
91702-CA,1996,11,23963,,,,,,,,,,,,,,,,,,,,,,,,,,,,,,,,,,,,,,,,,,,,,,,100.0,,,,,,,,,,,99400.0,126400.0,139000.0,154500.0,126800.0,101700.0,,99400.0,126800.0,,129900.0,,152900.0,,,,,,,,,,
91702-CA,1996,12,23964,,,,,,,,,,,,,,,,,,,,,,,,,,,,,,,,,,,,,,,,,,,,,,,100.0,,,,,,,,,,,99600.0,126700.0,139500.0,154300.0,126900.0,101600.0,,99100.0,126900.0,,130200.0,,153300.0,,,,,,,,,,
91702-CA,1997,1,23965,,,,,,,,,,,,,,,,,,,,,,,,,,,,,,,,,,,,,,,,,,,,,,,100.0,,,,,,,,,,,100000.0,127300.0,140300.0,154300.0,127700.0,102100.0,,98700.0,127700.0,,130900.0,,153700.0,,,,,,,,,,
91702-CA,1997,2,23966,,,,,,,,,,,,,,,,,,,,,,,,,,,,,,,,,,,,,,,,,,,,,,,100.0,,,,57.87,33.37,,,,,,101300.0,127800.0,141200.0,155900.0,128300.0,102900.0,,98400.0,128300.0,,131600.0,,154600.0,,,,,,,,,,
91702-CA,1997,3,23967,,,,,,,,,,,,,,,,,,,,,,,,,,,,,,,,,,,,,,,,,,,,,,,100.0,,,,37.95,49.45,,,,,,103200.0,128300.0,142000.0,159100.0,128600.0,103800.0,,98400.0,128600.0,,132100.0,,155900.0,,,,,,,,,,
91702-CA,1997,4,23968,,,,,,,,,,,,,,,,,,,,,,,,,,,,,,,,,,,,,,,,,,,,,,,101.0,,,,36.7,51.9,,,,,,105200.0,128400.0,142500.0,161900.0,128900.0,104900.0,-0.0367309458218549,98200.0,128900.0,-0.0344569288389513,132400.0,,157200.0,-0.0082018927444795,,,,,,,,,
91702-CA,1997,5,23969,,,,,,,,,,,,,,,,,,,,,,,,,,,,,,,,,,,,,,,,,,,,,,,101.0,,,,39.12,49.0,,,,,,105700.0,128400.0,143000.0,165000.0,129200.0,105300.0,-0.0259019426456984,97700.0,129200.0,-0.0278404815650865,132700.0,,158500.0,0.0147247119078105,,,,,,,,,
91702-CA,1997,6,23970,,,,,,,,,,,,,,,,,,,,,,,,,,,,,,,,,,,,,,,,,,,,,,,101.0,,,,40.86,48.13,,,,,,104800.0,128700.0,143600.0,167800.0,129600.0,105100.0,-0.012218045112782,97700.0,129600.0,-0.0181818181818182,133000.0,,159700.0,0.0349967595593001,,,,,,,,,
91702-CA,1997,7,23971,,,,,,,,,,,,,,,,,,,,,,,,,,,,,,,,,,,,,,,,,,,,,,,102.0,,,,38.44,51.58,,,,,,103100.0,129300.0,144000.0,170300.0,130100.0,104300.0,0.00288461538461538,98700.0,130100.0,-0.00459066564651875,133300.0,,160800.0,0.0509803921568627,,,,,,,,,
91702-CA,1997,8,23972,,,,,,,,,,,,,,,,,,,,,,,,,,,,,,,,,,,,,,,,,,,,,,,103.0,,,,23.23,67.09,,,,,,101900.0,129500.0,143700.0,172300.0,130200.0,103900.0,0.0126705653021442,100700.0,130200.0,0.00462962962962963,133300.0,,161700.0,0.0582460732984293,,,,,,,,,
91702-CA,1997,9,23973,,,,,,,,,,,,,,,,,,,,,,,,,,,,,,,,,,,,,,,,,,,,,,,103.0,,,,32.2,56.94,,,,,,101100.0,129700.0,143800.0,173900.0,130400.0,104100.0,0.0146198830409357,102600.0,130400.0,0.0147859922178988,133400.0,,162600.0,0.0641361256544503,,,,,,,,,
91702-CA,1997,10,23974,,,,,,,,,,,,,,,,,,,,,,,,,,,,,,,,,,,,,,,,,,,,,,,103.0,,,,33.88,56.44,,,,,,100300.0,130600.0,144700.0,174500.0,131400.0,104600.0,0.0224828934506354,103500.0,131400.0,0.0313971742543171,134400.0,,163000.0,0.0681520314547838,,,,,,,,,
91702-CA,1997,11,23975,,,,,,,,,,,,,,,,,,,,,,,,,,,,,,,,,,,,,,,,,,,,,,,104.0,,,,33.64,56.34,,,,,,99600.0,131600.0,146000.0,174500.0,132600.0,104600.0,0.0285152409046214,103000.0,132600.0,0.0457413249211356,135600.0,,163200.0,0.0673642903858731,,,,,,,,,
91702-CA,1997,12,23976,,,,,,,,,,,,,,,,,,,,,,,,,,,,,,,,,,,,,,,,,,,,,,,105.0,,,,34.04,55.94,,,,,,99300.0,132500.0,147300.0,173600.0,133500.0,104300.0,0.0265748031496063,102600.0,133500.0,0.0520094562647754,136600.0,,163500.0,0.0665362035225049,,,,,,,,,
91702-CA,1998,1,23977,,,,,,,,,,,,,,,,,,,,,,,,,,,,,,,,,,,,,,,,,,,,,,,105.0,,,,41.25,47.02,,,,,,99400.0,133600.0,148000.0,172500.0,134400.0,104200.0,0.0205680705190989,103400.0,134400.0,0.0524667188723571,137800.0,,164100.0,0.0676642810670137,,,,,,,,,
91702-CA,1998,2,23978,,,,,,,,,,,,,,,,,,,,,,,,,,,,,,,,,,,,,,,,,,,,,,,106.0,,,,45.64,42.28,,,,,,100000.0,134100.0,147900.0,172500.0,134800.0,104800.0,0.0184645286686103,104400.0,134800.0,0.0506625097427903,138800.0,,164800.0,0.0659767141009056,,,,,,,,,
91702-CA,1998,3,23979,,,,,,,,,,,,,,,,,,,,,,,,,,,,,,,,,,,,,,,,,,,,,,,106.0,,,,44.86,43.33,,,,,,101100.0,133700.0,147600.0,173400.0,134500.0,105700.0,0.0183044315992293,104700.0,134500.0,0.0458786936236392,138900.0,,165300.0,0.0602950609364978,,,,,,,,,
91702-CA,1998,4,23980,,,,,,,,,,,,,,,,,,,,,,,,,,,,,,,,,,,,,,,,,,,,,,,105.0,,,,48.01,40.09,,,,,,101500.0,132900.0,147600.0,173900.0,133900.0,105800.0,0.00857959961868446,105000.0,133900.0,0.0387897595034911,138400.0,,165200.0,0.0508905852417303,,,,,,,,,
91702-CA,1998,5,23981,,,,,,,,,,,,,,,,,,,,,,,,,,,,,,,,,,,,,,,,,,,,,,,105.0,,,,47.34,42.44,,,,,,101600.0,132200.0,147400.0,173800.0,133200.0,106200.0,0.00854700854700855,105900.0,133200.0,0.0309597523219814,137900.0,,164900.0,0.0403785488958991,,,,,,,,,
91702-CA,1998,6,23982,,,,,,,,,,,,,,,,,,,,,,,,,,,,,,,,,,,,,,,,,,,,,,,105.0,,,,40.23,49.22,,,,,,102700.0,131600.0,146900.0,174200.0,132800.0,107400.0,0.021883920076118,106700.0,132800.0,0.0246913580246914,137500.0,,164600.0,0.0306825297432686,,,,,,,,,
91702-CA,1998,7,23983,,,,,,,,,,,,,,,,,,,,,,,,,,,,,,,,,,,,,,,,,,,,,,,105.0,,,,31.05,57.56,,,,,,104800.0,131800.0,146800.0,175300.0,133200.0,109300.0,0.0479386385426654,107100.0,133200.0,0.0238278247501922,137400.0,,163800.0,0.0186567164179104,,,,,,,,,
91702-CA,1998,8,23984,,,,,,,,,,,,,,,,,,,,,,,,,,,,,,,,,,,,,,,,,,,,,,,105.0,,,,44.9,41.71,,,,,,107200.0,133300.0,147300.0,177700.0,134500.0,110800.0,0.0664100096246391,106400.0,134500.0,0.033026113671275,138100.0,,163500.0,0.0111317254174397,,,,,,,,,
91702-CA,1998,9,23985,,,,,,,,,,,,,,,,,,,,,,,,,,,,,,,,,,,,,,,,,,,,,,,106.0,,,,49.63,35.16,,,,,,110100.0,135700.0,148400.0,180200.0,136300.0,112400.0,0.079731027857829,105300.0,136300.0,0.0452453987730061,139900.0,,164500.0,0.0116851168511685,,,,,,,,,
91702-CA,1998,10,23986,,,,,,,,,,,,,,,,,,,,,,,,,,,,,,,,,,,,,,,,,,,,,,,107.0,,,,44.46,39.24,,,,,,112400.0,138000.0,149400.0,182000.0,137900.0,114000.0,0.0898661567877629,105000.0,137900.0,0.0494672754946728,141800.0,,166400.0,0.0208588957055215,,,,,,,,,
91702-CA,1998,11,23987,,,,,,,,,,,,,,,,,,,,,,,,,,,,,,,,,,,,,,,,,,,,,,,108.0,,,,41.3,45.26,,,,,,112600.0,139300.0,150300.0,182300.0,138900.0,114900.0,0.0984703632887189,105000.0,138900.0,0.0475113122171946,142600.0,,167800.0,0.0281862745098039,,,,,,,,,
91702-CA,1998,12,23988,,,,,,,,,,,,,,,,,,,,,,,,,,,,,,,,,,,,,,,,,,,,,,,108.0,,,,43.88,44.84,,,,,,110600.0,139500.0,150700.0,181000.0,139000.0,113800.0,0.0910834132310642,104400.0,139000.0,0.0411985018726592,142300.0,,168400.0,0.0299694189602446,,,,,,,,,
91702-CA,1999,1,23989,,,,,,,,,,,,,,,,,,,,,,,,,,,,,,,,,,,,,,,,,,,,,,,109.0,,,,35.73,51.27,,,,,,108500.0,139100.0,149500.0,179800.0,138600.0,112000.0,0.0748560460652591,104100.0,138600.0,0.03125,141900.0,,168700.0,0.0280316879951249,,,,,,,,,
91702-CA,1999,2,23990,,,,,,,,,,,,,,,,,,,,,,,,,,,,,,,,,,,,,,,,,,,,,,,109.0,,,,27.2,63.01,,,,,,107000.0,138900.0,148100.0,180900.0,138500.0,111300.0,0.0620229007633588,104800.0,138500.0,0.0274480712166172,141900.0,,169900.0,0.0309466019417476,,,,,,,,,
91702-CA,1999,3,23991,,,,,,,,,,,,,,,,,,,,,,,,,,,,,,,,,,,,,,,,,,,,,,,110.0,,,,29.36,61.85,,,,,,105700.0,139000.0,148400.0,182400.0,138800.0,111400.0,0.053926206244087,106400.0,138800.0,0.0319702602230483,141800.0,,170900.0,0.0338777979431337,,,,,,,,,
91702-CA,1999,4,23992,,,,,,,,,,,,,,,,,,,,,,,,,,,,,,,,,,,,,,,,,,,,,,,110.0,,,,21.28,69.2,,,,,,105400.0,139200.0,149700.0,183800.0,139100.0,111300.0,0.0519848771266541,108100.0,139100.0,0.0388349514563107,142000.0,,171200.0,0.036319612590799,,,,,,,,,
91702-CA,1999,5,23993,,,,,,,,,,,,,,,,,,,,,,,,,,,,,,,,,,,,,,,,,,,,,,,110.0,,,,19.7,72.13,,,,,,106100.0,140100.0,150600.0,185400.0,140100.0,111600.0,0.0508474576271186,109300.0,140100.0,0.0518018018018018,143000.0,,172000.0,0.0430563978168587,,,,,,,,,
91702-CA,1999,6,23994,,,,,,,,,,,,,,,,,,,,,,,,,,,,,,,,,,,,,,,,,,,,,,,111.0,,,,16.89,75.6,,,,,,106700.0,141300.0,151500.0,188100.0,141200.0,112200.0,0.0446927374301676,110800.0,141200.0,0.0632530120481928,144300.0,,173600.0,0.054678007290401,,,,,,,,,
91702-CA,1999,7,23995,,,,,,,,,,,,,,,,,,,,,,,,,,,,,,,,,,,,,,,,,,,,,,,111.0,,,,17.56,72.81,,,,,,107000.0,142000.0,152600.0,189700.0,141500.0,112800.0,0.0320219579139982,111900.0,141500.0,0.0623123123123123,145000.0,,174600.0,0.0659340659340659,,,,,,,,,
91702-CA,1999,8,23996,,,,,,,,,,,,,,,,,,,,,,,,,,,,,,,,,,,,,,,,,,,,,,,111.0,,,,15.04,75.62,,,,,,107900.0,141800.0,153800.0,189200.0,141100.0,113200.0,0.0216606498194946,112300.0,141100.0,0.0490706319702602,145000.0,,175100.0,0.0709480122324159,,,,,,,,,
91702-CA,1999,9,23997,,,,,,,,,,,,,,,,,,,,,,,,,,,,,,,,,,,,,,,,,,,,,,,111.0,,,,11.02,82.36,,,,,,108500.0,141000.0,155000.0,188400.0,140500.0,113400.0,0.00889679715302491,112900.0,140500.0,0.0308143800440205,144600.0,,175800.0,0.068693009118541,,,,,,,,,
91702-CA,1999,10,23998,,,,,,,,,,,,,,,,,,,,,,,,,,,,,,,,,,,,,,,,,,,,,,,112.0,,,,13.6,79.96,,,,,,109200.0,140500.0,155800.0,188000.0,140400.0,114200.0,0.00175438596491228,114200.0,140400.0,0.0181290790427846,144200.0,,176900.0,0.0631009615384615,,,,,,,,,
91702-CA,1999,11,23999,,,,,,,,,,,,,,,,,,,,,,,,,,,,,,,,,,,,,,,,,,,,,,,113.0,,,,17.12,75.11,,,,,,111700.0,140900.0,156900.0,187900.0,141200.0,116300.0,0.0121845082680592,116200.0,141200.0,0.0165586753059755,145200.0,,177900.0,0.0601907032181168,,,,,,,,,
91702-CA,1999,12,24000,,,,,,,,,,,,,,,,,,,,,,,,,,,,,,,,,,,,,,,,,,,,,,,114.0,,,,11.32,83.1,,,,,,115500.0,141900.0,158600.0,189100.0,142600.0,119100.0,0.046572934973638,118400.0,142600.0,0.0258992805755396,147100.0,,179200.0,0.0641330166270784,,,,,,,,,
91702-CA,2000,1,24001,,,,,,,,,,,,,,,,,,,,,,,,,,,,,,,,,,,,,,,,,,,,,,,115.0,,,,10.54,83.48,,,,,,119200.0,143500.0,160900.0,191000.0,144500.0,121600.0,0.0857142857142857,119300.0,144500.0,0.0425685425685426,149200.0,,180700.0,0.0711321873147599,,,,,,,,,
91702-CA,2000,2,24002,,,,,,,,,,,,,,,,,,,,,,,,,,,,,,,,,,,,,,,,,,,,,,,116.0,,,,17.88,74.08,,,,,,121700.0,145500.0,162900.0,192300.0,146400.0,123600.0,0.110512129380054,119400.0,146400.0,0.0570397111913357,150900.0,,182000.0,0.0712183637433785,,,,,,,,,
91702-CA,2000,3,24003,,,,,,,,,,,,,,,,,,,,,,,,,,,,,,,,,,,,,,,,,,,,,,,118.0,,,,19.85,72.25,,,,,,124000.0,147300.0,164700.0,192800.0,148400.0,125500.0,0.12657091561939,119900.0,148400.0,0.069164265129683,152700.0,,183600.0,0.0743124634289058,,,,,,,,,
91702-CA,2000,4,24004,,,,,,,,,,,,,,,,,,,,,,,,,,,,,,,,,,,,,,,,,,,,,,,120.0,,,,19.12,74.71,,,,,,127500.0,148800.0,166500.0,193500.0,150100.0,127600.0,0.146451033243486,120700.0,150100.0,0.0790797987059669,154500.0,,186400.0,0.088785046728972,,,,,,,,,
91702-CA,2000,5,24005,,,,,,,,,,,,,,,,,,,,,,,,,,,,,,,,,,,,,,,,,,,,,,,122.0,,,,21.07,72.6,,,,,,130500.0,149900.0,167200.0,194300.0,151500.0,129000.0,0.155913978494624,121500.0,151500.0,0.0813704496788009,155900.0,,188700.0,0.097093023255814,,,,,,,,,
91702-CA,2000,6,24006,,,,,,,,,,,,,,,,,,,,,,,,,,,,,,,,,,,,,,,,,,,,,,,123.0,,,,18.64,75.04,,,,,,130700.0,150700.0,167300.0,196100.0,152600.0,129700.0,0.155971479500891,122500.0,152600.0,0.0807365439093484,156700.0,,190700.0,0.0985023041474654,,,,,,,,,
91702-CA,2000,7,24007,,,,,,,,,,,,,,,,,,,,,,,,,,,,,,,,,,,,,,,,,,,,,,,123.0,,,,13.32,81.97,,,,,,129700.0,151500.0,168200.0,200300.0,153600.0,130300.0,0.155141843971631,123500.0,153600.0,0.0855123674911661,157700.0,,193400.0,0.107674684994273,,,,,,,,,
91702-CA,2000,8,24008,,,,,,,,,,,,,,,,,,,,,,,,,,,,,,,,,,,,,,,,,,,,,,,124.0,,,,11.99,83.55,,,,,103200.0,129400.0,152900.0,169700.0,206300.0,154800.0,130900.0,0.156360424028269,124000.0,154800.0,0.0970942593905032,158900.0,,196200.0,0.120502569960023,,,,,,,,,
91702-CA,2000,9,24009,,,,,,,,,,,,,,,,,,,,,,,,,,,,,,,,,,,,,,,,,,,,,,,124.0,,,,10.67,84.42,,,,,104600.0,129800.0,154300.0,170500.0,211500.0,156100.0,131400.0,0.158730158730159,124900.0,156100.0,0.111032028469751,160200.0,,197700.0,0.12457337883959,,,,,,,,,
91702-CA,2000,10,24010,,,,,,,,,,,,,,,,,,,,,,,,,,,,,,,,,,,,,,,,,,,,,,,125.0,,,,8.23,88.95,,,,,106200.0,130700.0,155400.0,171600.0,217100.0,157300.0,132300.0,0.158493870402802,126000.0,157300.0,0.12037037037037,161100.0,,198700.0,0.123233465234596,,,,,,,,,
91702-CA,2000,11,24011,,,,,,,,,,,,,,,,,,,,,,,,,,,,,,,,,,,,,,,,,,,,,,,126.0,,,,6.87,90.6,,,,,108600.0,131500.0,156600.0,173000.0,224200.0,158600.0,133200.0,0.145313843508169,127100.0,158600.0,0.123229461756374,162200.0,,199100.0,0.119168071950534,,,,,,,,,
91702-CA,2000,12,24012,,,,,,,,,,,,,,,,,,,,,,,,,,,,,,,,,,,,,,,,,,,,,,,128.0,,,,6.57,90.97,,,,,111400.0,132300.0,158800.0,174300.0,229200.0,160300.0,134500.0,0.129303106633081,128400.0,160300.0,0.124123422159888,164100.0,,200000.0,0.116071428571429,,,,,,,,,
91702-CA,2001,1,24013,,,,,,,,,,,,,,,,,,,,,,,,,,,,,,,,,,,,,,,,,,,,,,,129.0,,,,3.66,94.91,,,,,113400.0,133400.0,161000.0,176200.0,230200.0,162400.0,136400.0,0.121710526315789,130100.0,162400.0,0.123875432525952,166500.0,,202000.0,0.117874930824571,,,,,,,,,
91702-CA,2001,2,24014,,,,,,,,,,,,,,,,,,,,,,,,,,,,,,,,,,,,,,,,,,,,,,,131.0,,,,2.15,96.83,,,,,116100.0,134800.0,162700.0,179200.0,228600.0,164300.0,138200.0,0.118122977346278,132300.0,164300.0,0.122267759562842,168600.0,,204500.0,0.123626373626374,,,,,,,,,
91702-CA,2001,3,24015,,,,,,,,,,,,,,,,,,,,,,,,,,,,,,,,,,,,,,,,,,,,,,,132.0,,,,2.4,96.68,,,,,118800.0,136600.0,164500.0,182300.0,226500.0,166500.0,139900.0,0.114741035856574,134800.0,166500.0,0.121967654986523,171000.0,,206300.0,0.12363834422658,,,,,,,,,
91702-CA,2001,4,24016,,,,,,,,,,,,,,,,,,,,,,,,,,,,,,,,,,,,,,,,,,,,,,,134.0,,,,1.33,97.58,,,,,121200.0,138700.0,166700.0,185400.0,222900.0,169000.0,141900.0,0.112068965517241,137300.0,169000.0,0.125916055962692,173500.0,,208600.0,0.119098712446352,,,,,,,,,
91702-CA,2001,5,24017,,,,,,,,,,,,,,,,,,,,,,,,,,,,,,,,,,,,,,,,,,,,,,,136.0,,,,0.38,99.19,,,,,122600.0,141100.0,169000.0,188600.0,221400.0,171100.0,144400.0,0.11937984496124,139100.0,171100.0,0.129372937293729,175600.0,,211400.0,0.120296767355591,,,,,,,,,
91702-CA,2001,6,24018,,,,,,,,,,,,,,,,,,,,,,,,,,,,,,,,,,,,,,,,,,,,,,,137.0,,,,1.06,98.42,,,,,123600.0,144200.0,171200.0,190900.0,224200.0,172700.0,147300.0,0.135697764070933,140500.0,172700.0,0.131716906946265,177400.0,,213900.0,0.121657052962769,,,,,,,,,
91702-CA,2001,7,24019,,,,,,,,,,,,,,,,,,,,,,,,,,,,,,,,,,,,,,,,,,,,,,,138.0,,,,1.21,98.19,,,,,124100.0,147100.0,173400.0,192400.0,226100.0,174600.0,149900.0,0.150422102839601,141600.0,174600.0,0.13671875,179100.0,,214600.0,0.109617373319545,,,,,,,,,
91702-CA,2001,8,24020,,,,,,,,,,,,,,,,,,,,,,,,,,,,,,,,,,,,,,,,,,,,,,,140.0,,,,0.71,98.85,,,,,124800.0,148800.0,175600.0,194200.0,225900.0,176900.0,151500.0,0.157372039724981,142600.0,176900.0,0.142764857881137,180600.0,,214500.0,0.0932721712538226,,,,,,,,,
91702-CA,2001,9,24021,,,,,,,,,,,,,,,,,,,,,,,,,,,,,,,,,,,,,,,,,,,,,,,141.0,,,,0.54,98.97,,,,,124600.0,149000.0,177900.0,196100.0,229400.0,179100.0,152300.0,0.159056316590563,144300.0,179100.0,0.147341447789878,182900.0,,216100.0,0.0930703085483055,,,,,,,,,
91702-CA,2001,10,24022,,,,,,,,,,,,,,,,,,,,,,,,,,,,,,,,,,,,,,,,,,,,,,,143.0,,,,1.27,97.66,,,,,123900.0,148400.0,179800.0,197700.0,234200.0,180800.0,152400.0,0.151927437641723,146900.0,180800.0,0.149396058486968,185300.0,,219100.0,0.102667337695018,,,,,,,,,
91702-CA,2001,11,24023,,,,,,,,,,,,,,,,,,,,,,,,,,,,,,,,,,,,,,,,,,,,,,,144.0,,,,1.28,97.91,,,,,123600.0,148400.0,180600.0,199300.0,236700.0,182100.0,152500.0,0.144894894894895,149600.0,182100.0,0.148171500630517,186800.0,,222200.0,0.116022099447514,,,,,,,,,
91702-CA,2001,12,24024,,,,,,,,,,,,,,,,,,,,,,,,,,,,,,,,,,,,,,,,,,,,,,,145.0,,,,1.18,98.15,,,,,123200.0,148700.0,181200.0,201200.0,239000.0,183000.0,152700.0,0.135315985130112,152000.0,183000.0,0.141609482220836,187300.0,,225100.0,0.1255,,,,,,,,,
91702-CA,2002,1,24025,,,,,,,,,,,,,,,,,,,,,,,,,,,,,,,,,,,,,,,,,,,,,,,146.0,,,,1.01,98.84,,,,,123800.0,149400.0,182300.0,203600.0,244000.0,184200.0,153600.0,0.126099706744868,155000.0,184200.0,0.13423645320197,188300.0,,227800.0,0.127722772277228,,,,,,,,,
91702-CA,2002,2,24026,,,,,,,,,,,,,,,,,,,,,,,,,,,,,,,,,,,,,,,,,,,,,,,148.0,,,,1.55,97.99,,,,,125200.0,151300.0,184400.0,206800.0,249400.0,186000.0,155000.0,0.121562952243126,157500.0,186000.0,0.132075471698113,190500.0,,230600.0,0.127628361858191,,,,,,,,,
91702-CA,2002,3,24027,,,,,,,,,,,,,,,,,,,,,,,,,,,,,,,,,,,,,,,,,,,,,,,150.0,,,,1.74,97.37,,,,,124100.0,153500.0,187500.0,210300.0,254800.0,188600.0,157100.0,0.122944960686204,159100.0,188600.0,0.132732732732733,193500.0,,234100.0,0.134755210857974,,,,,,,,,
91702-CA,2002,4,24028,,,,,,,,,,,,,,,,,,,,,,,,,,,,,,,,,,,,,,,,,,,,,,,153.0,,,,1.88,97.57,,,,,122300.0,154400.0,191400.0,213000.0,261200.0,191900.0,159000.0,0.120507399577167,161400.0,191900.0,0.135502958579882,197000.0,,237500.0,0.138542665388303,,,,,,,,,
91702-CA,2002,5,24029,,,,,,,,,,,,,,,,,,,,,,,,,,,,,,,,,,,,,,,,,,,,,,,155.0,,,,2.17,97.15,,,,,122300.0,154800.0,194300.0,215400.0,267300.0,194800.0,160800.0,0.113573407202216,164700.0,194800.0,0.138515488018703,200400.0,,240200.0,0.136234626300851,,,,,,,,,
91702-CA,2002,6,24030,,,,,,,,,,,,,,,,,,,,,,,,,,,,,,,,,,,,,,,,,,,,,,,157.0,,,,1.62,97.89,,,,,124300.0,156300.0,195900.0,218200.0,266600.0,196900.0,162300.0,0.10183299389002,167400.0,196900.0,0.140127388535032,203300.0,,241600.0,0.129499766245909,,,,,,,,,
91702-CA,2002,7,24031,,,,,,,,,,,,,,,,,,,,,,,,,,,,,,,,,,,,,,,,,,,,,,,159.0,,,,1.25,98.32,,,,,129400.0,159200.0,197800.0,220900.0,265400.0,199200.0,165100.0,0.101400933955971,169300.0,199200.0,0.140893470790378,205900.0,,243000.0,0.132339235787512,,,,,,,,,
91702-CA,2002,8,24032,,,,,,,,,,,,,,,,,,,,,,,,,,,,,,,,,,,,,,,,,,,,,,,161.0,,,,0.18,99.68,,,,,136400.0,162600.0,200500.0,223600.0,268000.0,202300.0,168600.0,0.112871287128713,170800.0,202300.0,0.143583945732052,209200.0,,246000.0,0.146853146853147,,,,,,,,,
91702-CA,2002,9,24033,,,,,,,,,,,,,,,,,,,,,,,,,,,,,,,,,,,,,,,,,,,,,,,164.0,,,,0.22,99.7,,,,,142400.0,166700.0,203100.0,227300.0,269700.0,205700.0,171900.0,0.128693368351937,172200.0,205700.0,0.148520379676159,212300.0,,251000.0,0.161499305876909,,,,,,,,,
91702-CA,2002,10,24034,,,,,,,,,,,,,,,,,,,,,,,,,,,,,,,,,,,,,,,,,,,,,,,167.0,,,,0.23,99.64,,,,,148400.0,171100.0,206200.0,231600.0,270700.0,209200.0,175200.0,0.149606299212598,174000.0,209200.0,0.157079646017699,215900.0,,256300.0,0.169785486079416,,,,,,,,,
91702-CA,2002,11,24035,,,,,,,,,,,,,,,,,,,,,,,,,,,,,,,,,,,,,,,,,,,,,,,170.0,,,,0.19,99.62,,,,,152500.0,175200.0,210800.0,235100.0,276000.0,213300.0,179000.0,0.173770491803279,177400.0,213300.0,0.171334431630972,219800.0,,262900.0,0.183168316831683,,,,,,,,,
91702-CA,2002,12,24036,,,,,,,,,,,,,,,,,,,,,,,,,,,,,,,,,,,,,,,,,,,,,,,172.0,,,,0.22,99.73,,,,,153700.0,178400.0,215700.0,238000.0,285900.0,217400.0,182700.0,0.196463654223969,181800.0,217400.0,0.187978142076503,223600.0,,270900.0,0.203465126610395,,,,,,,,,
91702-CA,2003,1,24037,,,,,,,,,,,,,,,,,,,,,,,,,,,,,,,,,,,,,,,,,,,,,,,175.0,,,,0.22,99.64,,,,,154300.0,180900.0,219800.0,241200.0,294400.0,221300.0,186100.0,0.211588541666667,186100.0,221300.0,0.201411509229099,226900.0,,277900.0,0.219929762949956,,,,,,,,,
91702-CA,2003,2,24038,,,,,,,,,,,,,,,,,,,,,,,,,,,,,,,,,,,,,,,,,,,,,,,178.0,,,,0.16,99.6,,,,,155400.0,183500.0,223200.0,244200.0,300300.0,225000.0,188800.0,0.218064516129032,189700.0,225000.0,0.209677419354839,230400.0,,280000.0,0.214223764093669,,,,,,,,,
91702-CA,2003,3,24039,,,,,,,,,,,,,,,,,,,,,,,,,,,,,,,,,,,,,,,,,,,,,,,181.0,,,,0.56,99.3,,,,,157000.0,186900.0,226300.0,247200.0,307700.0,228500.0,191400.0,0.218332272437938,192800.0,228500.0,0.211558854718982,234400.0,,281300.0,0.201623237932507,,,,,,,,,
91702-CA,2003,4,24040,,,,,,,,,,,,,,,,,,,,,,,,,,,,,,,,,,,,,,,,,,,,,,,185.0,,,,0.56,99.17,,,,,160000.0,190000.0,229600.0,250900.0,316600.0,232100.0,194700.0,0.224528301886792,195600.0,232100.0,0.209484106305367,238400.0,,285300.0,0.201263157894737,,,,,,,,,
91702-CA,2003,5,24041,,,,,,,,,,,,,,,,,,,,,,,,,,,,,,,,,,,,,,,,,,,,,,,188.0,,,,0.08,99.71,,,,,162900.0,192400.0,233100.0,255300.0,319700.0,235600.0,197500.0,0.228233830845771,197100.0,235600.0,0.209445585215606,241400.0,,290100.0,0.20774354704413,,,,,,,,,
91702-CA,2003,6,24042,,,,,,,,,,,,,,,,,,,,,,,,,,,,,,,,,,,,,,,,,,,,,,,191.0,,,,0.27,99.43,,,,,166800.0,196000.0,237000.0,260500.0,323400.0,239400.0,200100.0,0.232902033271719,198700.0,239400.0,0.215845606907059,244400.0,,293600.0,0.21523178807947,,,,,,,,,
91702-CA,2003,7,24043,,,,,,,,,,,,,,,,,,,,,,,,,,,,,,,,,,,,,,,,,,,,,,,194.0,,,,0.08,99.81,,,,,169700.0,200400.0,241000.0,265300.0,330500.0,243300.0,203300.0,0.23137492428831,201200.0,243300.0,0.221385542168675,248100.0,,297200.0,0.223045267489712,,,,,,,,,
91702-CA,2003,8,24044,,,,,,,,,,,,,,,,,,,,,,,,,,,,,,,,,,,,,,,,,,,,,,,197.0,,,,0.36,99.31,,,,,171400.0,204500.0,245100.0,269700.0,337600.0,247200.0,207300.0,0.229537366548043,205600.0,247200.0,0.22194760257044,252400.0,,301700.0,0.226422764227642,,,,,,,,,
91702-CA,2003,9,24045,,,,,,,,,,,,,,,,,,,,,,,,,,,,,,,,,,,,,,,,,,,,,,,201.0,,,,0.82,99.0,,,,,172300.0,208000.0,249800.0,274700.0,344700.0,251700.0,211100.0,0.22803955788249,211100.0,251700.0,0.22362664073894,257200.0,,306500.0,0.221115537848606,,,,,,,,,
91702-CA,2003,10,24046,,,,,,,,,,,,,,,,,,,,,,,,,,,,,,,,,,,,,,,,,,,,,,,205.0,,,,0.74,99.05,,,,,174800.0,212200.0,255100.0,279200.0,352700.0,256700.0,214700.0,0.225456621004566,215400.0,256700.0,0.227055449330784,263000.0,,311600.0,0.215762777994538,,,,,,,,,
91702-CA,2003,11,24047,,,,,,,,,,,,,,,,,,,,,,,,,,,,,,,,,,,,,,,,,,,,,,,209.0,,,,0.82,99.05,,,,,180500.0,217000.0,259700.0,283000.0,357400.0,261500.0,218800.0,0.222346368715084,217700.0,261500.0,0.225972808251289,269000.0,,316500.0,0.203879802206162,,,,,,,,,
91702-CA,2003,12,24048,,,,,,,,,,,,,,,,,,,,,,,,,,,,,,,,,,,,,,,,,,,,,,,214.0,,,,0.66,99.21,,,,,190100.0,223400.0,264200.0,288300.0,361100.0,266700.0,224400.0,0.22824302134647,220700.0,266700.0,0.226770929162833,275300.0,,321800.0,0.187892211148025,,,,,,,,,
91702-CA,2004,1,24049,,,,,,,,,,,,,,,,,,,,,,,,,,,,,,,,,,,,,,,,,,,,,,,219.0,,,,0.65,99.27,,,,,198200.0,229600.0,271200.0,295900.0,367800.0,274000.0,229800.0,0.23481998925309,225600.0,274000.0,0.238138273836421,282500.0,,328800.0,0.183159409859662,,,,,,,,,
91702-CA,2004,2,24050,,,,,,,,,,,,,,,,,,,,,,,,,,,,,,,,,,,,,,,,,,,,,,,223.0,,,,0.08,99.86,,,,,201500.0,233300.0,280000.0,303000.0,377300.0,282200.0,234700.0,0.243114406779661,231700.0,282200.0,0.254222222222222,289400.0,,338500.0,0.208928571428571,,,,,,,,,
91702-CA,2004,3,24051,,,,,,,,,,,,,,,,,,,,,,,,,,,,,,,,,,,,,,,,,,,,,,,229.0,,,,0.1,99.84,,,,,203000.0,236500.0,286900.0,308800.0,387300.0,288500.0,240000.0,0.253918495297806,237700.0,288500.0,0.262582056892779,294300.0,,349300.0,0.241734802701742,,,,,,,,,
91702-CA,2004,4,24052,,,,,,,,,,,,,,,,,,,,,,,,,,,,,,,,,,,,,,,,,,,,,,,233.0,,,,0.11,99.84,,,,,204900.0,241400.0,291200.0,315700.0,399300.0,292700.0,245800.0,0.262455059065229,243700.0,292700.0,0.261094355881086,298500.0,,359300.0,0.25937609533824,,,,,,,,,
91702-CA,2004,5,24053,,,,,,,,,,,,,,,,,,,,,,,,,,,,,,,,,,,,,,,,,,,,,,,238.0,,,,0.05,99.93,,,,,207300.0,247000.0,296900.0,324100.0,415500.0,298500.0,251600.0,0.273924050632911,250800.0,298500.0,0.266977928692699,304700.0,,368700.0,0.270941054808687,,,,,,,,,
91702-CA,2004,6,24054,,,,,,,,,,,,,,,,,,,,,,,,,,,,,,,,,,,,,,,,,,,,,,,245.0,,,,0.02,99.92,,,,,210800.0,253600.0,305300.0,333100.0,431800.0,307200.0,258800.0,0.293353323338331,258200.0,307200.0,0.283208020050125,313900.0,,379900.0,0.293937329700272,,,,,,,,,
91702-CA,2004,7,24055,,,,,,,,,,,,,,,,,,,,,,,,,,,,,,,,,,,,,,,,,,,,,,,253.0,,,,0.06,99.93,,,,,214700.0,260500.0,315300.0,342600.0,444300.0,317200.0,267100.0,0.313821938022627,264900.0,317200.0,0.30374023838882,324600.0,,392400.0,0.320323014804845,,,,,,,,,
91702-CA,2004,8,24056,,,,,,,,,,,,,,,,,,,,,,,,,,,,,,,,,,,,,,,,,,,,,,,260.0,,,,0.06,99.91,,,,,218300.0,266300.0,325100.0,352200.0,451900.0,327200.0,275200.0,0.327544621321756,271400.0,327200.0,0.323624595469256,335500.0,,403500.0,0.337421279416639,,,,,,,,,
91702-CA,2004,9,24057,,,,,,,,,,,,,,,,,,,,,,,,,,,,,,,,,,,,,,,,,,,,,,,267.0,,,,0.06,99.94,,,,,223000.0,272100.0,333400.0,359700.0,457000.0,335500.0,282100.0,0.336333491236381,276100.0,335500.0,0.332936034962257,343800.0,,410800.0,0.340293637846656,,,,,,,,,
91702-CA,2004,10,24058,,,,,,,,,,,,,,,,,,,,,,,,,,,,,,,,,,,,,,,,,,,,,,,271.0,,,,0.04,99.95,,,,,227300.0,278600.0,340500.0,365400.0,462400.0,342200.0,288700.0,0.344666977177457,280400.0,342200.0,0.333073626801714,349600.0,,416100.0,0.335365853658537,,,,,,,,,
91702-CA,2004,11,24059,,,,,,,,,,,,,,,,,,,,,,,,,,,,,,,,,,,,,,,,,,,,,,,276.0,,,,0.03,99.97,,,,,230700.0,286400.0,346700.0,372200.0,468000.0,348100.0,295900.0,0.352376599634369,287100.0,348100.0,0.331166347992352,354900.0,,422100.0,0.333649289099526,,,,,,,,,
91702-CA,2004,12,24060,,,,,,,,,,,,,,,,,,,,,,,,,,,,,,,,,,,,,,,,,,,,,,,281.0,,,,0.02,99.96,,,,,234400.0,294200.0,352700.0,380200.0,472900.0,353800.0,303500.0,0.352495543672014,293200.0,353800.0,0.326584176977878,360400.0,,429200.0,0.333747669359851,,,,,,,,,
91702-CA,2005,1,24061,,,,,,,,,,,,,,,,,,,,,,,,,,,,,,,,,,,,,,,,,,,,,,,285.0,,,,0.03,99.96,,,,,238400.0,299700.0,357600.0,385700.0,477800.0,357900.0,310300.0,0.350304612706701,295600.0,357900.0,0.306204379562044,365000.0,,434100.0,0.320255474452555,,,,,,,,,
91702-CA,2005,2,24062,,,,,,,,,,,,,,,,,,,,,,,,,,,,,,,,,,,,,,,,,,,,,,,289.0,,,,0.04,99.95,,,,,242300.0,304700.0,361100.0,390000.0,480300.0,361100.0,316600.0,0.348956114188326,297400.0,361100.0,0.279588944011339,368900.0,,439000.0,0.296898079763663,,,,,,,,,
91702-CA,2005,3,24063,,,,,,,,,,,,,,,,,,,,,,,,,,,,,,,,,,,,,,,,,,,,,,,292.0,,,,0.07,99.93,,,,,248600.0,310400.0,364100.0,394700.0,480600.0,364400.0,322300.0,0.342916666666667,301100.0,364400.0,0.263084922010399,372300.0,,443700.0,0.270254795304895,,,,,,,,,
91702-CA,2005,4,24064,,,,,,,,,,,,,,,,,,,,,,,,,,,,,,,,,,,,,,,,,,,,,,,296.0,,,,0.07,99.89,,,,,255500.0,316100.0,369600.0,399400.0,484500.0,369900.0,327000.0,0.330349877949553,305300.0,369900.0,0.263751281175265,377100.0,,446200.0,0.241859170609519,,,,,,,,,
91702-CA,2005,5,24065,,,,,,,,,,,,,,,,,,,,,,,,,,,,,,,,,,,,,,,,,,,,,,,301.0,,,,0.11,99.88,,,,,262000.0,321500.0,378300.0,404700.0,491100.0,378400.0,332200.0,0.320349761526232,310200.0,378400.0,0.267671691792295,385300.0,,449100.0,0.21806346623271,,,,,,,,,
91702-CA,2005,6,24066,,,,,,,,,,,,,,,,,,,,,,,,,,,,,,,,,,,,,,,,,,,,,,,306.0,,,,0.17,99.7,,,,,266800.0,325500.0,387800.0,411500.0,497700.0,387600.0,337600.0,0.304482225656878,315600.0,387600.0,0.26171875,394800.0,,457000.0,0.202948144248486,,,,,,,,,
91702-CA,2005,7,24067,,,,,,,,,,,,,,,,,,,,,,,,,,,,,,,,,,,,,,,,,,,,,,,312.0,,,,0.2,99.66,,,,,268900.0,328500.0,395100.0,419200.0,506800.0,394700.0,341500.0,0.278547360539124,323000.0,394700.0,0.244325346784363,402700.0,,469100.0,0.195463812436289,,,,,,,,,
91702-CA,2005,8,24068,,,,,,,,,,,,,,,,,,,,,,,,,,,,,,,,,,,,,,,,,,,,,,,316.0,,,,0.17,99.74,,,,,269400.0,333400.0,400500.0,427500.0,519000.0,400500.0,345500.0,0.255450581395349,334600.0,400500.0,0.224022004889976,409300.0,,479400.0,0.188104089219331,,,,,,,,,
91702-CA,2005,9,24069,,,,,,,,,,,,,,,,,,,,,,,,,,,,,,,,,,,,,,,,,,,,,,,320.0,,,,0.11,99.8,,,,,273900.0,340900.0,405600.0,435200.0,529900.0,406100.0,352600.0,0.249911378943637,346600.0,406100.0,0.21043219076006,415500.0,,484900.0,0.180379746835443,,,,,,,,,
91702-CA,2005,10,24070,,,,,,,,,,,,,,,,,,,,,,,,,,,,,,,,,,,,,,,,,,,,,,,325.0,,,,0.33,99.49,,,,,282200.0,345900.0,410100.0,442700.0,537200.0,411300.0,360000.0,0.246969172151022,354600.0,411300.0,0.201928696668615,420900.0,,489900.0,0.177361211247296,,,,,,,,,
91702-CA,2005,11,24071,,,,,,,,,,,,,,,,,,,,,,,,,,,,,,,,,,,,,,,,,,,,,,,331.0,,,,0.26,99.52,,,,,288600.0,349300.0,415100.0,452200.0,545600.0,417400.0,365600.0,0.235552551537682,359600.0,417400.0,0.199080723929905,426600.0,,497000.0,0.177446102819237,,,,,,,,,
91702-CA,2005,12,24072,,,,,,,,,,,,,,,,,,,,,,,,,,,,,,,,,,,,,,,,,,,,,,,335.0,,,,0.16,99.71,,,,,291600.0,353600.0,420300.0,460500.0,556700.0,423500.0,369600.0,0.217792421746293,361900.0,423500.0,0.197003957037875,433500.0,,500200.0,0.16542404473439,,,,,,,,,
91702-CA,2006,1,24073,,,,,,,,,,,,,,,,,,,,,,,,,,,,,,,,,,,,,,,,,,,,,,,339.0,,,,0.2,99.65,,,,,295400.0,359300.0,423600.0,465800.0,568000.0,427600.0,372200.0,0.19948436996455,361500.0,427600.0,0.194747136071528,439400.0,,499800.0,0.151347615756738,,,,,,,,,
91702-CA,2006,2,24074,,,,,,,,,,,,,,,,,,,,,,,,,,,,,,,,,,,,,,,,,,,,,,,342.0,,,,0.21,99.55,,,,,300100.0,363800.0,426500.0,470700.0,573900.0,430800.0,374300.0,0.182248894504106,361700.0,430800.0,0.193021323733038,444200.0,,500500.0,0.140091116173121,,,,,,,,,
91702-CA,2006,3,24075,,,,,,,,,,,,,,,,,,,,,,,,,,,,,,,,,,,,,,,,,,,,,,,345.0,,,,0.16,99.5,,,,,303100.0,367100.0,430700.0,476500.0,576800.0,434700.0,376300.0,0.167545764815389,363500.0,434700.0,0.192919868276619,449200.0,,503800.0,0.135451881902186,,,,,,,,,
91702-CA,2006,4,24076,,,,,,,,,,,,,,,,,,,,,,,,,,,,,,,,,,,,,,,,,,,,,,,348.0,,,,0.28,99.42,,,,,304000.0,368900.0,434100.0,480700.0,579500.0,437500.0,377900.0,0.15565749235474,364700.0,437500.0,0.182752095160854,452800.0,,508200.0,0.138951142985208,,,,,,,,,
91702-CA,2006,5,24077,,,,,,,,,,,,,,,,,,,,,,,,,,,,,,,,,,,,,,,,,,,,,,,351.0,,,,0.54,98.85,,,,,307400.0,372100.0,436000.0,484000.0,585600.0,439100.0,381000.0,0.146899458157736,366600.0,439100.0,0.160412262156448,454400.0,,515200.0,0.147183255399688,,,,,,,,,
91702-CA,2006,6,24078,,,,,,,,,,,,,,,,,,,,,,,,,,,,,,,,,,,,,,,,,,,,,,,355.0,,,,0.7,98.4,,,,,310800.0,378500.0,439200.0,488300.0,592200.0,441900.0,384900.0,0.14010663507109,370200.0,441900.0,0.140092879256966,456500.0,,523200.0,0.144857768052516,,,,,,,,,
91702-CA,2006,7,24079,,,,,,,,,,,,,,,,,,,,,,,,,,,,,,,,,,,,,,,,,,,,,,,358.0,,,,0.69,98.89,,,,,312200.0,385400.0,443800.0,492600.0,597000.0,446000.0,388200.0,0.136749633967789,372800.0,446000.0,0.129972130732202,459600.0,,530300.0,0.130462587934342,,,,,,,,,
91702-CA,2006,8,24080,,,,,,,,,,,,,,,,,,,,,,,,,,,,,,,,,,,,,,,,,,,,,,,360.0,,,,0.88,98.43,,,,,312600.0,390200.0,447600.0,493700.0,599900.0,448600.0,391400.0,0.132850940665702,372100.0,448600.0,0.120099875156055,462000.0,,535200.0,0.11639549436796,,,,,,,,,
91702-CA,2006,9,24081,,,,,,,,,,,,,,,,,,,,,,,,,,,,,,,,,,,,,,,,,,,,,,,361.0,,,,1.4,97.42,,,,,311900.0,391700.0,449600.0,493200.0,600600.0,449500.0,394100.0,0.11769710720363,371200.0,449500.0,0.106870229007634,464100.0,,538400.0,0.110332027222108,,,,,,,,,
91702-CA,2006,10,24082,,,,,,,,,,,,,,,,,,,,,,,,,,,,,,,,,,,,,,,,,,,,,,,361.0,,,,2.51,94.93,,,,,306800.0,392700.0,451000.0,493300.0,599700.0,450300.0,395700.0,0.0991666666666667,370100.0,450300.0,0.0948212983223924,465100.0,,538600.0,0.0994080424576444,,,,,,,,,
91702-CA,2006,11,24083,,,,,,,,,,,,,,,,,,,,,,,,,,,,,,,,,,,,,,,,,,,,,,,361.0,,,,4.11,92.41,,,,,301900.0,391400.0,451700.0,492600.0,598700.0,450600.0,394500.0,0.0790481400437637,367800.0,450600.0,0.0795400095831337,464800.0,,537000.0,0.0804828973843058,,,,,,,,,
91702-CA,2006,12,24084,,,,,,,,,,,,,,,,,,,,,,,,,,,,,,,,,,,,,,,,,,,,,,,360.0,,,,6.36,86.15,,,,,300100.0,386400.0,450900.0,489800.0,599100.0,450000.0,389400.0,0.0535714285714286,365700.0,450000.0,0.0625737898465171,464600.0,,533700.0,0.0669732107157137,,,,,,,,,
91702-CA,2007,1,24085,,,,,,,,,,,,,,,,,,,,,,,,,,,,,,,,,,,,,,,,,,,,,,,359.0,,,,8.38,80.33,,,,,302200.0,381100.0,449600.0,487800.0,600700.0,450400.0,385300.0,0.0351961311123052,365300.0,450400.0,0.0533208606173994,465300.0,,530700.0,0.0618247298919568,,,,,,,,,
91702-CA,2007,2,24086,,,,,,,,,,,,,,,,,,,,,,,,,,,,,,,,,,,,,,,,,,,,,,,359.0,,,,12.54,73.18,,,,,305100.0,379200.0,449000.0,488700.0,605000.0,451500.0,385000.0,0.0285866951643067,365000.0,451500.0,0.048050139275766,466300.0,,530500.0,0.0599400599400599,,,,,,,,,
91702-CA,2007,3,24087,,,,,,,,,,,,,,,,,,,,,,,,,,,,,,,,,,,,,,,,,,,,,,,359.0,,,,17.96,61.96,,,,,305400.0,378400.0,449000.0,490100.0,604600.0,452000.0,384900.0,0.0228541057666755,364000.0,452000.0,0.039797561536692,467000.0,,531600.0,0.055180627233029,,,,,,,,,
91702-CA,2007,4,24088,,,,,,,,,,,,,,,,,,,,,,,,,,,,,,,,,,,,,,,,,,,,,,,358.0,,,,28.3,47.08,,,,,304300.0,378600.0,448800.0,490000.0,598800.0,452500.0,384100.0,0.0164064567345859,363800.0,452500.0,0.0342857142857143,467600.0,,530700.0,0.0442739079102715,,,,,,,,,
91702-CA,2007,5,24089,,,,,,,,,,,,,,,,,,,,,,,,,,,,,,,,,,,,,,,,,,,,,,,356.0,,,,41.61,35.77,,,,,303700.0,377500.0,447900.0,488300.0,587600.0,451800.0,383100.0,0.00551181102362205,363800.0,451800.0,0.0289227966294694,466700.0,,526900.0,0.0227096273291925,,,,,,,,,
91702-CA,2007,6,24090,,,,,,,,,,,,,,,,,,,,,,,,,,,,,,,,,,,,,,,,,,,,,,,354.0,,,,64.37,19.76,,,,,301600.0,375100.0,445400.0,485500.0,576300.0,449000.0,381500.0,-0.00883346323720447,364000.0,449000.0,0.0160669834804254,464200.0,,521200.0,-0.00382262996941896,,,,,,,,,
91702-CA,2007,7,24091,,,,,,,,,,,,,,,,,,,,,,,,,,,,,,,,,,,,,,,,,,,,,,,351.0,,,,78.06,10.58,,,,,298400.0,372500.0,441600.0,481500.0,565100.0,445300.0,379600.0,-0.0221535291087069,363800.0,445300.0,-0.0015695067264574,460500.0,,514500.0,-0.0297944559683198,,,,,,,,,
91702-CA,2007,8,24092,,,,,,,,,,,,,,,,,,,,,,,,,,,,,,,,,,,,,,,,,,,,,,,349.0,,,,85.71,7.38,,,,,295700.0,369500.0,437000.0,477300.0,558700.0,441700.0,376900.0,-0.0370464997445069,362400.0,441700.0,-0.0153811859117254,455800.0,,508800.0,-0.0493273542600897,,,,,,,,,
91702-CA,2007,9,24093,,,,,,,,,,,,,,,,,,,,,,,,,,,,,,,,,,,,,,,,,,,,,,,345.0,,,,88.9,6.15,,,,,292600.0,364400.0,431800.0,473100.0,555900.0,437400.0,373000.0,-0.0535397107333164,358700.0,437400.0,-0.0269187986651835,450200.0,,505200.0,-0.0616641901931649,,,,,,,,,
91702-CA,2007,10,24094,,,,,,,,,,,,,,,,,,,,,,,,,,,,,,,,,,,,,,,,,,,,,,,341.0,,,,91.46,4.69,,,,,288100.0,359700.0,427100.0,469100.0,554400.0,432500.0,369100.0,-0.0672226434167298,355400.0,432500.0,-0.0395292027537197,444700.0,,503100.0,-0.0659116227255848,,,,,,,,,
91702-CA,2007,11,24095,,,,,,,,,,,,,,,,,,,,,,,,,,,,,,,,,,,,,,,,,,,,,,,336.0,,,,93.39,3.54,,,,,282500.0,355900.0,422000.0,463700.0,551300.0,426300.0,365800.0,-0.0727503168567807,352300.0,426300.0,-0.0539280958721704,437900.0,,499300.0,-0.0702048417132216,,,,,,,,,
91702-CA,2007,12,24096,,,,,,,,,,,,,,,,,,,,,,,,,,,,,,,,,,,,,,,,,,,,,,,330.0,,,,94.66,3.13,,,,,278000.0,351000.0,413400.0,455600.0,545600.0,416800.0,360400.0,-0.0744735490498202,346500.0,416800.0,-0.0737777777777778,427500.0,,490800.0,-0.0803822372119168,,,,,,,,,
91702-CA,2008,1,24097,,,,,,,,,,,,,,,,,,,,,,,,,,,,,,,,,,,,,,,,,,,,,,,325.0,,,,95.47,2.44,,,,,275700.0,346000.0,404100.0,447500.0,536000.0,407300.0,354100.0,-0.0809758629639242,339100.0,407300.0,-0.0956927175843695,417700.0,,481700.0,-0.0923308837384586,,,,,,,,,
91702-CA,2008,2,24098,,,,,,,,,,,,,,,,,,,,,,,,,,,,,,,,,,,,,,,,,,,,,,,319.0,,,,96.3,2.15,,,,,271600.0,340000.0,395100.0,438600.0,525400.0,398100.0,347200.0,-0.0981818181818182,331200.0,398100.0,-0.118272425249169,408100.0,,471800.0,-0.110650329877474,,,,,,,,,
91702-CA,2008,3,24099,,,,,,,,,,,,,,,,,,,,,,,,,,,,,,,,,,,,,,,,,,,,,,,311.0,,,,98.07,1.21,,,,,264100.0,331100.0,386500.0,428300.0,514800.0,389100.0,339500.0,-0.117952714990907,322700.0,389100.0,-0.139159292035398,398200.0,,460300.0,-0.134123401053424,,,,,,,,,
91702-CA,2008,4,24100,,,,,,,,,,,,,,,,,,,,,,,,,,,,,,,,,,,,,,,,,,,,,,,303.0,,,,98.79,0.77,,,,,257700.0,322700.0,377900.0,416400.0,507100.0,379600.0,331700.0,-0.136422806560791,315500.0,379600.0,-0.161104972375691,388000.0,,448900.0,-0.154136046730733,,,,,,,,,
91702-CA,2008,5,24101,,,,,,,,,,,,,,,,,,,,,,,,,,,,,,,,,,,,,,,,,,,,,,,296.0,,,,99.09,0.69,,,,,253400.0,316600.0,369000.0,404100.0,500200.0,369500.0,324600.0,-0.152701644479248,309000.0,369500.0,-0.1821602478973,377400.0,,440200.0,-0.164547352438793,,,,,,,,,
91702-CA,2008,6,24102,,,,,,,,,,,,,,,,,,,,,,,,,,,,,,,,,,,,,,,,,,,,,,,287.0,,,,98.95,0.76,,,,,248900.0,307900.0,357600.0,392000.0,490400.0,357500.0,315300.0,-0.173525557011796,300900.0,357500.0,-0.203786191536748,364500.0,,430800.0,-0.17344589409056,,,,,,,,,
91702-CA,2008,7,24103,,,,,,,,,,,,,,,,,,,,,,,,,,,,,,,,,,,,,,,,,,,,,,,278.0,,,,99.28,0.58,,,,,243900.0,296700.0,346600.0,381500.0,479900.0,346100.0,303500.0,-0.200474183350896,291000.0,346100.0,-0.2227711655064,353000.0,,420100.0,-0.183479105928086,,,,,,,,,
91702-CA,2008,8,24104,,,,,,,,,,,,,,,,,,,,,,,,,,,,,,,,,,,,,,,,,,,,,,,271.0,,,,99.4,0.47,,,,,238100.0,286700.0,338100.0,372900.0,470200.0,337000.0,291100.0,-0.227646590607588,281500.0,337000.0,-0.237038714059316,344100.0,,409500.0,-0.195165094339623,,,,,,,,,
91702-CA,2008,9,24105,,,,,,,,,,,,,,,,,,,,,,,,,,,,,,,,,,,,,,,,,,,,,,,265.0,,,,99.62,0.03,,,,,231600.0,278300.0,331600.0,365300.0,462900.0,329800.0,279900.0,-0.249597855227882,274200.0,329800.0,-0.245999085505258,336800.0,,401000.0,-0.206254948535234,,,,,,,,,
91702-CA,2008,10,24106,,,,,,,,,,,,,,,,,,,,,,,,,,,,,,,,,,,,,,,,,,,,,,,259.0,,,,99.94,0.05,,,,,225100.0,270900.0,325700.0,356600.0,454800.0,322900.0,269800.0,-0.269032782443782,268300.0,322900.0,-0.253410404624277,330000.0,,394000.0,-0.216855495925263,,,,,,,,,
91702-CA,2008,11,24107,,,,,,,,,,,,,,,,,,,,,,,,,,,,,,,,,,,,,,,,,,,,,,,252.0,,,,99.93,0.05,,,,,219500.0,265300.0,319400.0,347500.0,442500.0,316400.0,261600.0,-0.284855112083106,261100.0,316400.0,-0.257799671592775,323200.0,,387200.0,-0.224514320048067,,,,,,,,,
91702-CA,2008,12,24108,,,,,,,,,,,,,,,,,,,,,,,,,,,,,,,,,,,,,,,,,,,,,,,246.0,,,,99.95,0.03,,,,,215600.0,260200.0,312700.0,343000.0,435900.0,310400.0,254800.0,-0.293007769145394,253700.0,310400.0,-0.255278310940499,316800.0,,382500.0,-0.220660146699267,,,,,,,,,
91702-CA,2009,1,24109,,,,,,,,,,,,,,,,,,,,,,,,,,,,,,,,,,,,,,,,,,,,,,,241.0,,,,99.77,0.17,,,,,207000.0,254000.0,305700.0,340800.0,438700.0,304100.0,247700.0,-0.300480090369952,248000.0,304100.0,-0.253375890007366,310700.0,,380800.0,-0.209466472908449,,,,,,,,,
91702-CA,2009,2,24110,,,,,,,,,,,,,,,,,,,,,,,,,,,,,,,,,,,,,,,,,,,,,,,237.0,,,,99.33,0.48,,,,,195600.0,247700.0,299000.0,337200.0,438500.0,297300.0,240300.0,-0.307891705069124,243600.0,297300.0,-0.253202712886209,304700.0,,381000.0,-0.192454429843154,,,,,,,,,
91702-CA,2009,3,24111,,,,,,,,,,,,,,,,,,,,,,,,,,,,,,,,,,,,,,,,,,,,,,,233.0,,,,98.14,1.47,,,,,189400.0,242200.0,293200.0,332300.0,435400.0,290800.0,233800.0,-0.311340206185567,239800.0,290800.0,-0.252634284245695,299000.0,,381700.0,-0.170758201173148,,,,,,,,,
91702-CA,2009,4,24112,,,,,,,,,,,,,,,,,,,,,,,,,,,,,,,,,,,,,,,,,,,,,,,230.0,,,,97.77,1.95,,,,,188500.0,237400.0,288200.0,329200.0,434900.0,285900.0,228700.0,-0.310521555622551,236500.0,285900.0,-0.246838777660695,294300.0,,383000.0,-0.146803296948095,,,,,,,,,
91702-CA,2009,5,24113,,,,,,,,,,,,,,,,,,,,,,,,,,,,,,,,,,,,,,,,,,,,,,,226.0,,,,97.37,2.21,,,,,183700.0,233100.0,282400.0,325800.0,434700.0,281200.0,224200.0,-0.309303758471966,233100.0,281200.0,-0.238971583220568,289300.0,,381500.0,-0.133348477964562,,,,,,,,,
91702-CA,2009,6,24114,,,,,,,,,,,,,,,,,,,,,,,,,,,,,,,,,,,,,,,,,,,,,,,223.0,,,,97.42,1.92,,,,,179700.0,228700.0,275400.0,321400.0,432200.0,275700.0,219700.0,-0.303203298445925,229400.0,275700.0,-0.228811188811189,283600.0,,375900.0,-0.127437325905292,,,,,,,,,
91702-CA,2009,7,24115,,,,,,,,,,,,,,,,,,,,,,,,,,,,,,,,,,,,,,,,,,,,,,,219.0,,,,97.57,1.83,,,,,178700.0,225200.0,269100.0,316600.0,428600.0,271000.0,216200.0,-0.287644151565074,225900.0,271000.0,-0.216989309448136,278700.0,,369400.0,-0.120685551059272,,,,,,,,,
91702-CA,2009,8,24116,,,,,,,,,,,,,,,,,,,,,,,,,,,,,,,,,,,,,,,,,,,,,,,217.0,,,,96.63,2.19,,,,,179000.0,222500.0,265500.0,313200.0,424600.0,268000.0,214000.0,-0.264857437306767,223300.0,268000.0,-0.204747774480712,275800.0,,365800.0,-0.106715506715507,,,,,,,,,
91702-CA,2009,9,24117,,,,,,,,,,,,,,,,,,,,,,,,,,,,,,,,,,,,,,,,,,,,,,,217.0,,,,95.93,2.66,,,,,177900.0,219400.0,264100.0,312300.0,418400.0,266200.0,211900.0,-0.242943908538764,221300.0,266200.0,-0.192844147968466,274100.0,,363700.0,-0.0930174563591022,,,,,,,,,
91702-CA,2009,10,24118,,,,,,,,,,,,,,,,,,,,,,,,,,,,,,,,,,,,,,,,,,,,,,,216.0,,,,93.68,3.76,,,,,177500.0,216200.0,263300.0,312900.0,411800.0,265500.0,210200.0,-0.220904373610082,220000.0,265500.0,-0.17776401362651,273400.0,,361400.0,-0.082741116751269,,,,,,,,,
91702-CA,2009,11,24119,,,,,,,,,,,,,,,,,,,,,,,,,,,,,,,,,,,,,,,,,,,,,,,216.0,,,,91.93,5.81,,,,,176200.0,212800.0,262100.0,312700.0,411300.0,265200.0,209000.0,-0.201070336391437,218500.0,265200.0,-0.161820480404551,273500.0,,359200.0,-0.0723140495867769,,,,,,,,,
91702-CA,2009,12,24120,,,,,,,,,,,,,,,,,,,,,,,,,,,,,,,,,,,,,,,,,,,,,,,216.0,,,,89.46,7.45,,,,,169300.0,211100.0,263200.0,309400.0,400000.0,265400.0,210900.0,-0.172291993720565,220200.0,265400.0,-0.144974226804124,272700.0,,359400.0,-0.0603921568627451,,,,,,,,,
