"RegionName","State","Metro","StateCodeFIPS","MunicipalCodeFIPS","SizeRank","2010-01","2010-02","2010-03","2010-04","2010-05","2010-06","2010-07","2010-08","2010-09","2010-10","2010-11","2010-12","2011-01","2011-02","2011-03","2011-04","2011-05","2011-06","2011-07","2011-08","2011-09","2011-10","2011-11","2011-12","2012-01","2012-02","2012-03","2012-04","2012-05","2012-06","2012-07","2012-08","2012-09","2012-10","2012-11","2012-12","2013-01","2013-02","2013-03","2013-04","2013-05","2013-06","2013-07","2013-08","2013-09","2013-10","2013-11","2013-12","2014-01","2014-02","2014-03","2014-04","2014-05","2014-06","2014-07","2014-08","2014-09","2014-10","2014-11","2014-12","2015-01","2015-02","2015-03","2015-04","2015-05","2015-06","2015-07","2015-08","2015-09","2015-10","2015-11","2015-12","2016-01","2016-02","2016-03","2016-04","2016-05","2016-06","2016-07","2016-08","2016-09","2016-10","2016-11","2016-12","2017-01","2017-02","2017-03","2017-04","2017-05","2017-06","2017-07","2017-08","2017-09"
"Los Angeles","CA","Los Angeles-Long Beach-Anaheim","06","037",1,,,,,,,,,,,,,,,,,,,,,,,,,,,,,,,,,,,,,,,,,,,,,,,334.239130434783,331.484904497844,323.98753894081,329.622117046052,334.863544474394,342.323651452282,349.211842532151,354.795737122558,355.957161981258,353.922934750002,357.142857142857,357.97688276792,352.594339622641,341.045415595544,348.330670121644,361.236802413273,366.297791098033,375.841567173388,384.717607973422,387.135204365188,389.963856858482,391.734825656479,392.141423498533,392.05470581668,389,387.687556563,390.662574215307,397.135416666667,401.345291479821,406.913421306727,410.793084629478,418.414918414918,421.051518646674,421.233492117638,425.944841675179,431.666666666667,430.140477481432,423.898531375167,428.571428571429,432.407718963988,439.393658428037,448.717948717949,451.648351648352,452.384426048201,455.970149253731,458.333333333333,459.9
"Cook","IL","Chicago","17","031",2,189.509140148951,188.172043010753,187.5,186.974416648992,182.844876815141,179.951017214397,172.302419354839,171.665712650258,167.441860465116,167.259414225941,166.512488436633,157.912159026599,152.666666666667,150,149.079949238579,144.444444444444,142.4859437751,139.652733536433,137.775152547183,135.844748858448,133.212121212121,128.93276300905,125.275827482447,122.519509476031,119.9,122.592791823561,122.461918118143,122.791290976445,122.111111111111,120.307988450433,111.345195355137,108.993028353642,108.688103864734,107.483629560337,112.189254210104,109.375,108.539325842697,109.3125,113.207547169811,115.818324197338,119.248628598778,122.545903261955,124.378532316848,122.680412371134,124.9375,124.869262056944,120.83,119.153846153846,116.497607040761,125.202870825362,130.846873864049,133.25,139,142.045454545455,143.253234750462,143.936735778841,144.209354120267,141.583333333333,135.914545454545,131.067961165049,129.244031830239,131.481481481481,138.530566461021,141.611111111111,146.057058000653,149.609756097561,151.417819692611,148.330241187384,147.524752475248,145.006747638327,142.947934675478,140.826873385013,138.902748079512,142.230769230769,148.732083792723,152.544529262087,157.657657657658,158.801420525434,156.332497911445,153.218884120172,152.668918918919,153.78858746492,152.048111386821,146.661775495231,144.824016563147,150.351567094632,158.07962529274,162.412993039443,165.83912611718,168.6875,168.276650627511,166.583333333333,166.272621759876
"Harris","TX","Houston","48","201",3,88.4520884520884,86.8098159509202,88.5591656485441,89.1268120024035,87.8624313243776,88.2604540849222,86.8090277777778,86.0813278429889,89.6844660194175,87.1794871794872,88.4615384615385,86.6367316984601,86.5162037037037,86.5443425076453,87.3015873015873,86.9565217391304,87.8205128205128,88.2166318303971,85.9958506224066,85.2492952783651,83.3298611111111,81.6548962711672,80.0653594771242,78.2209490444377,76.844262295082,79.9773504273504,80.5204764560593,82.7664012678046,83.3333333333333,81.2640134529148,81.1785400175902,79.8786653185035,78.125,76.9736842105263,81.4229117579995,80.8720112517581,81.1660266715534,81.8846648726257,85,83.9920948616601,83.9656681579459,86.3562533838657,85.7824427480916,88.1736329577042,88.1226053639847,87.5584112149533,90.0747508305648,88.0091670814667,89.2857142857143,91.0697017508143,99.2537313432836,101.717050948632,102.601969057665,102.774922918808,101.742331274705,103.0625,106.107305936073,108.112956830348,109.469074986316,111.119812059514,115.740740740741,119.090365050868,126.545577252805,127.645744464757,130.013020833333,129.884909074859,143.018063904916,146.206706981858,148.514211886305,144.035318917594,144.034852546917,150.045286962349,154.761904761905,162.516318537859,165.07353500327,161.656654412357,162.523987249515,161.567164179104,161.128332300062,160,159.560293137908,159.498381550347,159.802631578947,158.032300458662,155.926696527321,158.321060382916,160.172064777328,160.919400763606,160.75487012987,161.766319253977,159.564783525271,159.824651882414,160.431793651572
"Maricopa","AZ","Phoenix","04","013",4,,,,,,,,,,,,,,,,,,,,,,,,,,,,,,,,,,,,,,,,,,,,,,,93.7996820349762,96.2531180074099,98.7124463519313,98.7362078977933,105.862982324569,109.142394822006,114.213197969543,115.199449793673,107.291845493562,111.588115233006,107.307538908397,114.862860947718,112.472473598175,112.413194444444,117.168309631545,121.002592912705,125.197984161267,126.773459282063,126.334519572954,126.464646464646,122.597330166955,121.031215564427,131.578947368421,133.782483156882,133.970723482526,134.174876847291,135.350318471338,134.174125305126,129.986458827397,131.661684637557,141.148746968472,143.320235756385,139.134906231095,132.981247326775,129.507903025833,142.324561403509,138.128986534373,145.167648938204,146.992847389489,151.066056669328,155.849216732554,155.272805009046,160.017888464264,163.490726071133,162.403165308638,160.457304782311,160.506884242733
"San Diego","CA","San Diego","06","073",5,,,,,,,,,,,,,,,,,,,,,,,,,,,,,,,,,,,,,,,,,,,,,,,271.124098224195,277.777777777778,284.130750760879,287.574940047962,293.213828425096,297.332091868405,299.429657794677,302.940867003367,306.389962688138,308.540034311221,306.666666666667,297.741449730609,297.026279391425,291.313559322034,294.117647058824,300.718132854578,306.919642857143,313.180169286578,317.52389722003,309.395043731778,331.032570230836,330.480121129237,328,324.696805254955,320.940103342824,322.167924573224,326.923076923077,324.571428571429,328.72155134973,334.412081984897,337.854667235143,346.52278177458,347.573870670503,354.205607476636,352.823529411765,353.694581280788,348.344947735192,343.830334190231,348.516949152542,351.404618473896,350.931677018634,363.53591160221,372.923588039867,377.46806039489,374.426532052326,378.002528445006,385.4041013269
"Orange","CA","Los Angeles-Long Beach-Anaheim","06","059",6,,,,,,,,,,,,,,,,,,,,,,,,,,,,,,,,,,,,,,,,,,,,,,,335.773348692259,332.955014346222,331.761565836299,330,336.042219555876,339.000239332465,339.043657995564,341.266277503368,345.010430327451,343.505477308294,346.974789915966,345.426829268293,344.68954248366,342.41800452023,345.363636363636,350.31847133758,352.797890049074,356.071819007866,358.915723817813,361.685776439004,363.298662704309,364.975324829735,366.187050359712,366.139106402579,364.665578578471,366.333200326816,368.715829624921,374.296435272045,378.197386739127,380.409875264018,382.08269525268,383.870967741935,384.526658855724,385.554425228891,385.148140834029,387.232524964337,387.232524964337,384.724144749852,386.818707590117,389.521072796935,400.512855781417,402.959697732997,405.419837804117,404.312668463612,407.149929848628,408.098287235974,410.797535211268
"Kings","NY","New York","36","047",7,,,,,,,,,,,,,,,,,,,,,,,,,,,,,,,,,,,,,,,,,,,,,,,,,,,,,,,,,,,,,,,,,,,,,,690.480723465017,698.205128205128,688.505747126437,740.506329113924,739.178082191781,708.705560619872,765.990421459617,740.506329113924,792,741.891891891892,748.969047134343,800.830258302583,806.923076923077,796.402013908106,806.923076923077,762.261072261072,747.437092264678,768.461538461538,768.461538461538,796.402013908106,817.295980511571,826.444059416977,826.896551724138,838.991270611057
"Miami-Dade","FL","Miami-Fort Lauderdale","12","086",8,,,,,,,,,,,,,,,,,,,,,,,,,,,,,,,,,,,,,,,,,,,,,,,,224.526600541028,217.105263157895,218.065693430657,214.285714285714,216.654384672071,211.939716312057,212.727272727273,215.067985166873,217.338624710262,224.290780141844,226.820604003225,243.933333333333,249.721750641996,244.04296875,256.372549019608,255.487804878049,252.565231473047,236.184210526316,238.252267106348,267.284390591589,274.06892031227,279.850746268657,279.72027972028,300.537765601597,302.083333333333,309.502579218865,311.90019193858,301.080985573715,314.880613135048,317.195767195767,317.880392098873,316.856780735108,315.459439329873,321.31669535284,320.491427677314,319.875277680068,323.143231441048,325,327.868852459016,327.441870458888,326.271186440678,325.515925176946,324.503311258278,325.038699690402,321.458863443596,321.302079483578
"Dallas","TX","Dallas-Fort Worth","48","113",9,115.759069977699,115.87147030185,118.138817476971,118.131873196395,117.735602094241,117.943674473966,117.857306344792,115.137754429879,115.619834710744,113.765973049358,111.535782439286,105.066845486416,101.579466929911,104.206309041835,102.00296735905,104.166666666667,107.355371900826,105.772712357288,103.219696969697,100.310180250257,96.5500709906054,99.0845539711204,96.8547179231153,96.5224111282844,89.4776119402985,98.9453761871644,99.0442054958184,98.138576186788,98.8467874794069,99.57805907173,99.8711340206186,98.029414441575,95.5015923566879,98.3698707138842,107.5,110.884689243323,110.147441457069,112.4375,114.623243933589,118.717887816372,121.144554559748,122.02380952381,124.975,122.642585692442,123.459952885748,124.257073866644,125,116.269240871726,113.84335154827,119.299861814832,124.875,128.426791277259,133.78322013534,123.721122112211,121.930665935873,126.190476190476,121.996017919363,115.221402214022,112.492638398115,117.142606886499,122.93502743935,126.167813780577,129.213483146067,132.518854748603,135.971223021583,138.898876365081,133.440251172205,140,147.882723112128,149.950835791544,149.33110367893,153.885630498534,153.061224489796,154.160475482912,164.914719480195,170.340979743551,173.959443704197,179.482661887194,175.536000917221,175.829875518672,180.281392954204,179.324894514768,177.391975308642,186.38863000932,187.56050338819,190.141417116364,193.03807340165,200.784168841986,207.387806943268,209.47265625,210.126728110599,206.857573474001,208.835527984464
"Queens","NY","New York","36","081",10,,,,,,,,,,,,,,,,,,,,,,,,,,,,,,,,,,,,,,,,,,,,,,,312.820512820513,309.244036105738,305.555555555556,303.2,325.885826771654,335,332.222222222222,338.617777777778,332.222684799704,330.156657963446,332.732316227462,336.262272727273,327.777777777778,332.111111111111,334.700925706148,327.777777777778,323.689621409922,311.25,315.285087719298,323.958333333333,331.653225806452,344.736792003808,352.349869451697,360.839160839161,378,378,426.900584795322,440.841110313472,429.205882352941,426.376004947434,405.286,407.253856624319,442.031586503948,443.001152073733,440.47619047619,459,457.573529411765,461.537435897436,467.874051942082,496.551724137931,514.48808757244,559.333333333333,555,554.370593442727,530.579675572519,529.205882352941,527.697439208091
"Riverside","CA","Riverside","06","065",11,,,,,,,,,,,,,,,,,,,,,,,,,,,,,,,,,,,,,,,,,,,,135.104128737306,139.002535515349,142.126716936074,145.07299270073,147.515491333599,146.850400808839,148.602149303084,150.890279405857,152.730375426621,157.841507177033,155.089820359281,154.44152551356,155.672829674484,156.016315431679,157.264284664088,159.336490520102,161.565358902182,161.66958041958,164.143861565843,164.944356120827,165.57454256961,167.103886809073,166.666666666667,168.200790742422,165.436028007638,167.421516105727,168.620686495501,171.156004489338,170.770702957351,171.893939393939,173.882681564246,172.09026128266,172.958397534669,172.928616006419,172.367178276269,172.832001297629,172.943508424182,175.438596491228,175.752924486616,175.388389206868,176.225961538462,176.876617773943,176.957831325301,177.627535341119,178.71776273372,179.823082779329,179.519595448799,181.215083798883,182.61838790932,184.288145207033
"San Bernardino","CA","Riverside","06","071",12,,,,,,,,,,,,,,,,,,,,,,,,,,,,,,,,,,,,,,,,,,,,,,,134.605971610377,131.26491646778,132.605304212168,135.609756097561,142.276422764228,143.617021276596,146.972943406218,150.081168831169,150.467289719626,153.143172018172,154.106174665054,152.322206095791,148.809523809524,151.162790697674,155.637254901961,153.425837540925,157.593360995851,156.976744186047,156.311596583443,159.548611111111,160.497409936426,163.332382039574,166.071428571429,166.18012513802,167.118951533718,169.172932330827,166.5548098434,163.370736916203,166.555555555556,171.052631578947,176.715260431914,179.33737458194,181.818181818182,183.156028368794,182.988115279782,180.133971291866,178.364237892328,178.632478632479,177.862762237762,183.760683760684,183.102126852127,186.225280947818,193.440860215054,194.16093425052,198.705723424121,199.698461174888,203.384462759463
"Clark","NV","Las Vegas","32","003",13,,,,,,,,,,,,,,,,,,,,,,,,,,,,,,,,,,,,,,,,,,,,,,,,99.2460394753928,96.7929883512545,97.9607830593052,98.9235737351991,100.738079247817,101.276276276276,101.663561663961,100.206902567507,105.051618708053,105.136436597111,106.124021769158,103.808608216878,103.693107125721,106.309047082151,108.695652173913,108.309248554913,108.858858858859,111.504236250907,111.428571428571,111.596900339826,111.111111111111,112.275449101796,113.235621350053,114.473684210526,114.637438427232,115.77350859454,118.016194331984,120.398481973435,122.062275614471,122.478373261215,123.406096059113,125.097732603597,126.651982378855,128.313261562263,129.771582584083,130.418008588298,130.202788225626,133.041746461481,135.777668144464,138.284132841328,141.633955981855,143.726851851852,145.833333333333,149.439252336449,150.279776179057,153.415195702226
"King","WA","Seattle","53","033",14,,,,,,,,,,,,,,,,,,,,,,,,,,,,,,,,,,,,,,,,,,,,,,,232.208588957055,229.255814963023,225.556390977444,229.485506657105,236,241.935483870968,239.133029612756,251.910076486348,251.366120218579,250.966183574879,254.124293785311,249.955357142857,238.051948051948,218.550106609808,234.578804347826,249.498997995992,262.123197903014,271.05421686747,274.512208648255,273.885350318471,274.464831804281,272.727272727273,279.943302622254,280.83725340043,277.007386888273,272.108843537415,275.264313399779,287.234042553192,299.201917087764,307.955517536356,314.591700133869,317.55364806867,324.944933920705,326.278462112729,331.875193077803,331.521739130435,327.564894932015,326.923076923077,330.950704225352,342.895094026471,350.715124986816,362.31884057971,367.20956920904,369.648938037564,372.062211981567,368.16352244247,374.794324555148
"Wayne","MI","Detroit","26","163",15,,,,,,,,,,,,,,,,,,,,,,,,,,,,,,,,,,,,,,,,,,,,,,,66.8154761904762,71.0222222222222,62.2859300752116,72.0904356455074,79.3934169278997,79.2971602434077,79.949452401011,84.7083002410511,80.5443548387097,81.1746636596936,81.6973415132924,80.0246305418719,80.5443548387097,77.0343706955923,79.6650717703349,81.7228418567597,82.5619834710744,83.320601565719,81.8452380952381,82.853982300885,86.7201068804275,81.7512908777969,81.8948412698413,83.4306853582555,82.2506861848124,81.8452380952381,86.1476796879481,87.0642201834862,87.9500112804976,91.3258071553229,94.8450946643718,91.5418844448206,90.3974031409,88.8617626608772,84.9358974358974,87.9643599039581,85.4922279792746,83.6412472431909,86.7714472822528,88.263887322037,92.8685897435897,99.2098924373936,108.452312964021,111.39588688946,104.718217562254,104.743390357698,107.803470954988
"Tarrant","TX","Dallas-Fort Worth","48","439",16,75.59741155469,75.8169934640523,77.3800056802045,78.0048076923077,77.7928195379511,77.1124087355431,77.1286425017768,77.7411569156506,77.8583138897727,76.844262295082,74.3385424530676,73.1489015459723,71.61328125,72.0164609053498,71.085409252669,71.8954248366013,73.0327841063195,73.191094619666,72.7356437301189,72.603568004293,71.9299083391817,72.2543817333977,70.8112964469759,70.1463414634146,67.1884509871528,68.7912550263071,68.4833659491194,68.1476418318524,69.090863634504,69.7916666666667,68.3201219512195,65.4153686396677,64.2109621536333,66.5024526198439,71.1864406779661,75.8928571428571,76.8103738199089,79.2413793103448,82.086613309463,81.9844500421859,81.8647540983606,80.4330224122296,79.9112406588034,79.4057434516799,80.9288537549407,82.3214285714286,80.8024109729437,79.1577825159915,77.2217953643232,79.8585881363812,85.1677713338857,84.841628959276,88.4590995561192,86.0420650095602,84.2390755241223,88.5444346028934,94.3503891426839,95.3565505804312,94.2415174674546,96.1889815422093,98.1001268750201,96.3865461818161,97.4464181694801,99.7685185185185,100,102.459016393443,101.250137823408,99.5067049808429,98.3796296296296,101.176146595173,98.3796296296296,100.349763786416,101.088646967341,101.955782312925,107.391910739191,110.655737704918,110.271903323263,112,115.101289134438,116.349377394636,116.717292555727,116.071428571429,116.447368421053,116.579419010186,116.637478939039,124.315529944669,129.410657821285,129.789864029666,129.670732301898,125.7838648867,125.221238938053,123.152709359606,128.064147639286
"Santa Clara","CA","San Jose","06","085",17,,,,,,,,,,,,,,,,,,,,,,,,,,,,,,,,,,,,,,,,,,,,,,,415.683991683992,406.172839506173,404.718394552935,400.539795114263,410.821825034989,424.974696356275,427.586206896552,429.183690987124,430.319565662161,429.596769702033,428.960534929393,426.391659023521,413.102926710307,405.652855296802,412.131919905771,435.051546391753,451.196091087473,459.334464456207,478.384501171833,480.780204860841,495.469075197153,492.537313432836,497.231450719823,491.236338219097,487.944890929966,479.251423921888,491.665344964314,507.809523809524,521.212340276944,525.932666060055,529.536065433676,532.625189681335,528.218694885362,527.684563758389,532.643312101911,537.909803230355,521.78048963331,505.493406593407,504.484304932735,527.22935873102,536.88141923436,546.60013049317,552.060737527115,549.438202247191,544.602485149754,549.665825340737,556.050482553823
"Broward","FL","Miami-Fort Lauderdale","12","011",18,,,,,,,,,,,,,,,,,,,,,,,,,,,,,,,,,,,,,,,,,,,,115.740740740741,119.402985074627,119.104716227018,122.804544157202,122.857142857143,122.159962888554,123.475858181228,122.864651773982,121.196754563895,121.696035242291,122.265625,123.068893528184,122.222222222222,124.9,124.431818181818,123.65385634949,125,126.403828218679,129.373474369406,129.476623086061,127.2,128.865979381443,128.975265017668,131.010551948052,131.501547987616,132.121212121212,133.404482390608,138.809523809524,140.073367183486,142.127258994324,144.193912063134,144.134615384615,150.42498374708,151.725943311067,155.131264916468,158.026755852843,159.219604306409,161.176810663774,162.996941896024,164.761369169572,164.119961849054,164.96280909498,168.207450444293,168.897959183673,169.803345606995,171.357142857143,170.406944720091,169.405773922135,170.717510162602,172.810291858679
"Bexar","TX","San Antonio","48","029",19,78.8643533123028,79.750346740638,81.3813813813814,82.0707070707071,82.7526132404181,82.1950341918092,81.8689338792842,81.0810810810811,83.1077204744518,81.8800658561297,82.5030376670717,81.3397129186603,80.441414394604,81.5902578796562,79.6979865771812,79.4816515401138,79.6802960064913,80.4856115107914,80.0135898576752,80.6356680400235,79.3387710347297,79.3969849246231,78.3123028391167,75.0741839762611,75.9668508287293,74.9863987553202,74.8091198838077,74.6666666666667,73.75,76.7105263157895,76.4044943820225,76.4488286066585,75.8035714285714,75.6457564575646,79.5343137254902,80.5234021137393,80.3705827027746,82.5255856036996,83.2702498107494,84.0623162845385,85.4156958783348,87.3007936507937,87.3613691715164,85.6003039513678,84.929582332006,86.4206187677973,88.002338694892,89.7615262321145,89.1268823541906,91.5514421647339,93.6979166666667,94.1696113074205,96.9626168224299,95.7589250389421,96.7957276368491,96.1496630113527,93.3075933075933,91.3129318854887,93.1977559607293,93.6663693131133,94.1619585687382,98.7828543355441,98.5663082437276,97.4152785755313,99.0853658536585,99.0853658536585,101.353578154426,99.7652582159624,102.605863192182,102.605863192182,104.091649159664,108.290155440415,106.210621062106,108.134920634921,109.536313521254,110.955056179775,119.395203336809,120.545977011494,118.922961854899,118.75,118.050269528787,121.802679658952,123.401162790698,124.661246612466,124.403975866991,123.069880912522,120.36023988978,122.410358565737,124.949382089456,129.341502874256,130.260707635009,124.250192299646,126.015698696181
"New York","NY","New York","36","061",20,1081.02718360071,1053.03580718655,1073.83177570093,1055.08525196801,1066.66666666667,1048.82817426287,1041.66666666667,1042.85714285714,1010.84812623274,1011.15039162653,1021.10042735043,1031.16406966086,1042.55319148936,982.834994462901,1017.85714285714,1032.14285714286,1030.92783505155,1000,999.166666666667,999.666666666667,1025.65199271786,1035.71428571429,1024.67411545624,1025.64102564103,999.1875,1065.85968028419,1109.56360259981,1104.16666666667,1108.37438423645,1107.86457833516,1098.28741623232,1094.82550416616,1086.36363636364,1108.94846796657,1149.09082059954,1153.84615384615,1144.09728831195,1133.33333333333,1187.27517985612,1205.47557424782,1189.56795259774,1133.7513061651,1138.88888888889,1250,1295.15055211524,1336.72211953173,1438.84501319892,1485.46144121365,1499.31880108992,1455.4163596168,1464.20187793427,1388.16248077792,1416.43835616438,1455.0451733245,1528.3540802213,1549.81549815498,1599.24741298213,1688.48601656187,1703.47003154574,1715.88188347965,1734.0644276902,1745.48579109063,1728.83254149496,1765.12968299712,1802.40320427236,1800.16366612111,1826.29268961734,1862.512864494,1889.06752411576,1881.99642313042,1900,1927.57009345794,1998.45335387504,1981.07703120234,1942.48234106963,1910.73490756962,1900.11424219345,1887.58389261745,1893.43084268437,1901.34099616858,1917.21807010908,1917.21807010908,1915.48183254344,1940.45632209751,1913.46153846154,1918.49816849817,1914.28331343223,1881.54807054139,1862.2816399287,1892.55651755652,1899.72907886815,1903.02398331595,1893.09576837416
"Philadelphia","PA","Philadelphia","42","101",21,,,,,,,,,,,,,,,,,,,,,,,,,,,,,,,,185.479804421769,174.755244755245,184.735756802721,184.198538961039,184.787764550265,172.774637546866,176.38036809816,188.098159509202,192.698291925466,196.546227417641,200,189.814814814815,177.920227920228,183.686755952381,188.478466386555,186.847599164927,190.201317946778,190.193236714976,195.800227014756,215.341266738344,227.227272727273,221.481481481481,217.63137254902,203.907402861101,198.621091151031,206.59375,202.294919992288,205.380140692641,201.915950200403,196.741071428571,202.261904761905,212.145836456928,211.538461538462,209.294117647059,208.333333333333,203.791996047431,200.064557779212,199.944444444444,205.479452054795,215.020576131687,209.943977591036,206.740085474623,210.26936026936,215.77380952381,220.46568627451,221.029593681606,232.223082881487,224.050354749704,219.632034632035,214.285714285714,222.214452214452,216.666666666667,216.666666666667,219.669117647059,225.718194254446,239.285714285714,259.451733773978,260.871146169526,258.399128933862,264.420533170533,250.727733159685,261.506276150628
"Alameda","CA","San Francisco","06","001",22,,,,,,,,,,,,,,,,,,,,,,,,,,,,,,,,,,,,,,,,,,,,,,,312.304205006698,320.774859765426,333.277777777778,338.235294117647,348.190045248869,363.010180925217,364.872262773723,365.185692264977,369.444444444444,366.635444363871,370.075467546755,372.80701754386,365.457303339152,363.977631282398,346.410430402942,376.104009662444,382.948481940591,388.686001285603,415.373459028281,413.214990138067,415.612100514916,417.721518987342,423.719298245614,419.384902143523,419.384902143523,407.681186283596,419.637123433173,431.911939492166,443.684777188449,455.211701645468,462.962962962963,460.683760683761,460.415065334358,456.373217502567,452.948717948718,454.752418895845,452.769980907175,452.136752136752,460.683760683761,464.710799389771,473.637961335677,489.722966934763,498.148148148148,498.86449659349,495.754463333524,493.162465087678,502.264840182648
"Middlesex","MA","Boston","25","017",23,215.346534653465,223.549278133772,225.134408602151,227.086280927744,224.916666666667,226.907894736842,222.148148148148,217.661290322581,220.220264317181,218.407596785975,215.753424657534,208.607198748044,206.285178236398,206.755514705882,207.346419625764,210.111496422457,217.996289424861,217.825008946373,214.936708860759,212.373871481678,209.90099009901,209.073359073359,198.717948717949,188.970588235294,194.089152568416,198.85233358837,205.609202982423,212.153846153846,214.214285714286,212.045454545455,208.584857723577,209.65034965035,205.679862306368,206.087266851228,208.333333333333,202.979614721499,201.754385964912,208.413998510797,216.081081081081,222.222222222222,226.094003241491,229.711838006231,229.050925925926,220.630630630631,224.123978490479,222.005383580081,217.658442186744,214.319451498222,215.158192056407,219.933333333333,231.25,237.82238678278,237.783178341349,238.984502446982,233.638211382114,231.318819444444,237.372727272727,235.467980295566,227.202027532216,222.967668091869,226.554328878559,227.318212760691,233.255451713396,236.455563344704,240.679120601605,246.302729889235,241.666111111111,234.826730781373,234.345652173913,236.99804119159,237.72972972973,233.266666666667,236.353485594865,248.323318137864,256.441048034935,259.05058679643,261.809523809524,263.364779874214,264.398872732206,264.053934571176,264.146172583601,271.604938271605,267.668231908859,265.371551406542,260.922099208175,272.623790552077,272.939802252783,283.978179248414,294.83473639072,300.478142076503,294.514575741801,287.253761471708,294.333333333333
"Suffolk","NY","New York","36","103",24,,,,,,,,,,,,,,,,,,256.254225828262,257.142380952381,260.526315789474,259.9,263.321986392816,262.345679012346,260.253542132737,272,277.218464669042,269.557575757576,275.305238282788,268.379096545616,266.116883116883,264.280303030303,265.63330380868,274.795509222133,290.619712863151,288.211626898048,281.416609706083,293.272370999347,292.702485966319,284.476534296029,291.511156186613,290.082028337062,300,305.732292917167,311.934738816338,310.059494342291,308.806204081463,303.104460756635,305.747126436782,299.107142857143,265.151515151515,290.730223123732,291.332847778587,289.312977099237,275.843041079093,285.357142857143,291.40832595217,298.105666465013,285.45380078637,298.860183721672,332.666666666667,309.090909090909,319.847328244275,325.864639236732,303.2,304.048048650094,332.666666666667,328.125,327.857142857143,336.988636363636,337.171052631579,345.829091040046,341.98275862069,351.518560179977,359.735332170327,349.236641221374,337.692307692308,333.834166666667,333.834166666667,333.834166666667,332.5,335.176226675881,332.841614906832,331.037267080745,327.850877192982,333.333333333333,359.390363815143,361.19783605212,355.251141552511,371.428571428571,365.030674846626,366.872889305816,366.430260047281,388.583794247788
"Sacramento","CA","Sacramento","06","067",25,,,,,,,,,,,,,,,,,,,,,,,,,,,,,,,,,,,,,,,,,,,,,,,,,,,,,,,,,,,,,,,,,,,,,,,,,184.481709859582,185.475444096134,189.235015772871,190.590111642743,192.751132532659,195.371909801014,192.708333333333,201.764766290483,199.783757329885,201.661806470806,204.309392265193,193.512304250559,198.499558693733,203.75,212.062256809339,214.314475356792,216.742944317315,216.666666666667,220.791168353266,220.14057525228,220.588235294118
"Bronx","NY","New York","36","005",26,218.613138686131,224.054487179487,229.357798165138,218.613138686131,214.880952380952,224.054487179487,225,212.606837606838,217.647058823529,213.358070500928,213.04347826087,205.483782923168,204.741379310345,201.706268958544,207.395833333333,202.453987730061,207.291666666667,204.748819840767,200.54347826087,189.944555726759,195.226362796427,198.697478991597,197.841726618705,190.531177829099,190.833333333333,202.325581395349,204.678362573099,201.560468140442,221.111111111111,212.895884556843,227.39971030487,227.181818181818,227.39971030487,219.333333333333,229.230769230769,221.111111111111,232.142857142857,235,237.155844155844,232.104121475054,222.412743506493,222.727272727273,227.678571428571,229.411764705882,226.166495375128,226.618705035971,230,224.340547263682,227.272727272727,225.339366515837,225,227.227272727273,226.923076923077,228.457142857143,229.411764705882,226.495726495727,223.94419306184,221.714285714286,224.166666666667,222.222222222222,210,222.941176470588,226.704545454545,216.666666666667,226.761363636364,227.428571428571,235,232.5,227.272727272727,223.411764705882,227.428571428571,235,238.333333333333,238.461538461538,239,249.311002178649,251.068376068376,252.574850299401,250,243.577075098814,244.601787101787,240.769230769231,242.129329004329,240.769230769231,240,243.425324675325,240.769230769231,244.65811965812,244.601787101787,251.724664224664,254.545454545455,257.05100726529,259.605399792316
"Nassau","NY","New York","36","059",27,,,,,,,,,,,,,,,,,,,,,,,,,,,,,,,,,,,,,,,,,,,,,,,,,,278.036021799778,272.735294117647,289.692737430168,295.941558441558,299.418604651163,290.833333333333,288.567493112948,289.340101522843,294.782608695652,290.592105263158,322.555555555556,340,345.384615384615,354.722222222222,349.230769230769,332.962486772487,376.136363636364,333.332380952381,333.332380952381,334.44468641115,337.692307692308,333.332380952381,333.332380952381,328.287517080621,330.473176879645,329.941986947063,333.332380952381,331.220993473532,333.332380952381,358.214285714286,353.571428571429,351.340996168582,358.598901098901,362.384615384615,347.46744334833,344.322846693536,353.577235772358,355.339805825243,361.812297734628,389,395.845660749507,361.812297734628,370.92350807472,375.416666666667
"Palm Beach","FL","Miami-Fort Lauderdale","12","099",28,107.456865838762,106.428571428571,104.283054003724,101.851851851852,98.4480431848853,95.4545454545455,94.9126803340926,93.272570055003,92.7990708478513,88.4016973125884,87.3485674217758,85,83.2947323254455,80.6901615271659,76.7281105990783,72.761832170667,74.3726447413498,75,73.8140025372011,73.3869624860244,73.3403287862889,76.1179361179361,75,74.5107176141659,75.9231371465414,74.9166666666667,74.7126436781609,75.2001923245039,75.4859611231102,75.1381215469613,76.0683760683761,78.3885017421603,78.1326781326781,79.4223826714802,88.7777777777778,87.9170022436713,91.6666666666667,96.1538461538462,97.7443609022556,101.641794702149,104.488078541374,103.235908141962,102.941176470588,104.327858644041,108.786936236392,111.679884643115,112.044817927171,111.504493653294,110.351966873706,112.654845156648,112.578222778473,115.260938385938,115.044247787611,117.41452991453,117.647058823529,115.804367201426,119.132632662423,120.454116778744,122.951871657754,122.960740837355,123.582915096469,124.493927125506,129,128.513067694944,126.049756097561,126.190476190476,127.757585159022,129.392462773967,134.001484480432,135.601771096583,136.880156654112,138.831513497119,141.112956810631,141.293103448276,142.873266688165,144.693157291988,144.807678185074,145.833333333333,145.40243902439,145.962085759535,147.555424974603,148.247978436658,147.768395657419,147.540983606557,148.77408056042,151.145068176202,151.74672489083,155.270655270655,154.264972776769,153.508771929825,154.417344173442,155.489712073309,156.565656565657
"Cuyahoga","OH","Cleveland","39","035",29,,,,,,,,,,,,,,,,,,,,,,,,,,,,,,,,,,,,,63.5838150289017,64.1428571428571,65.1515151515152,67.9809653297077,68.4094921150877,69.4779116465863,68.2261208576998,67.8496868475992,66.6959829030598,66.0714013057012,65.1483729188497,65.2244897959184,65.2244897959184,66.510172143975,68.0622009569378,69.9403500094215,71.875,72.1938775510204,71.6253443526171,71.9784989316239,70.0165372447512,67.332345957355,66.0673965553455,63.997018998453,64.672072623419,66.1904761904762,65.7621143446635,69.0029615004936,69.1129522651262,69.375,67.0719512195122,68.2888176638177,68.0092059838895,68.0311890838207,66.3716814159292,64.1242937853107,63.2440476190476,64.6601497172892,68.3177589270454,71.9135802469136,75.3508771929825,75.3508771929825,75.3968253968254,75.5338078291815,75.7552083333333,74.6690951255798,73.2217573221757,71.4285714285714,71.8257645031033,74.3801652892562,77.3000859845228,78.5644051130777,82.5290697674419,82.3293172690763,83.3333333333333,84.4145021645022,84.0986394557823
"Hillsborough","FL","Tampa","12","057",30,,,,,,,,,,,,,,,,,,,,,,,,,,,,,,,,,,,,70.5580500320718,70.449362843729,69.9,70.2222222222222,71.0222222222222,73.2204151683557,74.773584996602,76.5607886089814,77.1640681976495,77.7444989508308,76.3560123257931,74.7920133111481,74.8847926267281,74.0995762711864,78.1671386192017,78.5839160839161,81.0967557899708,77.7681660899654,74.7347145022739,84.0516461301502,83.4128199827087,83.0985915492958,84.1209829867675,83.2759046931794,82.1922668619537,83.0764749078147,87.2881744940257,86.3363363363363,85.727969348659,85.8506944444444,87.5379259309092,90.7166846207465,94.3790374677003,94.5162306965017,98.7394957983193,100.230352218797,99.8947877909492,100.134408602151,99.8788612961841,103.845637183199,105.633802816901,104.751181645389,105.609756097561,106.045942734497,107.962213225371,111.71032357473,113.26051598036,111.383021196283,111.569504781352,114.0625,116.143216080402,115.885623510723,116.626794258373,119.896623018608,122.705314009662,121.73385953277,126.736938498198,131.048387096774
"Allegheny","PA","Pittsburgh","42","003",31,66.0493827160494,68.3157894736842,70.4875154477025,76.3262808705144,77.668284789644,78.6362889593552,78.0570972379336,78.5330294705295,78.4567577030812,77.9512619801819,78.0542986425339,76.608784473953,77.9947916666667,78.4021942110177,78.8981288981289,79.0060851926978,79.0780020629722,78.9123403904189,80.8943089430894,78.6704545454545,78.8825252913651,78.3409862725403,79.3561375661376,79.0378006872852,75.6681397306397,77.5132275132275,80.4506046320967,81.6770186335404,81.6420664206642,81.0757575757576,78.6229357798165,76.8269230769231,75.2667377967458,74.8220973782771,76.0495310935082,76.0038240917782,77.5,79.9671393421393,82.8292682926829,83.6753246753247,84.3339587242026,85.6321678321678,84.8705501618123,83.0078125,82.1799307958478,81.7263636363636,79.7619047619048,79.2783505154639,78.859649122807,83.0101569713758,87.2270742358079,89.9237762237762,89.2857142857143,91.6074810606061,90.0379506641366,87.9971590909091,85.6,86.3222572406673,86.0911098310292,85.0202429149798,87.7258235919235,87.0408225266045,87.9711416761306,90.0957209432681,92.28515625,91.4640730406149,90.7572751322751,88.7690355329949,87.9758948893027,86.842964784228,86.42578125,83.3333333333333,81.6346153846154,83.0247395833333,87.0769230769231,91.2527379257475,89.4726315789474,87.956698240866,86.4864864864865,86.9909654600882,87.8339947089947,86.5194654270773,85.6507936507936,84.6098362855609,85.5846774193548,86.2589928057554,92.4413829151732,95.3587168404102,97.0521497919556,98.4153461217681,98.2010484927916,99.437148217636,98.1756222126313
"Oakland","MI","Detroit","26","125",32,,,,,,,,,,,,,,,,,,,,,,,,,,,,,,,,,,,,,,,,,,,,,,,,,100.874831763122,101.690410547587,103.04932735426,104.550209205021,112.173646863732,113.258245865388,112.001712889001,112.3046875,112.141894560747,112.724193295739,105.744666058135,104.4921875,109.511723471114,109.95727988393,109.89010989011,110.294117647059,114.817749603803,116.200985142119,115.062664434346,116.100559111903,116.038327526132,114.679715302491,115.66757493188,115.70415783631,112.358406516482,111.428571428571,116.279069767442,118.964629120879,123.925811965812,125,126.029132362255,127.04261384027,128.62960042061,129.310344827586,131.254426624385,131.604938271605,129.807692307692,132.391879964696,132.655650284637,135.473340587595,140.218074549225,141.553622603043,137.41134751773,138.782051282051,143.12621124031
"Franklin","OH","Columbus","39","049",33,91.2052117263844,91.6752330974023,92.6556925964123,92.546875,91.6882150827105,90.621875,87.8734622144112,86.8957664278656,85.2941176470588,82.5431034482759,78.5714285714286,76.5172663358147,70,73.3543533054535,73.4157698675497,73.5926434030642,75.5989911727617,76.5384615384615,75.4388119896308,75.1121076233184,73.2421875,71.8005203932456,67.2866559394761,63.6828825502323,65.9531023991221,67.486800662338,71.1382113821138,73.6979166666667,78.02734375,78.3461538461538,77.5767207924837,75.3771214563383,73.3909287257019,74.9583333333333,79.665435293865,76.009423768615,77.2885670951899,78.8461538461538,79.0502793296089,80.3164556962025,81.2271897810219,81.2043795620438,82.319391634981,81.3944357763691,81.4421090261326,81.2470024595204,79.7373358348968,80.0565594740116,79.4433290502195,80.1697530864197,81.9041614123581,84.689349112426,86.0287081339713,89.0392373203917,87.886140783347,86.71875,86.4305620403875,85.6041131105398,84.555712270804,82.7380952380952,83.3333333333333,83.3333333333333,88.5416666666667,90.4586614173228,94.119645575125,94.1919191919192,93.75,93.2733596142569,93.8590032556975,93.2038834951456,93.2038834951456,92.3537503580907,91.6320346320346,93.8392186326071,96.0336538461538,98.8106129917658,99.7596153846154,100.509292140152,101.349198748643,100.823317307692,103.023255813953,104.82275862069,105.288461538462,104.676573426573,103.658536585366,107.524330247405,108.217763806706,112.019230769231,115.773309274273,118.043019089806,119.283746556474,119.835440408357,118.669112170416
"Hennepin","MN","Minneapolis-St Paul","27","053",34,,,,,,,,,,,,,,,,,,,,,,,,,,,,,,,,,,,,,,,,,,,,,,,151.727843915344,151.548387096774,149.954296160878,157.00014453408,158.568821158455,162.381840096559,168.803060217177,165.903890160183,164.506172839506,165.334252239835,167.440930232558,167.008662013287,167.772828714897,164.908116661272,161.764705882353,161.499323672295,169.220414054507,170.349907918969,175.306502818007,174.141221374046,178.481284340659,178.459821428571,178.994490358127,174.717239282457,169.748427672956,169.449715370019,170.068027210884,170.95991911149,177.050238619925,182.294832826748,183.235446415362,185.161290322581,186.908589746107,188.006374103642,189.434198755955,190.355946984344,189.864864864865,190.723684210526,188.229691876751,189.204545454545,195.341148181545,201.727416542103,205.086136177194,203.208556149733,203.796095444685,209.781119836684,213.161764705882
"Orange","FL","Orlando","12","095",35,,,,,,,,,,,,,,,,,,,,,,,,,,,,,,,,,,,,,,,,,,,,,,,76.0952380952381,74.3118838481868,76.9823788546256,78.6276715410574,77.2849462365591,78.4298014949705,80.8866115609537,81.8945906937341,85.386588359836,85.5460385438972,84.251968503937,85.8470495975379,84.8765432098765,84.2245989304813,85.1705063237235,87.1836295099623,85.4189336235038,85.7142857142857,88.7437505648,90.6107428110131,94.6394899883272,98.0861244019139,100.266429840142,100.997265960509,103.700926046694,104.044117647059,102.129471890971,101.960501417798,104.662226450999,106.210621062106,107.932999168787,107.053571428571,108.695652173913,108.559782608696,111.665004985045,113.240498972916,116.076610562972,115.99210266535,116.648992576882,119.106390704846,120.08307346578,125.829747551143,128.336242299795,127.189409368635,127.189409368635,130.44797382862,133.72591006424
"Fairfax","VA","Washington","51","059",36,230.359014531497,232.66640682517,240.740740740741,240.751445086705,234.375,230.207373271889,230.532786885246,229.378555236882,225.875600081962,223.125,225.397003923703,218.75,216.989843028624,215.868544600939,215.818089727855,215.973920130399,219.210526315789,220.286885245902,214.783447565184,217.091595845137,217.1388101983,215.801475714618,208.380149812734,206.517655616829,204.225981071099,211.273442303751,212.373199617706,220.719594594595,224.383802816901,228.040540540541,227.055207517619,224.474474474474,225.698924731183,228.906779661017,231.536020866992,227.667278968923,232.142857142857,239.72602739726,240.843087571556,249.109383154683,252.764612954186,249.73147307925,251.742835011619,253.019538188277,253.125,253.932584269663,249.643229640508,249.166666666667,250.391236306729,257.352941176471,261.996387885524,259.600054030455,263.157894736842,265.075757575758,265.400843881857,268.085106382979,265.906932573599,265.476892822026,262.237762237762,257.416267942584,258.75154582842,259.991517969339,259.991517969339,263.358510440524,263.690669371197,264.444444444444,252.361342334936,259.375,259.237288135593,260.019267822736,258.710801393728,263.437652184039,266.927349020898,264.336917562724,266.529489016237,265.821518987342,265.486725663717,266.063865394766,264.42205429611,263.805645173505,264.007597340931,263.157894736842,263.213628554797,263.10773799703,264.550264550265,265.477178423237,271.888472293233,275.308641975309,274.477564102564,273.896499238965,275.306142850003,275.500476644423,276.141515898124
"Contra Costa","CA","San Francisco","06","013",37,,,,,,,,,,,,,,,,,,,,,,,,,,,,,,,,,,,,,,,,,,,,,,,,,,293.478260869565,305.312742812743,306.603773584906,307.183364839319,303.514376996805,308.052434456929,310.115086380072,304.066543438078,302.534750613246,295.694969444,288.374125874126,288.374125874126,293.768545994065,317.561419472248,320.996978851964,332.887700534759,325.246765405757,325.413223140496,327.586206896552,326.523947750363,330.695683419519,332.073310423826,330.996884735203,329.968944099379,341.350601295097,368.838028169014,370.37037037037,374.435099009966,376.499857638486,375,362.823061630219,359.937999251504,356.752043172871,361.216730038023,358.490566037736,365.032918800293,376.776797351771,387.062566277837,389.810426540284,383.653846153846,384.025713634213,386.944818304172,390.835579514825,394.311299000769
"Salt Lake","UT","Salt Lake City","49","035",38,147.405900305188,141.987179487179,140.384615384615,144.444444444444,147.392752665546,146.945701357466,145.090909090909,142.259786476868,139.418604651163,137.192337676801,135.278514588859,132.058287795993,129.275255639995,128.654970760234,128.205128205128,122.941176470588,114.004723346829,112.982577119362,110.979034301209,108.052884615385,105.717404487568,105.845881310895,102.756035825545,99.8888888888889,99.9189632545932,98.08333413961,99.0100208161882,97.0439189189189,97.2727272727273,101.484375,105.300221975583,113.346828609987,114.484053898935,119.735182849937,128.155055636188,125.70011986488,124.495666510861,130,133.71955212153,136.400948297461,137.022526934378,141.110065851364,141.504854368932,141.63578343534,142.694063926941,145.729166666667,143.472906403941,144.072906267606,142.54327013771,145.275536598318,144.408369408369,149.852817493692,150.083651670856,148.995696789143,148.941176470588,150.278041188233,149.223416965352,150.223463687151,148,151.079449468349,155.205587370845,154.056157635468,149.713402033065,153.717948717949,153.063374485597,161.033865872576,162.719340397912,171.821305841924,172.853828306264,168.659169823232,170.069808027923,169.460384549868,164.423375283597,164.391447368421,166.538461538462,166.228070175439,173.108878896659,177.424387553698,178.16091954023,176.526717557252,183.068417415342,184.252086564183,183.068417415342,181.662674792619,192.567567567568,185.185185185185,187.333009294036,192.526019808629,192.796879878942,193.359123146357,198.288159771755,198.591628959276,197.841726618705
"Travis","TX","Austin","48","453",39,169.572798605057,172.491258741259,176.897751942157,178.494623655914,184.253442507458,184.961096374889,182.2182224429,178.450167271146,176.622699432405,173.826086956522,174.074074074074,175.14765138582,170.089858793325,160.545306847271,160.923276983095,160.708552071794,159.692482933485,153.335337743035,151.0138952263,147.097247668221,146.230012403205,150.138248847926,150.102389078498,152.214022140221,140.842961271539,151.876500327773,160.014255167498,164.594001463058,162.966601178782,162.380122057541,160.518731988473,154.83307447096,152.511125238398,156.262651821862,155.926916221034,165.465956257404,168.143424338174,173.17797125951,170.305114638448,176.122777229491,190.140845070423,182.258984597832,190.631808278867,180.816646345318,176.329946204423,177.340556590913,179.62962962963,167.439276485788,186.868686868687,206.918982850384,214.174198367599,214.174198367599,214.738929279577,195.783245459871,199.37250427838,197.79299847793,197.039147159293,199.137931034483,205.203866432337,205.139082058414,211.719798657718,215.787457720239,210.970464135021,218.407596785975,218.839400428266,223.100120627262,211.068702290076,224.339274738783,217.320261437908,217.565477881974,210.761485210824,221.048252911814,222.057735011103,226.415094339623,231.341971317889,253.419147224457,260.645371577575,277.363793150541,285.605483625286,282.115955014396,284.172661870504,280.524590196813,280.553420445811,285.378420641126,283.463610582278,289.179104477612,287.026406429391,291.101487518887,282.10182698189,281.871499978966,291.176470588235,283.9328775266,286
"Saint Louis","MO","St. Louis","29","189",40,,,,,,,,,,,,,,,,,,,,,,85.7843137254902,82.9347826086957,79.8212005108557,81.1237145367164,79.4261294261294,81.5217391304348,84.5,87.4232766761095,86.0064585575888,86.4510489510489,84.5796063691439,85.5012351260151,85.5383113136364,91.3058278867102,89.7465437788018,88.1410256410256,92.274678111588,95.1322751322751,95.5330711595194,95.0460829493088,95.3084346857493,92.420092948262,91.8710716648623,90.7676348547718,89.6645569620253,88.7920875420875,85.0636363636364,85.6617647058823,88.6916522021986,92.0506912442396,96.1538461538462,95.9651162790698,95.8978328173375,94.0860215053764,92.3857955643936,91.8327048273016,90.3846153846154,88.0566801619433,88.1742738589212,87.2270742358079,90.9919028340081,93.5175345377258,96.9660194174757,97.8618421052632,99.1525423728814,98.2295382389264,95.7844827586207,91.1146356507181,91.6201117318436,88.1742738589212,84.4871794871795,83.2491582491583,84.7272727272727,89.4858595334889,97.6376488095238,97.7185597831405,96.8836565096953,97.2979802791168,96.8023255813954,95.7214769895521,95.416270321688,94.8230192217534,91.9772875461856,87.874659400545,91.4473684210526,96.3154492566257,101.622926878189,103.258426966292,105.915901600753,106.801643570738,106.345390720391,107.142857142857
"Montgomery","MD","Washington","24","031",41,,,,,,,,,,,,,,,,,,,,,,,,,,,171.531130876747,164.960590222342,179.863818297332,181.601903251388,193.333333333333,173.560772028217,157.268263943441,174.707750952986,196.374622356495,191.25,190.943493367122,196.374622356495,195,199.583333333333,196.374622356495,175.86611861421,167.415730337079,174.294783010157,202.819331319456,181.905781584582,206.816081038303,180.765839331229,181.060991105464,179.604129757007,184.233835252436,198.448687350835,217.214484679666,231.296101159115,216.545961002786,219.777158774373,230.462962962963,231.519090170593,220,225.563909774436,225.563909774436,229.52380952381,227.923464650484,208.857938718663,206.052801030264,202.927877858059,180.769230769231,197.715877437326,200.255102040816,195.557199694673,195.750160978751,200.255102040816,213.114754098361,200.776228319118,218.945487042002,215.966711092264,206.030716910283,228.152173913043,227.376116978067,216.176470588235,213.032786885246,217.214484679666,224.241666666667,223.370577281192,223.304269799005,252.23068166533,250.776966216146,242.39934264585,234.92587842788,240.780911062907,266.462886300183,278.769487906964,280.027059062425
"Honolulu","HI","Urban Honolulu","15","003",42,452.898550724638,453.874538745387,450.666140970131,449.606041193714,452.822025565388,458.59872611465,451.958156374017,434.850701099566,431.390977443609,429.990069513406,415.178571428571,416.068866571019,419.628441847071,399.769543660345,406.353915662651,397.493773349938,395.555405059392,391.964285714286,393.491124260355,403.519733416641,405.468865143699,416.179202223565,411.531623357961,404.166666666667,412.639405204461,422.028985507246,413.660782808903,403.348554033486,407.311951126384,418.026418026418,421.750663129973,417.10182767624,403.614457831325,412.559618441971,421.994745321228,423.809523809524,426.814389989572,423.162583518931,422.486146996214,430.316091954023,424.071082390953,396.336519822814,430.164237797826,426.848789839444,424.766977363515,422.047162086452,439.78349120433,445.756914200037,445.325739443387,449.873693714461,459.635836287464,460.01415428167,462.847222222222,449.537773067185,455.882352941176,459.210526315789,464.709737827715,464.352594970572,465,466.870540265036,477.457512280504,477.386934673367,479.89898989899,489.302059496567,500,505.922165820643,516.85393258427,519.81379325557,517.241379310345,525.862068965517,532.655278680084,537.981706784644,543.141764477812,482.039392399514,537.634408602151,535.415889277112,546.605293440736,554.21686746988,544.407068897664,543.905302706857,555.277777777778,555,555.555555555556,557.182067703568,556.14406779661,553.67683531746,556.746373657609,560.776302349336,565.539041467997,566.791121502136,562.197092084006,566.699110685631,564.125226245817
"Westchester","NY","New York","36","119",43,268.959459459459,262.5,263.627353815659,259.72972972973,261.113949923352,257.615927419355,251.578947368421,255.444444444444,251.297257227576,246.724728487886,243.333333333333,240.872178865218,241.176470588235,236.541598694943,244.454545454545,238.095238095238,239.423076923077,237.251063048732,234.509803921569,229.196513849093,227.126820693119,222.352941176471,219,218.622942386831,218.517006802721,218.625,220,220,220,220,217.647058823529,216.136363636364,215,217.647058823529,224.264705882353,221.132478632479,220.915122858693,220.666584846997,225,230.602129386787,233.25,234.117647058824,228.717948717949,226.363636363636,221.262420957543,220.306513409962,212.276060885609,217.272727272727,217.272727272727,216.346153846154,226.363636363636,228.612405996042,230.392156862745,232.692307692308,233.913043478261,237.457482993197,231.296070557866,233.82776801406,234.117647058824,227.140542210275,225.909090909091,229,229.166666666667,233.917543859649,239.083333333333,240.833333333333,242.388591800356,240.833333333333,239.583333333333,241.197299077734,244.906639004149,241.60447761194,238.257575757576,238.385167464115,237.979797979798,239,239.6,239.2,236.363636363636,238.826466916355,240.919199406968,240.514688567055,236.736842105263,236.842105263158,230.863636363636,236.178492015363,243.589743589744,242.785714285714,255.069912095821,256.385613175222,256.458514130476,255.996256684492,255.616438356164
"Milwaukee","WI","Milwaukee","55","079",44,,,,,,,,,,,,,,,,,,,,,,,,,,,,,,,,,,,,,,,,,,,,,91.25,88.8332045337455,88.8330757341576,85.0577416595381,77.9036827195467,79.2622133599202,81.4159510413582,87.533692722372,92.4235901851055,95.1306140048847,96.4862043711,92.814790228359,94.1386194734853,93.0750232991612,93,89.2494929006085,91.3361169102296,92.7215189873418,91.1640098721189,97.3435655253837,104.946935361027,102.716593245228,100.69980166177,99.7211644528645,97.7578736467387,100.909090909091,100.221075902727,100.460636515913,97.165991902834,99.4394562600321,101.238738738739,108.651348888852,109.977622133192,111.607142857143,107.000795544948,105.369094085912,108.016304347826,105.022831050228,103.7763015339,97.2222222222222,93.6854096497097,94.4838455476753,97.4018759018759,98.4426589260955,101.510105588737,99.9091734786558,97.4258970358814,96.3828889536437,98.562222697114
"Fresno","CA","Fresno","06","019",45,,,,,,,,,,,,,,,,,,,,,,,,,,,,,,,,,,,,,,,,,,,,,,,93.7757459663909,91.1292418621225,94.7412923997528,96.1216317422471,96.3052208835341,101.326053042122,99.3165584415584,102.699530516432,103.036601920851,109.234234234234,109.980620155039,108.406332012175,104.031209362809,106.354042648184,101.651842439644,110.655737704918,113.12594201174,111.701375288332,111.046511627907,108.812363093426,115.021377599927,115.850280686045,114.465061901237,114.189189189189,113.765642775882,115.786419036564,116.379310344828,115.98968407479,119.455511288181,122.87443160288,123.906705539359,127.264150943396,126.819400612201,128.239499553172,127.826941986234,129.263017383275,130.019120458891,129.255989911728,129.590237348858,130,135.504201680672,135.532945593386,139.534155937053,138.734910076373,142.851648351648,137.500137500137,138.569198073494
"Shelby","TN","Memphis","47","157",46,,,,,,,,,,,,,,,,,,,,,,,,,,,,,,,,,,,,,,,,,,,,,,,,,,,,,,,,,,,,39.5778364116095,38.3754973350349,39.6328403875574,41.687552213868,44.6641187569312,45.7674516706184,50.4217434918771,50.388198757764,44.6492237075508,43.1547619047619,42.8954766164068,37.8902953586498,36.0827017230016,36.2864077669903,35.5392156862745,37.3563218390805,39.5913154533844,44.5938528713759,43.2168921540103,50.8559919436052,53.6912751677852,48.2014388489209,48.1770833333333,47.0183486238532,44.7427293064877,46.9613259668508,45.5285987958402,46.2375339981868,45.8081244598099,46.7262825812829,45.3235138328648,43.59375,45.3365421455939,44.0258333333333
"Fulton","GA","Atlanta","13","121",47,,,,,,,,,,,,,,,,,,,,,,,,,,,,,,,,,,,,,,,,,,,,,111.709809149152,113.405041070482,112.815884476534,109.524780069771,106.648647601333,112.538193513803,117.348484848485,120.424527218969,119.817073170732,125,123.69217575304,124.463519313305,124.819752402069,124.201183431953,115.511551155116,117.803970223325,120.769610202117,125.685974726942,128.205128205128,130.232744549693,131.045215487494,133.064516129032,131.756756756757,135.822439826342,136.266855926189,136.67207657536,134.933966474214,134.641847367581,128.205128205128,137.265711135612,145.124481327801,149.343232438607,151.098901098901,149.880952380952,153.791208791209,153.791208791209,156.868271091443,158.371040723982,158.10175478106,154.245673588924,157.189860965222,160.747663551402,169.765561843169,172.413793103448,172.175344797421,173.840279470306,177.111716621253,178.241341991342,178.585910850485
"Mecklenburg","NC","Charlotte","37","119",48,115.006160843084,113.598484848485,113.140992167102,112.823335167859,112.237442922374,112.713675213675,108.420138888889,100.830367734282,106.699029126214,102.475247524752,98.4381719304789,95.4545454545455,93.0875576036866,91.7454328305392,89.1532757432115,87.7513711151737,87.7513711151737,89.5941888619855,88.6792452830189,89.0625,87.2019788324044,89.5927377892031,89.9752252252252,89.1544117647059,93.0434782608696,94.1220798794273,94.9425986681659,91.1625040592803,87.4375,86,86.5942028985507,87.3941018766756,87.6353887399464,89.35546875,96.8844984802432,99.8217814927774,97.5877192982456,102.870813397129,103.81031570056,105.994152046784,106.245189550292,105.489864864865,105.022831050228,105.020491803279,107.223089963028,108.937441267284,105.990783410138,105.030891438658,102.378378378378,102.299957683829,104.166666666667,105.249662618084,107.5,107.766143106457,106.78391959799,105.13468013468,105.219880290826,105.698529411765,103.296697339373,100.787401574803,101.94206714944,107.402280667062,109.015151515152,114.795918367347,117.1875,117.201808608059,122.354497354497,122.478991596639,122.223095817767,129.96835443038,132.013201320132,132.679738562092,135.477582846004,140.771105105761,142.688667765331,140.183387270766,145.718344155844,145.396803783385,137.310606060606,132.303618711386,130.913091309131,133.587786259542,135.628865979381,136.657321068548,141.098484848485,134.549090909091,141.838351822504,145.823263888889,144.758064516129,143.004984445701,142.884076707606,143.099547511312,147.058823529412
"Erie","NY","Buffalo","36","029",49,93.1660992516256,95.1587301587302,97.7360279441118,98.0201863354037,98.9345893102771,97.6395570963634,99.1276764472641,100.100200400802,98.9785495403473,98.3066502463054,96.8463302752294,95.688622754491,96.0576923076923,100.138217000691,100.119208700746,99.5300088261253,101.361470388019,98.3990147783251,97.7416872692173,96.6517857142857,96.0851063829787,96.9633066216786,96.8802698145025,96.7114428945074,96.6523922472215,94.5551801801802,94.527027027027,97.7517106549365,97.4290780141844,96.1508852963818,96.1042888020371,94.9074074074074,93.8200330054263,92.4768518518518,94.0401505646173,94.9187869268536,92.8047136171161,93.0952735596861,91.9794464177424,92.3017705927637,93.2781124497992,93.9909297052154,93.3668341708543,91.5533285612026,92.5707159527958,90.8963585434174,89.1003798589903,88.4353741496599,89.4865525672372,90.4280058841345,94.5378151260504,96.1228287841191,97.8466007505774,98.037482494906,94.4084278768233,94.6925957029883,93.1623931623932,91.7916298606159,91.0758333333333,90.1935483870968,92.2235722964763,92.6190476190476,93.4857934857935,94.9402175562305,97.9460181698792,97.7085076932981,97.96918767507,99.2549668874172,98.428453267163,95.404366342534,93.1945288753799,91.7372881355932,90.2841596130592,91.2275867246694,93.3189655172414,96.9063545150502,98.6772883442893,103.121394230769,100.888805414019,101.550397386677,100.192841788887,97.5298126064736,97.7232396365701,96.7821782178218,95.0975695442496,96.3155594405594,99.875,103.448275862069,104.760458839406,105.673076923077,109.967637540453,110.414052697616,108.428801287208
"Du Page","IL","Chicago","17","043",50,144.53125,142.777777777778,140.950819672131,140.436200319921,140.975609756098,139.91992481203,137.639344262295,136.15664845173,134.279558908272,131.944444444444,132.141008185262,129.803586678053,127.757352941176,126.388888888889,125.943815234288,124.331774836442,123.388581952118,121.361898335583,120.611285266458,119.271502907867,115.904700579524,114.163501823076,112.914811028125,110.753955696203,109.045454545455,109.337375723806,108.817705299942,109.963325183374,107.530402245089,108.265408163265,106.496272630458,105.692497567375,103.761071576244,104.43143812709,106.382978723404,105.360110965446,106.305072636342,107.683982683983,108.108108108108,110.483594528296,112.609422453615,113.404659960093,112.9882106279,113.442682240737,114.762172242708,115.370595382746,115.798180314309,114.726840855107,116.580310880829,120,122.591943957968,122.907391328444,124.280104712042,125.418410041841,123.743627093955,125.96247867393,126.810156534401,124.742798353909,126.860411360071,127.383191282195,127.090301003344,126.042028018679,127.304653204565,127.782357790602,128.826027149898,129.537037037037,130.351170568562,131.362285976411,130.566801619433,130.533333333333,129.296066252588,129.417206290472,130.497302001741,130.491551459293,131.628993713303,134.233576642336,134.5,133.715596330275,134.50534025454,136.198462613557,136.078048780488,136.896541351687,135.567762438491,138.326585695007,142.237437095982,143.688622694696,143.537414965986,143.333333333333,144.895138226883,144.563106796117,144.52479338843,146.266666666667,145.074224021592
"Fairfield","CT","Stamford","09","001",51,234.001101298103,235,236.875,236.663086251205,235.795454545455,235.454545454545,230.723718492403,226.926891340101,219.604928315038,222.250587268029,222.426410744754,220.156518301647,215.081967213115,215.395003376097,213.804292929293,212.708764665286,213.270142180095,213.357388196926,209.167717430222,205.718879191548,203.999944618282,202.215799614644,200.559701492537,199.955575299867,201.18965760011,201.382938388626,198.746416730262,199.261147338209,201.846497556933,200.806451612903,197.386331917005,188.418890774452,194.373401534527,193.954973216347,195.052083333333,192.206477732794,194.105409153953,203.625693226726,207.547169811321,206.491712707182,210.25999115401,208.407552590573,212.621262458472,212.962962962963,213.707908885116,209.549689440994,205.23178807947,201.286764705882,205.375590113857,207.830722891566,215.566037735849,216.460396039604,213.892634781805,211.413094799392,210.531832258197,210.428305400372,213.342731829574,211.856095679012,205.574912891986,204.399758528771,206.370569762225,209.943181818182,205.667701863354,208.908130973678,214.354066985646,214.077650598598,214.347070746681,214.800531914894,222.160493827161,221.259136212625,219.191427179737,215.2,212.621262458472,212.621262458472,217.753789403936,225.450901803607,227.159090909091,232.124148253181,233.457196513495,232.124148253181,231.727272727273,229.44262295082,224.57443469864,221.714285714286,221.521509875278,229.236997369322,229.44262295082,231.245166279969,230.549660899803,236.021220159151,237.714285714286,235.37259386316,236.3634385397
"Pinellas","FL","Tampa","12","103",52,113.818860877684,111.762918362732,110.199862164025,108.583223706986,104.761904761905,102.564102564103,100,98.4339087485941,95.7313668710728,95.8230105105105,95.1587301587302,94.4444444444444,91.7118346291866,89.3796992481203,87.198233995585,78.7750151607035,77.668284789644,79.4763223538491,78.7393594322036,75.5399216972198,72.8260869565217,69.5047784535187,70.3125,68.901303538175,65.1607298001738,68,66.3461538461538,63.9130434782609,67.5430987798638,68.1430155210643,65.5544444444444,66.4923954372624,69.888178913738,72.1296296296296,85.0952732108317,82.5594561376556,80.7070707070707,78.4467713787085,77.9947916666667,76.5555555555556,75.0858794384806,77.5728155339806,77.9861796643633,78.5116279069767,78.4518828451883,80.9090909090909,74.6621621621622,81.8414322250639,79.8761904761905,87.2010342598578,94.2767295597484,90.9090909090909,91.4607097591889,92.1845574387947,87.1947605500237,88.2575757575758,88.13971287907,88.9679715302491,82.9818957474294,83.5284280936455,93.9357186173438,90.3614457831325,94.5170437221782,89.2086330935252,86.3527805036596,86.946736684171,89.5112016293279,95.5652173913043,97.823547979798,96.9902912621359,91.2809131457925,87.4572708757638,94.6474276187569,106.492248062016,106.38783269962,96.8992248062015,96.5546218487395,97.6119567031005,102.648433847592,102.535117056856,108.859470468432,106.481481481481,105.145806350328,104.232900386902,100.979548929664,104.393670081548,110.264427217916,113.831269349845,117.549019607843,116.407766990291,113.786318563206,111.016161616162,113.865546218487
"Bergen","NJ","New York","34","003",53,238.541666666667,241.897627965044,249.025497512438,245.539583333333,248.214285714286,243.589638157895,241.573033707865,246.764705882353,250.571210967251,252.888888888889,255.992434610706,248.362592935778,244,248.150638870208,244.42121407814,244.210526315789,233.25,228.571428571429,229.234167893962,243.787703804348,237.313432835821,227.904655135597,226.293103448276,217.060185185185,238.483965014577,242.305626598465,241.907268170426,237.097791798107,230.47619047619,230.353560598487,235.900662870006,224.905303030303,230.009701673539,233.933386201427,238.483965014577,243.41580207502,253.134040501446,260.930599369085,257.935483870968,261.863600317209,264.872416891285,260.826086956522,260.413043478261,278.855480116392,279.830362277171,280.52175032175,269.755716742796,261.904468876491,261.687725631769,259.642210276375,247.470101195952,264.201211237645,266.337355184966,269.685344493529,269.607843137255,270.550678371907,280.769230769231,283.654937570942,286.452353616533,280.909090909091,277.975484381178,277.736928104575,292.216448415632,297.665369649805,294.419499679282,294.068114858652,292.967032967033,280.561122244489,276.551497001922,284.96175086004,285.161596958175,292.447437745415,284.1578899991,295.333911754551,299.647887323944,305.404867256637,296.717277735562,294.348508634223,294.348508634223,295.335509055518,301.064705087094,303.976608187135,298.55921381378,305.550082101806,301.142697881828,301.003344481605,312.192231334921,300.117056856187,296.950240770465,298.913043478261,310.109703954668,321.878732200276,320.342205323194
"Marion","IN","Indianapolis","18","097",54,,,,,,,,,,,,,,,,,,,,,,,63.8695477386935,62.5768843556411,61.1510791366906,62.280701754386,63.2090761750405,65.0261158594492,66.7334669338677,65.2799227799228,63.7755102040816,63.5609567901235,62.6939248502748,62.5990491283677,62.1538040503558,61.3744967154058,62.4144887175093,63.0895420369105,64.9671052631579,66.9934640522876,69.3673695893452,71.3389039152008,72.0620842572062,72.3830734966592,71.9318849089841,71.9255554053445,68.2773109243697,67.4603174603175,66.200039184953,67.392370506378,71.0316636168708,73.3333333333333,75.0598086124402,76.2547709923664,73.5926628716003,72.6679104477612,71.25,70.5128205128205,70.8279957454572,67.4167416741674,67.7162356321839,67.2692776094576,69.3218283298355,72.0846228176702,73.9982578397212,73.2746823069404,69.4444444444444,67.0706900519429,65.2412280701754,64.8285722445541,64.3267798629729,62.6666493874518,60.3086798738048,59.531158246252,62.5,62.730646956556,64.889446366782,66.1214953271028,66.6666666666667,66.0882529403075,65.7894736842105,68.0139151720263,68.5255198487713,67.7601809954751,69.1650853889943,73.1032844733985,74.5131840535733,77.8535029992429,80.8189655172414,82.3484258876032,81.530612244898,82.046332046332,84.1675955039688
"Wake","NC","Raleigh","37","183",55,,,,,,,,,,,,,,,,,,,,,,,,,,,,,,,,,,,,,,,,,,,,,,,,,,,,,,,,,,,,,,,,,,,,,,,,169.060251798561,170.721112983031,173.258393285372,173.258393285372,180.555720372257,185.742980561555,187.5,182.611637347767,180.991360691145,173.361300681374,182.786885245902,174.942669365989,180.134588289949,166.633986461309,170.967741935484,170.023424107839,171.023630003887,178.199883109293,174.316461114542,169.139828781084,173.489156626506,176.480637813212
"Hartford","CT","Hartford","09","003",56,150.882612533098,150.882612533098,150.613931523022,150.992234685073,149.739583333333,149.418604651163,148.727251753415,148.542888137332,148.148148148148,147.654584221748,146.739317207702,145.148413753799,145.550161812298,145.51361936977,141.913580246914,142.392188771359,141.77304964539,141.77304964539,140.423134851846,137.821357943309,136.188271604938,133.571428571429,132.499271986022,132.134949872977,132.9213248627,133.52417302799,133.25,133.561643835616,134.20245398773,132.8125,133.362989323843,133.25,132.90273556231,133.66812202879,132.551020408163,132.471450186429,132.343499197432,130.225137533531,130.646064241764,133.816964285714,133.75,134.461805555556,134.418402777778,135.049370171849,135.330162846062,134.518498633346,132.734375,132.622478336342,132.801822323462,132.852564102564,132.665178160775,138.18301514154,136.344952907453,136.076732673267,136.524822695035,135.815217391304,134.110289937464,133.666969972702,133.067092651757,133.399621212121,133.096931659693,133,135.011661359701,134.157894736842,133.670520231214,133.151634154895,134.074063359819,132.023454239363,130.753138075314,131.614959839357,130.649011299435,129.722529399072,130.127728174603,131.146106736658,131.499202551834,131.173092698934,134.565217391304,133.238095238095,133.37881936545,132.326913066111,132.208994708995,131.648516292529,132.455118431708,131.238273921201,131.578947368421,131.861912846633,132.938325079101,134.456715979008,135.709336025356,135.218888342351,135.342261904762,134.491393672473,132.983870967742
"Duval","FL","Jacksonville","12","031",57,,,,,,,,,,,,,,,,,,,,,,,,,,,,,,,,,,,,,,,,,,,,,,,57.0883661792753,58.7332139601764,58.3820662768031,61.7986798679868,64.4329896907217,66.0621761658031,63.3484162895928,65.4166666666667,67.7056497843641,67.3076923076923,67.6450928405762,69.4326241134752,66.7448951553702,63.9099658458425,65.4761904761905,70.679012345679,71.3333333333333,76.1578773429017,76.0445682451253,75.7825391742169,74.38768009409,74.3016759776536,76.9544548588666,78.2953419226957,78.8378766140603,78.772707983915,80.5153385708941,82.3045267489712,87.1341048332199,88.2597568777991,86.6616428033157,88.2338710108587,86.883730080661,87.9696993231232,87.5227591036414,88.3440514469453,89.5880467571644,93.75,92.1474358974359,92.418089576256,96.8188105117566,99.6184858584829,102.564102564103,102.621336996337,102.205882352941,104.062326099054,104.166666666667
"New Haven","CT","New Haven","09","009",58,156.157769097222,158.490566037736,160.483743686869,160.019175455417,158.823529411765,159.722222222222,156.163194444444,154.598662207358,152.205882352941,151.577262056133,150.653266331658,148.286676554196,147.733990147783,149.299719887955,149.651998930407,148.744186046512,149.321266968326,147.746923389304,146.686607757138,144.02380952381,143.012168419443,141.838235294118,140.374331550802,138.762626262626,136.712749615975,137.578669724771,138.572772277228,139.978448275862,140.522875816993,138.796296296296,137.001416584009,135.137107064146,136.415525114155,132.180149396058,133.333333333333,130,129.518072289157,133.276119402985,139.312267657993,142.109446438355,141.284797249214,142.53355704698,142.109375,141.525316833489,141.802828738372,140.583682810245,138.035776346958,139.356435643564,138.789682539683,138.827457264957,143.490119885132,145.892891567177,144.830917874396,143.551236749117,143.660732777112,142.857142857143,140.074906367041,137.873264454729,134.857142857143,134.522207267833,134.69569429765,134.296041427727,135.979422978656,136.133603238866,136.678823994417,138.194444444444,136.363636363636,134.791958450047,137.415435441751,136.363636363636,134.83547925608,136.190476190476,138.174256799494,138.092105263158,138.845486111111,141.653905053599,141.718838929994,142.511521280761,141.626213592233,141.605769912132,142.434210526316,142.481806288074,141.619869087287,140.083073727934,138.312349449949,139.594972067039,141.571516818109,145.150212915576,146.639605412981,145.925139275766,144.654788418708,141.574585635359,141.975308641975
"Macomb","MI","Detroit","26","099",59,,,,,,,,,,,,,,,,,,,,,,,,,,,,,,,,,,,,,,,,,,,,,,,77.4735532047293,74.8542880932556,74.1358170569851,75.917704011065,77.9730055894309,78.684429641965,81.787175989086,82.7241379310345,81.8181818181818,83.2222222222222,86.1105739012716,86.2382281187957,84.5119445570301,80.3497085761865,84.9282893728083,87.1517509727626,87.6054510058404,89.0279823269514,89.7654690618762,89.0993671780538,91.1494551282051,91.1276948590381,90.8727272727273,89.9166666666667,89.5646606914213,88.6179731569734,89.8496240601504,89.530303030303,93.010752688172,92.7051671732523,92.4561281983638,89.2857142857143,86.6666666666667,85.1136363636364,85.2362444935265,84.8214285714286,84.3373493975904,84.8914069877243,84.9,87.3258754863813,89.7455291615493,89.4557823129252,91.6089299461124,89.6699707951488,87.9734848484848,89.928522804629,89.8496240601504
"Kern","CA","Bakersfield","06","029",60,,,,,,,,,,,,,,,,,,,,,,,,,,,,,,,,,,,,,,,,,,,,,,,88.2168037654051,83.3333333333333,88.1410256410256,90.3683693516699,90.4471544715447,98.3333333333333,99.9618611746758,102.159090909091,103.667262969589,101.076555023923,100.627543095651,99.875,96.9482917820868,98.1242300967594,96.6750276573564,96.6745317668428,98.9208633093525,96.5773809523809,98.1584821428571,100.52954427212,99.7652582159624,100,100.925925925926,104.1015625,102.676169991448,102.439143167729,102.287765173114,101.978452971977,104.0625,108.215781890621,106.838252270279,109.69387755102,110.832716471521,110.699081316411,111.464968152866,109.536352977918,110.192837465565,111.311672683514,109.775900900901,110.677083333333,112.474437627812,114.055299539171,115.384615384615,116.066903193107,112.994350282486,115.948509511611,116.824609958894
"Ventura","CA","Ventura","06","111",61,,,,,,,,,,,,,,,,,,,,,,,,,,,,,,,,,,,,,,,,,,,,,,,279.255319148936,284.692994654059,292.67385721623,290.322580645161,289.301785864207,296.367112810707,298.039215686275,288.11793174615,299.017857142857,291.539113428944,289.661319073084,291.711978090581,292.230769230769,281.683098591549,288.028169014084,296.25550660793,305.902133580705,306.718061674009,307.606837606838,311.337732453509,310.600326867327,320.447290967127,321.775051771744,324.294315992293,320.93023255814,317.794185563537,315.572865989213,319.735391400221,320.830542531815,325.722188076214,329.400196656834,333.535528596187,338.300395256917,340.683572216097,345.778295989074,347.208617789651,344.095549016728,342.064342326975,344.01524428748,349.503858875413,356.177606177606,356.372985394433,363.551401869159,363.654007812886,362.009271043235,364.57699330493,375.568551007148
"Middlesex","NJ","New York","34","023",62,,,,,,,,,,,,,,,,,,,,,,,,,,,,,,172.323529411765,168.265306122449,162.700749212101,162.745098039216,167.93893129771,181.097084201615,179.882125603865,176.809210526316,176.809210526316,176.809210526316,184.080515851844,184.027777777778,184.538461538462,192.442882249561,185.424028268551,187.45,184.585798816568,186.28526645768,183.932277555694,184.083601286174,185.510349750178,183.788121990369,179.506740196078,180,182.941176470588,187.375,181.952662721893,176.110627468246,181.952662721893,171.311003236246,181.666666666667,183.871814092954,161.350857290825,161.723163841808,172.272727272727,179.166666666667,180.372388737511,184.935287567743,185.504902097103,185.264663805436,188.081149619611,183.854679802956,181.772727272727,176.244473916888,174.389392882066,183.415018472906,188.915642601498,195.226917057903,197.370766488414,192.306781926041,188.020833333333,190.194420963652,185.825410544512,185.301724137931,186.387714007782,185.301724137931,187.010954616588,180.856423173804,188.503803888419,203.517587939699,203.974032495248,203.37916434022,196.161037514421,193.487592468393
"Gwinnett","GA","Atlanta","13","135",63,,,,,,,,,,,,,,,,,,,,,,,,,,,,,,,,,,,,,,,,,,,,,,,65.2088772845953,63.2342534744358,64.900153609831,67.5675675675676,67.7885494368875,69.1001874250034,71.5425531914894,74.3790976100234,74.1955445544555,75.3174603174603,74.9297094657919,76.2135176927503,76.1306341986918,76.0425183973835,73.4950979495767,77.8776978417266,77.6770237121832,77.6073088485728,81.9672131147541,80.7957264252124,80.2092444651778,80.1068090787717,78.9090250167428,78.8364059391873,79.2068287774278,78.8947368421053,80.0490596892886,82.6783867631851,83.6709106472892,86.4348382930046,86.8498722800032,86.9565217391304,88.0797817651337,88.3507853403141,91.7562724014337,89.5161290322581,91.6820854249764,92.0185340022297,89.7009966777409,91.5948275862069,92.7194860813704,94.4045911047346,93.3257918552036,96.5793056501021,97.5143781586959,97.5,101.888667992048
"San Francisco","CA","San Francisco","06","075",64,,,,,,,,,,,,,,,,,,,,,,,,,,,,,,,,,,,,,,,,,727.047146401985,743.255813953488,745.561761229314,733.492846088653,774.333539987601,783.783783783784,782.978723404255,784.933129005294,791.93173492998,786.350148367953,797.014778325123,796,810.640216411181,822.222222222222,801.802575844796,790.718426917035,798.277982779828,801.062053538523,856.222561286883,916.916307089496,864.485981308411,904.761904761905,925.263157894737,908.987485779295,876.270395392253,897.620200846007,906.533575317604,935,935.625,959.183673469388,966.343042071197,966.009708737864,941.037735849057,982.5,1011.54958953088,1015.45185358672,999.167360532889,1005.0375769192,996.670362158167,1000,1007.7579519007,997.893628225382,998.858447488584,977.815421943425,985.507246376812,1026.29890955741,1025.1572327044,1024.37348814707,1078.32651166038,1065.6741141772,1083.20393374741,1070,1051.28205128205
"Baltimore","MD","Baltimore","24","005",65,,,,,,,,,,,,,,,,,,,,,,,,,,,,,,,,,,,,,,,,,,,,,,,,,,,151.634903810338,151.456235541183,156.425041186161,162.420382165605,162.846803377563,156.979091604405,157.031885303214,151.244860950678,153.550863723608,156.425041186161,145.174371451744,144.613208030705,143.898594177405,140.51738466344,136.80358829084,148.164201092941,157.67308097282,149.113699906803,148.829922014084,152.033674551475,153.73417721519,148.546144121365,148.760406198198,142.776757106975,143.26375711575,148.546144121365,148.359375,145.774121166791,148.546144121365,136.067101584343,134.938001458789,135.171696149844,137.957957957958,142.946116071429,148.158131176999,147.26282627226,144.294060294263,140.831715695919,144.092707744488,142.259414225941,141.558287846719,141.558287846719,138.096921268855
"Hamilton","OH","Cincinnati","39","061",66,79.6925566343042,80.4752066115702,82.3577906018137,81.5422885572139,79.9933288859239,79.4940476190476,76.6666666666667,77.6827371695179,79.296875,77.6794289690224,76.4063342739072,72.465034965035,70.0458631324353,68.3178137651822,68.9387402933563,70.5605053860868,71.0257240122747,70.2892885066458,68.6009869790118,66.1777185609042,66.6357738646895,65.3311529026983,63.0526315789474,59.1775325977934,58.0275229357798,59.3125,62,63.0623520126283,64.1025641025641,64.1782004300554,62.3261772853186,60.2657017904696,59.3769677292405,61.6001094432989,69.9258234576508,68.75,68.75,68.3682771194166,69.5331695331695,70.2380952380952,72.0403936971772,73.3110925771476,72.1895424836601,71.4626391096979,71.0383470676991,71.2726080520066,69.5450324976787,70.6148128960268,69.2872704637411,70.5917562425354,72.0458776766452,75.0501002004008,76.079985051411,75.1618122977346,74.8543399889074,73.9644970414201,74.1111853336302,74.4047619047619,74.4047619047619,69.7207678883072,70.6848441504261,74.3617021276596,73.5567970204842,74.7593582887701,79.1031006324322,78.3333333333333,78.0711368405276,78.5229202037351,78.8194747223087,77.2330423102754,76.7172976203583,74.7700212635153,74.6799045430821,75.6378142848731,78.6513570532558,81.7413456858426,84.3102160006709,83.533006295015,81.6666666666667,80.3054236082255,80.9342230695901,81.8181818181818,82.8538424189392,79.7246218995765,79.8187359587409,81.4723249398368,85.1213915618061,91.1943649182106,93.9140669110689,95.2908033442385,94.7395833333333,93.356401384083,94.3335082196572
"El Paso","TX","El Paso","48","141",67,84.3943482313693,83.6375412807312,83.6375412807312,83.2717091827045,81.1740833289028,81.8719761816152,82.0235212473063,83.7310664605873,83.4621329211747,82.2787340641897,80.8573309616536,77.5862068965517,79.0999853477468,79.6039846757477,80.2342348892443,79.0999853477468,80.3857210481932,75.599582898853,78.5918513223731,78.8555478018144,77.7535780958307,72.7303275696127,74.3537061118336,77.2230889235569,77.0833333333333,80.188679245283,83.3333333333333,83.6120401337793,82.4590751315642,80.5307168797876,77.9264214046823,77.7173913043478,75.2513586956522,75.9109311740891,76.9551027439871,79.0723981900452,77.0321361058601,77.3643313070434,77.0321361058601,77.0321361058601,77.0321361058601,75.3768844221105,75,73.0638018579424,79.0723981900452,80.3448275862069,80.9061488673139,83.9542910447761,83.5702341137124,82.7341137123746,77.6699029126214,74.3729093294233,77.5945683802134,80.9716599190283,79.7954091816367,80.9716599190283,81.5306060789171,78.5548913043478,79.7979797979798,79.3138198757764,78.1184895833333,78.1494565217391,81.4601786502549,82.0611204299941,84.909264565425,85.0125944584383,85.0125944584383,85.0116126083828,84.2629573005611,84.4103392568659,85.1883668450962,84.375,81.6685584562997,79.1084001365876,83.1598675698303,83.1105169340463,84.3891402714932,83.7551056650684,82.4175824175824,81.6685584562997,80.763592750533,79.6835205065281,82.5026606276606,83.8831291234684,85.6854838709677,84.368932038835,87.1482176360225,84.3296345988807,81.0556079170594,82.1962039532794,80.5335391732451,81.0556079170594,83.0380447895418
"Montgomery","PA","Philadelphia","42","091",68,162.927156177156,162.884615384615,163.913863274135,161.521895190237,159.883720930233,159.117213804714,158.115543328748,155.97695631301,152.930402930403,151.707779886148,151.072124756335,150.02885170225,149.51768488746,149.467547035916,146.939368145603,143.555900621118,143.492240170634,142.578125,142.840151347059,144.259225513732,141.570141570142,141.181744777606,139.689578713969,134.295528247141,135.767851228472,135.20221696407,136.616362192216,138.942307692308,139.689578713969,140.961538461538,138.825757575758,137.359836901121,134.716166020672,136.320754716981,142.045454545455,140.837912087912,139.836393115082,140.487347703843,143.819489862655,144.264194669757,146.134908238969,144.3219881648,142.220113851992,142.180291039709,138.525498891353,137.76845182292,139.121444083975,138.636363636364,138.023152270703,139.175257731959,141.941391941392,144.565217391304,143.823264201984,146.23745819398,144.081396429637,143.141945773525,143.269230769231,139.84962406015,139.316239316239,139.047510079547,138.063909774436,140.638796092693,142.755102040816,146.375420067211,146.510388918487,146.510388918487,143.9,141.964285714286,143.05680355875,144.453125,142.953614173173,142.222222222222,143.374316939891,147.26090236386,144.949207612801,147.16400462963,149.921094160968,147.985004686036,149.895897332604,148.363663761128,148.398820011128,147.241564006427,148.92221180881,148.122726521164,148.022647580148,146.061967833491,151.257736952198,153.830369357045,154.752335017608,154.761904761905,153.247518388917,154.287287429874,152.623335943618
"Worcester","MA","Worcester","25","027",69,154.987229862475,155.860349127182,155.217391304348,154.457844348363,152.87595051044,149.571116751892,147.636501610715,147.728516694034,146.153846153846,145.268132653829,145.06683640993,140.786017843945,139.181286549708,139.528795811518,140.53716427233,140.917801106449,141.407867494824,140.386212624585,138.921857176652,136.902390438247,135.958149779736,134.974834237492,125.790854957522,125.750750750751,131.88988128436,132.228915662651,132.630757220921,135.843389850511,137.279267495095,136.781609195402,135.416666666667,134.842872334624,134.245187436677,134.421132862644,136.635307138904,133.969670972407,133.728590250329,134.552580013063,137.382271755991,141.254416961131,142.656197864531,145.07158370958,144.981099557063,144.516915419188,144.043190740173,142.045454545455,140,138.796296296296,136.287878787879,138.796296296296,141.310244425715,140.550279890619,142.938813785583,146.428571428571,145.582329317269,148.02513464991,148.73106738223,148.933074375955,146.636832152906,145.294421883381,145.833333333333,145.775462962963,150.578658013443,147.938259945697,154.327563249001,153.531344473315,152.446291327105,153.542319749216,151.905925925926,151.54355016538,150.059288537549,151.204906204906,151.727748691099,151.529350840266,150.956513841025,151.642796967144,154.735883424408,155.270655270655,156.862745098039,156.14845222469,157.636193064182,158.392594980464,153.960396039604,154.519733561889,155.133928571429,154.585635359116,161.659513590844,162.5,163.04347826087,171.079508612574,169.609079445145,171.685303514377,176.147540983607
"Pierce","WA","Seattle","53","053",70,,,,,,,,,,,,,,,,,,,,,,,,,,,,,,,,,,,,,,,,,,,,,,,132.40044021294,131.294964028777,131.708142549499,132.087479750058,134.064594759293,137.691583583487,141.883519206939,143.547251543228,143.282509653817,146.193041286149,148.617511520737,148.877044614372,140.365448504983,129.818181818182,140.480743197509,145.658508158508,148.766121031746,150.375939849624,150.693750271633,154.587628865979,154.587628865979,158.93348583734,156.049960967994,153.664302600473,148.713947864433,148.351648351648,153.655736414347,157.227950808435,161.892536830859,167.2321863692,172.96587669474,177.435487844309,179.995494480739,183.449933593969,186.87707641196,187.222222222222,182.029277321074,180.555555555556,178.7564485375,181.720430107527,195.195195195195,199.275362318841,202.777777777778,205.434782608696,211.014234875445,211.097730478925,212.672496595662
"Essex","NJ","New York","34","013",71,,,,,,,,,,,,,,,,,,,,,,,,,,,,,,,,,,,,,,,,,,,,,,,,212.24636337754,245.567914438503,230.769230769231,221.842342342342,220.039215686275,230.314131304201,230.903037383178,230.903037383178,227.222222222222,235.222546728972,232.016939252336,234.63687150838,234.63687150838,225.726991380806,231.903991370011,241.878026070763,236.218985976268,204.774178348717,197.368421052632,190.27027027027,184.496124031008,181.718061674009,180.275715800636,180.275715800636,167.435826468427,180.275715800636,169.671261930011,192.803330689929,194.5,192.156862745098,203.819959229059,185.697115384615,188.158333333333,214.231727574751,203.479576399395,198.950588235294,211.640211640212,209.897610921502,202.114197530864,210.980392156863,206.868686868687,208.395694220585,216.111111111111,211.287878787879,198.418345705196,182.8
"Collin","TX","Dallas-Fort Worth","48","085",72,103.455541508639,102.073608950137,101.67714884696,102.933832709114,102.073608950137,102.272727272727,101.561650791525,102.895752895753,103.486345285037,102.498522283958,103.719599427754,102.498522283958,102.914792802433,101.48486553652,100.235507246377,100.413611611354,101.313812954729,102.542475728155,104.32756232687,105.643610291291,105.491329479769,105.443159922929,103.550295857988,103.649167733675,101.130952380952,103.012599065231,102.411280537793,102.895752895753,101.668199352962,100.200902577577,100.189258213192,101.640513552068,101.711787236658,99.3802919880186,105.378225318621,105.610561056106,107.232954494568,113.55490386283,110.450293652497,111.587982832618,110.222575516693,107.772697583279,109.206947214388,108.481435343346,110.312077060538,112.416964741952,114.73293768546,114.73293768546,114.73293768546,114.73293768546,115.639552399004,118.056267343316,119.370728328795,117.232510288066,117.232510288066,119.594700739031,119.804400977995,122.208638956805,121.819312126669,127.846785692768,130.313506261181,135.154137371552,137.01561692877,133.119545895281,133.272058823529,132.004472071911,140.242741819677,140.090646889164,141.911580515941,142.007926023778,145.576131687243,147.92899408284,149.165935030729,149.451817657242,156.374056472118,158.560639843469,160.966446430885,153.9780521262,158.155676747645,157.151910614716,156.610035483212,160.114014407335,160.294695481336,159.933333333333,161.425547134382,165.505098371567,166.286902578468,164.785466825945,165.197136563877,167.180555555556,166.587301587302,167.612699947039,171.71875
"Hidalgo","TX","McAllen","48","215",73,75.6470028329634,75.2551020408163,74.2657634361516,71.4966634890372,70.987626454846,70.3735340209009,70.0804758697132,69.2229962160303,68.6112031819688,69.8924731182796,69.8266522210184,71.9135802469136,71.4535369501327,72.6835868486847,69.9939135727328,66.0522273425499,68.0894308943089,66.8154761904762,64.5584751084723,72.8021978021978,72.2433460076046,69.9019887715292,73.2137316295732,67.9589366774123,68.8073394495413,68.6274509803922,67.5412845746664,65.8682634730539,65.0558550961653,66.5714285714286,65.1183258545337,69.8924731182796,69.9675539433099,71.9171917191719,77.0428015564202,73.611457986458,71.9171917191719,71.5488215488216,69.8221092757306,68.6813186813187,70.0118419559791,67.1296296296296,73.1306491372227,70.922195892575,68.4507042253521,67.2558922558922,65.9079218106996,66.8578712555768,70.5088902513795,70.8333333333333,73.0106644790812,68.6863543788187,69.3287037037037,69.41431670282,69.8080279232112,69.5974228421247,69.0265486725664,66.8168168168168,66.0108826754386,68.3229813664596,67.5115293531098,65.1785714285714,63.8945686900958,65.1041666666667,63.1510416666667,62.9370735867446,65.8608058608059,65.8950047003144,69.1176470588235,69.1176470588235,69.6830900518352,72.4387052341598,72.7890625,75.0162037037037,72.2107438016529,72.3429951690821,72.2768694853675,69.4444444444444,71.1710819691369,71.8051118210863,71.3557594291539,73.7868788819876,71.5579710144928,70.5029044531063,69.8369075352913,69.5530057910181,70.0141098623072,72.1813725490196,69.0982972136223,70.230607966457,66.778149386845,71.2015257469803,70.7070707070707
"Monroe","NY","Rochester","36","055",74,97.0531102884044,94.0775110448964,93.9349112426035,91.1706349206349,89.4324021306004,89.1629260994015,88.6018448600068,87.8703703703704,89.1865079365079,88.5121107266436,89.1441126208299,88.1372549019608,89.3079390847248,90.587219343696,89.2045454545455,89.1806722689076,89.9933288859239,89.2219387755102,87.8730622401509,80.9543104113607,80.7934747159422,79.8394423558897,79.1290936385941,77.5887573964497,82.1645021645022,83.1416666666667,85.0140092232973,87.12,89.1865079365079,87.0322580645161,88.1416519839467,84.7202229358137,85.0807495469662,83.765243902439,89.4776119402985,87.7358012424226,88.1372549019608,92.0816733067729,92.0360110803324,92.0781893004115,90.3254972875226,91.9243986254295,91.3869047619048,91.0653134493234,86.7824773413897,89.5196506550218,87.0833333333333,86.4952182299898,86.7311535764376,88.6453758874022,88.1372549019608,93.135593220339,92.526455026455,94.2232262959425,89.9396275444779,85.8128834355828,87.3659640129721,87.5576190362557,86.2727272727273,82.2672305039949,85.4574592074592,86.4836325237592,88.9018671317143,83.5722819593787,86.5684575389948,88.4377150722643,83.976833976834,82.1408130819895,82.9639889196676,81.9543509272468,81.7919075144509,80.1148200757576,81.882256297919,81.9916562766038,84.5474613686534,85.645472061657,87.6132930513595,91.8652144315861,89.2196562118437,88.4705811429949,88.6968706212051,87.3395061728395,85.983606557377,87.3844959478906,89.6216184701493,90,91.2113518393139,98.2126899016979,97.0833333333333,98.5745614035088,99.6156496869682,97.1888528138528,97.1269893899204
"Essex","MA","Boston","25","009",75,199.516574585635,199.447513812155,198.19705057747,198.418699552915,199.95652173913,198.424700693132,195.727986050567,196.998123827392,196.444515157301,194.934591748627,195.141160790016,189.0625,187.734741784038,181.748251748252,184.067592033796,185.129068462402,186.554450914084,186.784265258242,185.623293903549,189.691648029107,189.644268774704,187.940499198158,179.110733278613,179.655870445344,180.942184154176,183.149374540103,184.274193548387,185.061728395062,186.854460093897,189.189189189189,188.156717058398,185.231113415524,188.42138766234,190.064209605598,194.720807059776,193.014962593516,191.204585003798,192.918961447679,199.762183235867,202.35119047619,205.661211853162,208.746736292428,212.660369964074,209.969130509347,212.118100927136,209.577391562686,211.693548387097,213.375101835788,210.619088564058,212.841854934602,208.441759531787,211.055900621118,215.533401699649,212.581189381941,218.317358892439,217.134981628514,216.894774856715,219.085319877037,217.009788635963,217.664307903578,218.561710398445,214.411441144114,219.699753725189,219.964631773969,221.049528301887,218.648208469055,218.387229160231,219.267139479905,222.899486391782,224.005301045149,223.148341306928,219.961734693878,223.139880952381,220.643939393939,227.790438569837,228.931297709924,230.737007548677,234.126984126984,235.754716981132,233.813463849305,232.509561063483,228.112915699923,232.507288629738,232.774005819593,233.356227106227,238.074323158608,249.928571428571,249.928571428571,250.861423220974,254.036087369421,259.901632757142,260.15428677014,259.311314125088
"Jefferson","KY","Louisville/Jefferson County","21","111",76,,,,,,,,,,,,,,,,,,,,,,,,,,,,,,,,,,,,101.999534201635,105.374077976818,106.679035250464,107.489803485354,106.918687589158,107.945135508683,106.442577030812,106.296722919667,106.022577448585,104.852464291903,105.344806822785,100.527740937224,98.2142857142857,98.033817015842,101.204999680652,102.221100454316,106.691078923903,109.300949492581,110.997532604864,111.206833101767,111.248185776488,110.975609756098,112.248742248194,111.234078647311,112.229617304493,112.914131169709,111.111111111111,115.055248618785,118.397157520726,118.865329866478,119.852672509121,121.16991643454,118.946303785609,119.895916733387,122.763507566412,121.228448275862,121.898197242842,124.159504932518,123.359496888909,121.745300213508,125.156445556946,127.200154889108,128.014184397163,126.392459297344,128.443968593862,128.633898443416,127.794076549426,126.921953173217,123.913043478261,125.078566939032,127.331188157081,128.882521489971,133.215962441315,133.333333333333,132.759910246821,134.839791553788,135.185530486668,134.678231271594
"Multnomah","OR","Portland","41","051",77,190.901575276575,190.044742729306,191.203620931977,190.630225752508,187.074829931973,186.019862490451,188.002341310394,185.570469798658,186.482514417891,179.510204081633,171.164299813435,164.769904735941,154.114906832298,156.882591093117,151.672063873952,139.377682403433,134.6018735363,136.2811942959,139.333333333333,142.175572519084,142.73585515408,142.649517262106,142.761904761905,133.968609865471,134.733166465808,136.09513049508,145.305537717436,150.796812749004,143.629807692308,148.143209876543,153.917910447761,153.846153846154,152.405435181785,162.5,165.835232348994,166.619047619048,172.839046199702,175.60556458737,186.64047151277,182.815964523282,185.514112903226,191.129422019329,191.471140670508,190.615835777126,192.296780248936,193.094500225517,190.537555228277,186.538461538462,188.973410087719,197.751798561151,199.413116790912,202.30466554244,201.401050788091,210.334690383003,214.725505916866,214.507989296636,213.465553235908,208.333333333333,204.214602798719,204.8885,206.148529411765,209.587869362364,221.44927981642,222.377956269523,226.619170984456,232.5,232.5,234.999,235.42600896861,241.984271022384,247.360298895387,242.106638589262,237.279346958748,248.300423423922,260.311020960108,268.999083373187,275.069917706056,279.2,280.100194247967,278.870539194629,282.739423539473,282.569899096473,285.127262790127,289,291.242316584898,297.916666666667,300,310.057753233194,308.323741007194,307.706233421751,305.255992329818,302.943722943723,309.789343246592
"Suffolk","MA","Boston","25","025",78,372.897196261682,375.247524752475,374.085234610418,370.472857142857,371.64038337796,366.736474463999,351.510067114094,333.740831295844,345.528455284553,345.862453531598,347.972366075814,345.325609660472,340.385777429642,335.412996572303,335.789473684211,343.540669856459,353.254229323308,349.237264024635,342.583249243189,340.695087097682,342.078708375378,345.314778804084,332.222222222222,331.044187568841,370.422077922078,374.222678054617,377.457745774577,380,378.16091954023,369.164332399627,362.863070539419,353.361566424864,350.96065757329,351.14006514658,347.792408985283,347.157190635452,359.402654867257,370.681605975724,398.445092322643,422.142214221422,432.828662343566,425.333212604129,428.571428571429,407.317172044754,423.494570582428,425,412.553630415248,421.581769436997,426.479560707749,450.537634408602,429.801894918174,432.89834276431,431.958762886598,429.513010375804,436.524748891503,457.342723566295,460.95717884131,464.233434367549,473.440682159919,488.838470766182,496.894409937888,507.354703859031,484.355444305382,491.759702286018,490.251334102062,497.011952191235,488.578097497513,475.500507022416,495.539033457249,499.400599400599,495.812805415365,495.2,501.636414065148,523.064894448788,529.281203227102,556.972111553785,554.906542056075,557.267759562842,555.647840531561,569.190978626827,584.33734939759,549.943046494771,567.781690140845,559.534467323187,562.372188139059,592.705167173252,623.911781775972,614.230613293948,612.883435582822,620.592957489509,611.25,625.602893890675,632.138496424211
"Oklahoma","OK","Oklahoma City","40","109",79,72.0562390158172,76.027397260274,76.2510602205259,76.8376068376068,75.8134490238612,75.8250825082508,76.1294157608696,76.1294157608696,75.7820136852395,75.251256281407,74.4167337087691,74.0666666666667,71.7879604672057,71.4285714285714,69.6046128500824,69.9747125236118,68.2711198428291,66.7853962600178,64.6975274975002,64.0911330049261,66.8129504766333,63.5397864019254,63.4787739309414,62.9078420148827,63.5198135198135,64.9986070736434,67.6305970149254,67.2638266068759,66.9642857142857,67.654008184882,64.3176733780761,62.7098515519568,59.8934659868253,62.3766762452107,71.8100027367269,70.4013056835637,72.5139664804469,72.4692727893479,71.4862191439844,72.4193548387097,71.5146948003014,70.414201183432,72.4052718286656,72.0284237726098,70.4048983788751,69.9859747545582,69.9708171206226,68.7270572428129,69.538729329852,68.0262162114393,70.2380952380952,72.2568739998025,73.6310653293575,73.6310653293575,72.8134110787172,73.7827715355805,71.7488789237668,71.6507062211455,71.4285714285714,73.5145048071014,74.0700041545492,76.4386059755818,76.6410912190963,77.7073732718894,79.1114582730622,79.7787478445057,78.3410138248848,80.5405405405405,80.9151785714286,81.6559842687075,82.2588020118884,81.1434018633408,83.5151515151515,85.5203619909502,85.6617647058823,85.6617647058823,88.5214598315752,89.4703767208803,89.6843529064084,87.1082377494826,86.9877049180328,88.3276829064122,88.1683731513083,89.7790055248619,89.5381715362865,87.3684210526316,86.2068965517241,86.2068965517241,86.6666666666667,86.4182692307692,86.3363363363363,88.1433784247812,89.6840153261219
"San Mateo","CA","San Francisco","06","081",80,,,,,,,,,,,,,,,,,,,,,,,,,,,,,,,,,,,,,,,,,502.964805888146,500.697155605131,504.040404040404,509.109916367981,521.111111111111,524.958333333333,509.413067552602,520.833333333333,506.779661016949,522.102564102564,539.116424116424,552.781587519287,567.98913622324,573.893041978148,563.157894736842,563.157894736842,572.950819672131,590.349075975359,583.151408450704,578.148530762167,589.491670226399,587.916820022083,603.409546453186,630.097087378641,645.325567502987,643.826534749817,640.695734986162,653.213381173491,658.241758241758,663.341645885287,666.583703703704,674.053958818483,678.574803149606,678.003374578178,692.771084337349,713.265306122449,730.894308943089,713.265306122449,719.696212121212,711.364806866953,709.210526315789,723.016533705624,713.241131864217,714.399363564041,738.425,739.655172413793,752.347883597884,754.777651083238,734.375,742.857142857143,755.975274725275,761.864406779661,761.864406779661
"Snohomish","WA","Seattle","53","061",81,,,,,,,,,,,,,,,,,,,,,,,,,,,,,,,,,,,,,,,,,,,,,,,164.263624918778,161.344106803045,155.631868131868,158.14696485623,161.828664056765,171.120435883618,173.623445825932,179.280397022332,180.443548387097,182.103781844189,178.362573099415,180.336446088052,172.619940029985,160.609436435125,167.387920674784,182.756079587325,185.084049823633,188.881413100796,189.922067039106,194.411217437533,196.4413500351,197.632058287796,203.493549914196,200.026234284899,199.418121363259,195.801047236829,196.203071672355,195.373930005303,203.059071729958,213.979963570127,220.917455000675,222.56204330068,223.28370554177,223.958333333333,222.603335476308,225.422773393461,230.670103092784,236.43949930459,232.643893014853,233.308383233533,240.384615384615,237.396883593034,243.638212310926,246.869703389831,249.7671303732,253.478773584906,255.768251042528
"Lake","IL","Chicago","17","097",82,116.178165584416,114.164490861619,114.140744327057,113.282908704883,111.702827087442,109.642032332564,108.597675120773,106.666666666667,106.318347509113,104.604458041958,104.545454545455,101.232394366197,99.96875,96.386815920398,97.6070528967254,101.232394366197,99.96875,95.5374203821656,94.2487089119967,97.1469284868854,92.0158405723045,91.5954198473282,91.4351851851852,89.0663314176245,87.4484754716254,86.8674698795181,85.423197492163,86.1940703757096,87.103308575287,83.8064516129032,80.9731752963194,81.4814814814815,80.6801437556155,82.1748410487592,85.859375,84.5961538461538,83.9426877470356,86.2531969309463,83.9648079258054,87.0748299319728,90.3326612903226,92.7857142857143,89.9,94.9438202247191,94.3069527285676,97.0031545741325,96.6078900179319,98.8142292490119,95.7213062777425,100.649659863946,103.595567867036,103.181183143004,103.612598748333,103.906899418121,101.8085449296,101.957585644372,101.174667995337,101.935961920179,101.356843992827,99.5367603108189,98.8264360716492,99.9375,101.234539286606,105.285817591537,101.356843992827,103.273040482343,103.823773898587,100.061766522545,100,99.601593625498,98.4372177055104,95.6175298804781,95.3179190751445,99.875,101.297071129707,101.911935110081,103.757806414702,104.713376207449,106.034482758621,106.777546337043,106.788710907704,110.153846153846,109.170305676856,111.661154839765,115.04347826087,115.574653137296,118.938976618925,111.44578313253,115.224147727273,120.699852143913,121.547058541879,125.326093111677,123.847413228553
"Cobb","GA","Atlanta","13","067",83,,,,,,,,,,,,,,,,,,,,,,,,,,,,,,,,,,,,,,,,,,82.3952343062438,84.1914562292537,83.2575757575758,85.4037267080745,85.0868232890705,84.4404565814189,83.4958217270195,85.8895705521472,85.1978171896316,85.1978171896316,86.9777158774373,88.9967637540453,92.1658986175115,90.6133333333333,92.2585227272727,94.343982255957,94.3461198606996,93.6507936507936,90.9090909090909,91.0605389024038,93.9887926642893,94.3396226415094,94.9126803340926,96.5909090909091,96.3210160004582,95.1587301587302,96.0060667340748,97.3645680819912,98.7159810126582,99.3316624895572,102.444794952681,102.055800293686,103.348593838562,104.314544189283,106.496519721578,108.07210031348,110.015174506829,112.146194926569,111.153715064758,112.574180378149,116.071428571429,117.645277039937,118.469785575049,118.903494242189,118.985695708713,123.413514130814,123.412682415545,124.784853700516,121.882866484139,124.72,127.389984825493,127.933329143398
"San Joaquin","CA","Stockton","06","077",84,,,,,,,,,,,,,,,,,,,,,,,,,,,,,,,,,,,,,,,,,,,,,,,,,,,,,,,,,,,,,,,,139.978448275862,139.017608897127,143.972706595906,148.155791404612,144.905251452433,147.569444444444,146.699266503667,141.823444283647,147.227249319503,156.834131304519,140.799014308138,152.284961205776,164.015151515152,166.30615640599,165.719696969697,172.432784541597,176.431490698947,178.892437946376,180.55082844077,186.582255866385,183.951446661692,185.337726523888,180.434782608696,178.75920084122,182.278820375335,181.628154454241,184.70066518847,194.308469308469,194.754189025575,196.61733615222
"Will","IL","Chicago","17","197",85,126.893939393939,124.659863945578,121.94591728526,121.704261688133,120.900537634409,119.73441640742,118.801652892562,118.775826446281,117.168657429527,115.486785139476,113.266666666667,112.147138348383,111.966464907641,110.86573381756,109.722222222222,109.407948094079,108.205128205128,107.576530612245,106.269284712482,102.099236641221,101.921568627451,101.16083108875,98.6582478295185,94.8805460750853,93.9079714841218,96.72,99.91875,98.3333333333333,95.2335557673975,95.237619047619,94.017094017094,88.2434944237918,90.3318077803204,86.7309117865085,96.1575963718821,95.8333333333333,96.3151927437642,96.0769230769231,96.4614638875424,99.4096027149756,99.4161050862082,104.205612059122,104.077253218884,104.073510330372,104.554116190645,102.707182320442,98.4090121317158,101.875908430233,105.715008309849,105.824508320726,104.920405209841,101.737345589273,103.933333333333,105.388463836044,104.515209125475,106.314432989691,106.314432989691,105.670103092784,105.847457627119,103.636363636364,104.187624750499,106.164383561644,107.459677419355,106.854534917415,108.965235261838,109.481751824818,110.990283439189,109.538526042957,109.406255577788,109.924242424242,106.926952141058,107.182044887781,108.139083139083,107.818569578795,109.863651542818,111.921647826674,112.979753017442,113.500597371565,115.832068791098,118.769304932128,120.0936417406,118.198981677237,118.861088478484,122.144112478032,123.505604288499,125.273124544792,125.053770107239,125.111706881144,126.20363062352,128.9592760181,128.920427482734,128.307692307692,126.940524193548
"Jackson","MO","Kansas City","29","095",86,,,,,,,,,,,,,,,,,,,,,,,,,,,,,,,,,,,,,,,,,,,,,,57.8596006267472,55.3006329113924,50.9943181818182,49.1071428571429,50.5630630630631,54.8926014319809,57.8512396694215,59.5238095238095,60.7741484903836,62.5494853523357,62.5,61.2878200155159,59.2105263157895,56.0096153846154,51.7098445595855,49.437970454454,54.2563587719814,57.2875936333569,57.6779990842491,59.8958333333333,60.0210970464135,61.0677083333333,59.6840504618157,59.4588744588745,59.8911070780399,58.7034201123022,56.5149136577708,57.8583765112263,58.6764273379742,60.8096300004551,66.579634464752,70.1787994891443,68.1818181818182,68.8849685531518,69.515306122449,68.9185158673348,68.3673734089651,69.0796764184397,67.4342105263158,67.5825164352122,66.9950738916256,71.0900473933649,73.5294117647059,74.69936394355,75.7440476190476,75.5314558255735,77.3263433813893,76.6737616099071
"Norfolk","MA","Boston","25","021",87,227.52356890454,227.92955217575,227.161862527716,223.378388853361,220.410256410256,219.461077844311,216.016859852476,216.349538148456,215.417867435159,210.704144803992,209.630419331912,208.333333333333,206.258484162896,209.666608267355,205.655526992288,207.696080179762,210.298530070142,208.839779005525,205.54231227652,205.54231227652,205.548933916038,203.648558628238,198.073351242852,195.438388625592,198.510367082818,202.657003521493,206.091846298032,208.25,208.25,207.779886148008,208.466257668712,208.346527337978,208.25,209.630419331912,210.502681826211,207.703927492447,210.362155388471,216.611111111111,217.560728744939,222.411113425518,222.616360353013,227.643810996816,226.447366137291,229.615513880487,229.67459014257,226.730583501006,231.726269780847,232.634586194884,230.40780141844,231.563706563707,231.563706563707,240.44014084507,243.952227894372,244.06976744186,245.00960915569,247.539687661332,249.913793103448,247.48322147651,249.546279491833,248.097987475285,250.567316405422,251.493710691824,259.519038076152,258.403361344538,252.715355805243,256.834693976136,252.329192546584,249.886363636364,248.185842486609,246.956753503856,248.058671268335,254.851228978008,258.289283998078,250.21645021645,255.505746159328,254.952076677316,257.3,262.173076524693,262.180974477958,262.3294319363,262.180974477958,265.851063829787,269.749245301393,277.322154471545,278.19850831899,270.06462585034,277.032030692363,279.591836734694,279.591836734694,292.557403008709,295.833333333333,290.467458670625,290.482947473239
"Denton","TX","Dallas-Fort Worth","48","121",88,115.355269432523,115.662084477027,119.745222929936,119.745222929936,118.323387633131,120.100502512563,118.407643312102,116.372224072051,117.734796121012,116.056879323597,117.701641684511,116.181462140992,114.91317671093,114.875943194174,117.891816920943,113.147260273973,111.810017781559,114.355062413315,110.588072122053,108.739159439626,111.897676198751,113.154121863799,112.664604877303,109.670143783479,107.761489698891,108.845545634209,109.250851305335,114.74609375,120.067447133892,119.204851752022,115.835579514825,114.74609375,114.74609375,114.449291166848,119.870967741935,120.815573735141,119.587357990091,123.441379310345,124.110953058321,126.040353089533,126.550819672131,124.28092087941,130.485245901639,131.808679402361,128.740023664065,132.171398874449,130.475102470367,132.482043461685,134.985598737726,138.713745271122,132.460101469251,133.882767078488,138.77874702617,135.032537960954,135.9619140625,140.863241087496,141.151120455149,145.182111572153,145.182111572153,148.619957537155,151.164021164021,150.928794945188,154.511780720456,153.180076628352,149.246947082768,145.28484676178,145.664459591338,153.180076628352,153.713892709766,156.581740976645,159.313725490196,159.724517906336,159.724517906336,160.340314136126,162.711953659821,163.584637268848,164.621807465619,164.848743076268,164.848743076268,166.666666666667,166.666666666667,166.666666666667,166.666666666667,166.666666666667,166.666666666667,166.666666666667,166.666666666667,166.666666666667,174.586225306994,174.699460208128,173.036736291166,172.480620155039,174.134025483719
"Bernalillo","NM","Albuquerque","35","001",89,134.575957142569,134.858418458856,132.649025850504,133.244206773619,132.705479452055,132.267525884547,132.372214941022,133.38898163606,131.602708803612,129.536152796726,129.494367188875,126.696495152871,125.005418719212,121.542211254303,121.976744186047,121.419437340153,119.546739179433,119.238683127572,117.021276595745,117.508813160987,116.173361522199,114.975845410628,114.20887030436,114.078472725885,112.848383500557,110.668789808917,111.031339031339,112.49774737231,112.265917602996,113.947368421053,113.296568627451,112.79010976465,111.405835543767,113.762376237624,115.159574468085,115.991531603981,114.973262032086,114.916666666667,114.24530179965,114.710884353741,115.9114293134,117.685117045136,119.005102040816,119.136328152722,118.299386811999,117.926402162189,116.984402079723,115.425641025641,114.846107609653,114.343707713126,119.114546732256,119.581313396803,121.818152723549,123.572938689218,122.961280392128,122.38854315617,122.948614474038,120.530575468178,119.010504088192,118.956557044255,119.68085106383,122.36322648662,122.826086956522,123.714285714286,124.393853158793,125.587703435805,127.504553734062,125.458644376278,122.290449118342,123.121387283237,123.20800859082,125.885752600515,122.732763386738,125.126020942264,122.838944494995,125.755432492626,126.509530045104,128.465179175118,126.608187134503,126.436781609195,126.953125,128.316690442225,126.237623762376,125.456204379562,124.851367419738,125.957675753228,124.501661129568,126.076260762608,128.309572301426,130.869971936389,132.408164022543,132.085573242986,131.642186862505
"Jefferson","AL","Birmingham","01","073",90,67.3356168668669,68.0812502942146,68.5805122297058,68.6818590536136,68.8428119487411,69.4741258741259,69.9844902179533,71.3333333333333,68.5294117647059,64.6205357142857,62.3253612755292,60.3246065375303,57.2899527446315,58.0177096854897,59.4916344916345,61.8571428571429,62.814465408805,62.2500401219708,60.8739837398374,58.8235294117647,61.865671641791,62.9590759690973,61.8571428571429,62.8105693089167,61.6402116402116,62.814465408805,62.531328320802,52.1764364480557,56.2136126857668,63.2701421800948,62.531328320802,59.8550701995584,57.5447601440109,60.0925925925926,67.0103092783505,66.7686034658512,69.8387096774194,70.2898550724638,72.7650727650728,75.0118708452042,75.4775569598356,74.0703125,74.140625,74,70.6463878326996,71.8946238626169,68.6813186813187,67.7784058790277,67.4722534652155,69.0487946044938,69.7402506794797,71.0110584518168,72.2553755801838,72.1390374331551,74.0074320688727,75.0628953377053,74.8129675810474,72.2181673652262,67.8852169728082,66.8260038240918,68.9387458150047,71.085409252669,73.4879032258064,76.555023923445,76.1217948717949,76.8571670672336,72.9502306903623,72.9082165496806,73.0535714285714,70.8806818181818,71.9866071428571,70.7280372235977,68.0579216354344,69.7110748609817,70.6905257892537,71.8649510810071,71.2015864740057,73.5562235178063,74.1935483870968,70.9448411459455,69.3548387096774,68.2624113475177,68.2624113475177,65.6464256906634,64.0549926264212,68.7855787476281,74.7011952191235,77.6666666666667,78.046875,73.7546125461255,72.9827235772358,71.2943071965628,67.8152492668622
"Monmouth","NJ","New York","34","025",91,228.83378746594,223.529411764706,221.58081705151,221.787079015544,216.338459258584,214.737470167064,212.820466570467,213.856699715158,209.082830127931,209.770114942529,209.739633558341,208.240740740741,206.43153526971,205.323647489171,202.887537993921,202,200.951199338296,200.08896797153,199.920588235294,195.897313642069,195.077720207254,192.751168224299,189.189189189189,189.655683420886,189.764806074749,189.656194427979,191.634868664231,191.128519798245,186.844145682616,184.903047091413,184.588068181818,185.294117647059,185.02743484225,183.264249748238,183.261832829809,182.26527796619,180.737186393295,182.441428196264,186.314631687915,189.064786850314,189.195583596215,192.521393643032,193.920335429769,194.76506026013,196.900586521668,196.223241590214,199.298093587522,199.346405228758,197.179040852575,202.697623025125,205.133928571429,207.408975444539,208.268229166667,204.98046875,206.622688797465,204.515649128454,206.747404844291,207.680250783699,208.987166295089,208.290024411575,206.316128501727,208.319032183984,205.903303457549,204.325095057034,203.976055961002,205.141388174807,206.704641140904,205.591630591631,201.112648734368,198.74964286848,198.478593272171,197.138437741686,199.175938540721,199.922958397535,200.198365122616,201.116162089543,205.223880597015,204.212217107787,206.737588652482,208.614465032875,204.279421408862,205.357142857143,202.793555181722,203.043491230499,207.04845814978,203.931203931204,208.158790082028,209.668487445678,211.255876712752,209.501557632399,210.086157844554,212.093862815884,212.760501909438
"Davidson","TN","Nashville","47","037",92,110.042016806723,110.887096774194,110.733433905604,112.540192926045,111.618461156417,109.9,107.941550190597,107.437275985663,106.82746309371,106.759317751105,106.060606060606,103.235116260924,99.9316176470588,101.057028425934,101.91190725909,99.2857142857143,99.2857142857143,99.2857142857143,97.1199177637435,92.1726408193124,91.3841463414634,89.7043294614572,89.1167192429022,88.3720930232558,88.6914195293882,87.9432613780295,89.5161290322581,91.1290322580645,92.1629161562104,93.3892246181934,95.1322751322751,93.8341972041997,93.8723263046786,93.6768149882904,96.7333333333333,95.2362351190476,96.3391136801541,98.1665393430099,100.194327746978,101.709401709402,102.716593245228,104.107142857143,104.28938196717,105,104.079861111111,103.588516746411,101.796407185629,101.984126984127,103.38809677647,104.079861111111,107.666666666667,108.940972222222,113.498683848324,115.758725341426,116.350275566442,117.983651226158,119.413612872915,119.984520123839,119.079094642996,117.811396595208,118.636701777555,127.280550774527,122.532894736842,129.9,132.22229938354,138.036809815951,136.538461538462,139.802065404475,143.966801482979,147.944078947368,148.82271468144,149.362840193432,159.07236137872,158.360128617363,166.505297213706,181.925372913807,182.308781869688,184.102939167385,188.310249307479,180.067243035543,177.476635514019,182.31681131701,191.772571293338,192.039271115358,198.521131168061,202.430494325594,206.850887785679,202.706693820543,225.032894736842,218.448173518203,222.661469933185,224.389239501469,226.141768545502
"Providence","RI","Providence","44","007",93,163.365384615385,162.671232876712,161.360133163865,160.532498042287,159.652777777778,159.3808630394,156.171875,156.951807665808,155.231560891938,150.837988826816,149.451645064806,147.917985413513,142.113733905579,139.053803339518,133.52641896938,134.23517169615,134.519230769231,133.605769230769,132.896981067713,132.477524354222,132.477524354222,131.8359375,130,126.846153846154,126.157407407407,125.2331002331,126.358713488677,126.659194796062,127.97619047619,130.040322580645,129.959293680297,132.020674072305,129.928331527627,129.537037037037,129.800307219662,127.551020408163,128.076923076923,130.14092420953,133.122974101592,137.753656873952,134.571890145396,134.937238493724,133.333333333333,133.342226965493,134.024390243902,133.553922645461,131.875,131.981132075472,130.692307692308,133.784106708377,136.938202247191,145.685568086884,147.222222222222,145.763888888889,145.697076449627,142.289442467378,143.964334705075,141.964285714286,141.969797178131,141.318699520444,140.559697504142,141.039236479321,141.097998973833,140.584415584416,140.214216163583,140.557065217391,140.521189058249,146.185997910136,146.058732612056,143.013468013468,145.533980582524,139.789473684211,138.782051282051,142,143.308823529412,148.791680940961,157.51280535855,157.11743772242,157.26280535855,155.535910733931,153.973637258521,153.254023792862,155.161023947151,153.769230769231,153.769841269841,159.866915955369,160.625,164.308176100629,169.111969111969,170.714285714286,171.933085501859,171.291376238552,169.982993197279
"Bucks","PA","Philadelphia","42","017",94,181.075612553828,181.463146314631,182.748538011696,182.748538011696,185.162037037037,184.873119862989,182.644110275689,181.226032978621,179.607843137255,175.68359375,175.60006133781,172.941176470588,173.250724548155,170.804597701149,169.086010665645,172.195512820513,172.720588235294,170.923301249954,171.56862745098,170.212765957447,168.459770114943,165.972222222222,166.343441466855,165.086206896552,166.571428571429,166.5,163.136942675159,165.67552961703,166.244698660714,165.165752547288,165.130434782609,164.480021893815,162.916666666667,162.452107279693,162.962962962963,163.378873106333,163.712797619048,162.916666666667,163.194899271501,162.941420930905,165.130434782609,167.371388301621,167.967299115303,167.12928017787,165.87389380531,166.994106090373,166.556964987496,167.177834263936,167.5,168.421052631579,168.642424242424,169.226118500605,168.433600713012,170.011518768391,169.493236212279,170.619333755007,169.659281709781,170.296296296296,169.022411756933,165.530799475754,165.342103475286,168.461538461538,169.099222111883,169.422608208433,169.00826446281,169.104204753199,168.444444444444,167.084377610693,168.924020847381,170.39011351672,170.763888888889,171.195652173913,172.334123222749,170,168.231551434676,173.114902872665,174.103484139366,173.012160898036,174.02146339037,171.366255144033,172.532367447596,176.212923760622,177.682685977617,173.498909996886,172.41641337386,178.166666666667,180.643618391199,180.288461538462,184.948861532766,184.847908306812,184.636206149848,185.642857142857,182.315622521808
"El Paso","CO","Colorado Springs","08","041",95,124.246987951807,125.458094289823,124.577025823687,126.634181680331,126.216571229194,124.33379462068,124.350649350649,126.130198915009,124.297773427942,119.047619047619,115.780445969125,111.380862269214,109.131229022274,107.204116638079,104.267942911448,104.166666666667,106.480297432983,108.744472009802,108.794197642792,107.245080500894,104.999957446958,101.5625,98.6590038314176,95.2091912851574,96.6819731799868,95.1363636363636,99.1377314814815,97.659632034632,99.8944444444444,96.0284528749259,100,104.022191400832,101.461038961039,107.510369607144,124.143835616438,124.238657551274,124.826696846514,125.174311340765,124.821644237405,126.627273240709,126.852791878173,126.996370235935,127.681307456588,128.093061127142,127.005559968229,124.675358320218,124.988458105928,125.524475524476,128.371037463977,131.805157593123,133.333333333333,132.958034800409,133.92200147167,135.824022346369,134.629252358786,134.544322045197,134.341397849462,133.769322235434,133.689839572193,135.049129995939,135.198135198135,134.821657741573,138.36982538575,139.882525736909,143.601900149031,145.145268379351,146.136625471303,145.228215767635,146.16935483871,148.997699638515,148.648648648649,147.579693034238,148.549878572763,149.253731343284,151.398601398601,156.25,156.25,157.020448279383,156.25,157.764505119454,155.633203353977,156.035665294925,155.534983520909,156.244791666667,159.710522586639,167.567567567568,164.750414750415,166.5625,168.981481481481,171.260176143917,171.913580246914,174.925595238095,174.689440993789
"Baltimore City","MD","Baltimore","24","510",96,,,,,,,,,,,,,,,,,,,,,,,,,,,,,,,,,,,,,,,,,,,,,,,,,,,,,,,,,,,,,,,,,,,,,,,,,,,,,,,,154.545454545455,171.875,177.666666666667,179.716201270196,184.724553702078,197.931034482759,214.555555555556,214.550505050505,237.327188940092,237.467018469657,243.033381712627,217.496375060416,217.496375060416,217.496375060416
"Lee","FL","Fort Myers","12","071",97,125,122.466216216216,121.212121212121,119.778945857973,115.963548661474,113.132261859807,110.824742268041,109.537345291589,107.033639143731,106.25685082637,107.437275985663,106.50430467856,107.274895646989,108.210519611843,107.099143206854,105.75,100,107.448476702509,104.297693920335,104.442508710801,103.768687326289,104.060185271131,103.581871345029,104.951772972799,106.672597864769,105.859663142365,104.293381037567,105.310001859082,106.060606060606,105.692482725099,104.480955937267,103.571304988309,104.477611940299,104.83147187874,113.051962947221,113.224637681159,114.155251141553,113.647276887024,113.510520487265,114.142842962081,113.646702047005,113.446777005314,113.047001620746,111.5625,115.118989537594,115.569395017794,117.613636363636,118.404423380727,118.552908572305,117.785383034371,117.900790797987,121.235197391471,121.166191155492,122.158467490532,122.222222222222,123.525380167059,125.275809716599,125.840288743515,126.219024780176,125.862988862989,130.391404451266,131.591612721644,133.620689655172,134.173177920194,134.236186348862,135.284791448059,135,136.225266362253,137.858506748804,141.290944123314,142.857142857143,145.971802618328,147.782101167315,148.089645041007,147.581340397063,148.641891891892,149.799196787149,149.79586395374,149.91064079953,150.520121414697,150.376965182125,153.450203252033,154.023691870841,154.469664371773,154.014111780243,153.851355213714,153.975784663433,154.566228242741,154.030389592884,154.518859929488,154.088471849866,154.132513661202,152.972027972028
"Tulsa","OK","Tulsa","40","143",98,,,,,,,,,,,,,,,,,,,,,,,,,,,,,,,,,,,,62.6965408805031,63.2227488151659,63.6346515499653,64.4349432493142,62.5610948191593,58.0395733032612,60.0613496932515,58.8443396226415,57.8621908127208,58.4678129648477,65.5601659751037,65.1452282157676,67.1197960917587,65.5601659751037,67.2043010752688,66.1459056641206,65.5055225148683,65.5055225148683,67.5715646142475,67.3983739837398,68.0336420282399,66.1029411764706,68.1372549019608,67.7447552447552,68.214968914395,73.5843318463483,72.5944145058695,72.3300970873786,69.5142378559464,68.2953311617807,68.3581911422521,68.0759275237273,68.0759275237273,66.6539822209248,66.9179229480737,65.2301361881873,69.1453676265982,68.543956043956,66.1280444110033,63.9593908629442,74.8397435897436,83.32549685815,85.1097817391725,92.2727871281017,88.6815539920465,89.913995308835,80.0800800800801,72.0461095100865,77.1491864924234,77.8775764498209,80.5454413003764,80.0544765513974,82.0974576271186,83.0478274437093,76.4543912803217,88.2352941176471,87.5684128225176,78.1718049014964
"Kent","MI","Grand Rapids","26","081",99,86.2024898094084,87.7312956246482,88.1315156375301,87.7432930036823,85.9724612736661,83.2305555555556,84.6645367412141,80.851233299075,80.4208600182983,78.9350497366881,78.1407624633431,76.9230769230769,75.961487206823,76.6891891891892,75.8035714285714,75.7794642857143,78.3816425120773,78.7289915966387,78.6666666666667,78.125,77.9672189342699,75.5685903500473,75.3591954022989,73.7629810760924,73.0643402399128,72.6941747572816,72.6941747572816,74.2053578132245,76.3275486681182,77.1012280373514,78.5377358490566,79.5816733067729,78.0542986425339,79.0130847397915,79.9920232341091,81.1793343268753,82.2799539170507,82.2909524341046,83.8556196736347,82.6133333333333,82.6133333333333,87.5115207373272,89.2549261083744,85.2443479459608,88.6363636363636,85.6617647058823,82.1875,83.2107843137255,83.8709677419355,87.4089068825911,89.1964285714286,92.7362482369535,93.2017543859649,92.6510989010989,95.1190476190476,95.0927394221603,95.2380952380952,96.1881536977969,95.4328516317617,93.8356164383562,95.34706331045,98.8520408163265,98.0392156862745,101.065246338216,104.6565774156,103.943349154193,110.242187050773,104.388714733542,105.01021599533,108.708943075276,112.425415118142,110.057471264368,113.381123058542,115.277777777778,118.653421633554,118.297872340426,121.378787878788,117.057291666667,118.92898354405,121.722092684603,126.001955034213,126.76777562644,129.236739974127,128.433734939759,129.89662072032,133.836650652025,135.690789473684,138.064123376623,139.303096679472,138.365650969529,139.930855661193,135.182468652863,137.399770904926
"Polk","FL","Lakeland","12","105",100,81.4504039912951,80.6366723259762,79.9145299145299,76.721485940436,75.6949706074461,74.0407592915215,73.14826910516,73.2974232974233,72.9263437292634,72.9690488705886,70.2956020187455,67.1932131769576,64.84375,64.9739583333333,63.7931034482759,64.9303953174126,66.408488671228,67.834488156224,66.2721893491124,63.0191693290735,61.830462382973,60.9947643979058,60.0490196078431,58.9642857142857,57.4083570739974,56.5283018867925,54.0312876052948,52.0086862106406,54.1892965477394,56.3725490196078,55.4435155229052,56.3051801801802,56.0789567939721,54.9280548560087,59.1805766312595,59.593023255814,62.0094191522763,58.4134615384615,56.25,55.5432785975282,56.0135135135135,54.8986486486486,56.71225788816,57.1078431372549,59.7724724205637,58.1496285529716,56.6253723985683,57.2568940493469,58.2412650924244,62.5,63.2228218966847,62.1665582303188,60.8537693006358,60.9146895283667,60.4060340244551,61.6666666666667,59.2346802055719,60.1848223615465,60.8537693006358,60.5563480741797,58.1190920092892,62.0630788514,60.5161823265272,62.0260385969685,62.2582008320441,61.7723475933361,66.1931818181818,67.0280612244898,70.6399905726563,69.8643587869931,69.9887133182844,69.8529411764706,72.1282468151392,68.9195511943509,67.7553332361445,67.4097664543524,68.7449392712551,69.2640692640693,67.8639455782313,69.8275862068966,69.3684210526316,72.9176111830743,73.2160221407734,70.8230897428514,70.0892857142857,69.4829678721431,68.84383681798,67.9768041237113,72.5098996314593,71.8214111200786,71.3141025641026,75,76.5239948119326
"District of Columbia","DC","Washington","11","001",101,,,,,,,,,,,,,,,,,,,,,,,,,,,,,,,,385.606060606061,405.081157374735,416.666666666667,430.16566569944,426.864535768645,418.871252204586,437.332995951417,443.05912991137,461.026615969582,473.159660944436,467.901234567901,469.631408292141,464.224799590653,472.965995975855,479.628022759602,470.525187566988,461.461538461538,442.881729920565,464.069013621232,476.274556264001,516.252390057361,499.394444444444,505.124636385508,485.838779956427,462.870314219617,464.11611002898,461.039377289377,446.681681681682,425.815217391304,429.695402298851,450.492852006937,473.631578947368,502.063054198733,506.373074330193,493.684210526316,481.688688366097,469.95698820182,483.25,494.901019796041,485.181809414556,484.772727272727,473.388287401575,494.851994851995,500.191643646409,509.183673469388,518.627450980392,520.652173913043,524.119947848761,504.297121000704,512.168695993716,511.494357977987,513.953039927405,502.9296875,513.065862510675,513.189742689846,508.530580269711,523.79135942233,534.922178988327,552.253617061255,551.446700020214,532.142857142857,539.642613802278
"Denver","CO","Denver","08","031",102,226.662571662572,226.795895096921,225.46992481203,224.792899408284,223.992502343018,222.902097902098,220.5303381195,224.281066020832,220.004631773969,217.083786724701,207.277065314644,193.905817174515,191.238670694864,191.238670694864,190.558287975168,190.073917634636,197.189339773032,196.041136594132,194.312796208531,194.596354166667,195.482189400521,195.413609518905,193.518518518519,189.673913043478,187.348611635858,193.151889458809,198.207171314741,202.248945289591,208.907741251326,214.52752111752,211.141060197664,207.756232686981,204.436577488479,206.175257731959,221.170395869191,220.90059473237,225.582802547771,223.069105691057,234.712441314554,240.859437751004,252.475247524752,249.928571428571,256.643700787402,249.176646706587,250.885757644167,249.867223496353,243.68630926008,248.329468006647,248.13704399609,259.664075448794,264.517219308105,265.030106530801,277.037826318593,285.619047619048,279.278218535413,278.862727490649,283.923303834808,287.257019438445,290.019342359768,293.497157527966,301.533742331288,301.655867530598,306.547619047619,312.891207153502,313.483534012577,320.51282051282,319.791826615483,324.037725910225,321.242782382834,328.397813804962,331.488143677481,334.987593052109,333.528102392877,334.728033472803,341.745531019979,347.877358490566,355.191256830601,355.952380952381,349.733840304183,350.058254295604,349.548036834781,349.924081010752,351.485148514851,346.595570139459,341.671878257244,351.182795698925,360.507332944399,360.967926689576,363.568215892054,364.783784172828,370.065789473684,371.111111111111,365.459249676585
"Fort Bend","TX","Houston","48","157",103,,,,,,,,,,,,,,,,,,,,,,,,,,,,,,,,,,,,,,,,,,,,,120,122.637407711239,122.735242548217,125.49356223176,125.49356223176,127.887731834164,128.434723171565,123.833109017497,130.5221097496,126.450511945392,121.540650406504,123.874987810494,122.979104477612,122.183276287046,128.477154946988,136.956173081545,127.742279020234,127.760028399006,128.587337572638,129.273235499651,134.23415969459,133.928571428571,139.945503984259,146.701388888889,153.245294445893,146.103896103896,140.778546712803,140.778546712803,143.785960874568,142.607003891051,144.197402490837,147.391780259625,144.618055555556,138.171316320646,139.734669811321,145.285087719298,145.501717073089,147.093534502707,145.989015171632,142.619110816191,142.416073245168,144.896193771626,143.034792903591,143.129770992366,142.416073245168,142.54396398964,141.711576846307,140.666387424235,141.744144880174
"Ocean","NJ","New York","34","029",104,,,,,,,,,,,,,,,,,,,,,,,,,,,,,,,,,,,,,,,,,,,,,,,,,,,,,,,,,,,,,,,,,,,,109.52380952381,109.52380952381,114.479166666667,108.179700683212,103.186646433991,108.458083832335,110.997963340122,105.73955365622,102.908215408805,102.96047925608,101.708706265256,104.502688172043,102.916666666667,105.983459853114,102.380952380952,102.579365079365,98.6486486486486,98.125,101.716738197425,102.205511708961,103.277835587929,106.924643584521,105.906313645621,105.826397146254,112.383985565686,111.60625
"Arapahoe","CO","Denver","08","005",105,,,,,,,,,,,,,,,,,,,,,,,,,,,,,,,,,,,,,,,,,,,,,,,145.7699330493,150.968034835585,156.25,158.63453815261,158.404254115731,159.975369458128,162.5,166.833484317998,166.778298727395,167.315175097276,166.296474967583,167.547169811321,167.705754146762,166.980098000017,169.957081545064,170.068027210884,184.512820512821,188.309256286784,189.393465909091,190.830005152221,188.32952919534,192.107542191089,193.014705882353,194.9059682979,194.097846853254,199.89043292357,200.305810397554,199.107142857143,200.275869368158,202.472826086957,207.831325301205,213.568376068376,217.243088505858,216.715776483578,218.303637487114,215.767393971258,215.539903549802,219.586312563841,221.706989247312,219.676958327586,224.867724867725,226.62703150508,230.081418222694,227.604831843338,234.295442973523,231.568821006016,238.974510916739
"Delaware","PA","Philadelphia","42","045",106,156.502703629089,155.95567867036,157.39038134939,154.963482606189,155.198041708235,152.787769784173,149.721865639709,148.872389941173,150,146.384330759331,142.65274498229,141.672572643515,140.265717137083,132.208994708995,138.75,135.656108597285,138.518518518519,135.619059589648,134.211201397748,134.550084889643,131.73103222646,132.152560175055,129.62962962963,130.918303051572,127.781456087093,128.501094091904,131.71768707483,129.886059428201,131.048496705107,130.143229166667,133.003048780488,130.566801619433,133.367556468172,134.52380952381,134.415584415584,133.407473309609,137.599449204406,138.686131386861,138.235294117647,136.067553174662,136.087248714352,135.560037232392,133.47461651445,129.132231404959,128.567927355305,128.787878787879,129.4162482066,128.5,125.238095238095,129.352352941176,132.228490832158,135.755365867846,136.543715846995,135.582010582011,131.440359366471,129.255989911728,129.411764705882,126.982090490155,125.544662309368,119.559880336878,120.247469066367,127.181818181818,132.474040947899,137.07024265645,135.582010582011,133.407473309609,127.085650723026,126.201541112281,127.104555744199,128.581558736254,128.203323442137,123.548922056385,123.271349862259,124.404761904762,132.099705882353,133.41440962278,133.432245301681,130.563798219585,130.144491552337,129.555555555556,125.773656732094,129.292582417582,128.803695618712,122.355140119966,122.522312967366,123.96694214876,128.59971011938,128.613861386139,129.080578512397,127.12954907931,130.802792321117,129.684343434343,132.255408361692
"Bristol","MA","Providence","25","005",107,167.226890756303,171.909270216963,172.48730964467,171.666666666667,169.613621480026,169.552573451877,167.943548387097,168.030973451327,167.336599554173,163.365384615385,161.944444444444,156.466440644654,154.411764705882,153.110367892977,152.961765687465,151.596638655462,153.846153846154,154.679040989946,153.846153846154,155.0759399561,150.811412455921,154.602213651706,142.297191677447,141.235903898881,145.759316320622,144.435004248088,141.37138638683,141.117647058824,142.690586224975,142.030456852792,144.333333333333,143.004115226337,144.533802177858,148.124837866662,151.167475963285,151.140684410646,149.439252336449,149.797570850202,151.604819055502,153.147268408551,157.043613300442,162.585034013605,164.180911007067,165.087960069209,167.743275340362,164.187693374587,163.871207293482,164.227035100821,161.176703426002,163.565891472868,162.34421641791,164.126461988304,163.175675675676,165.584173353671,166.353774266413,168.269230769231,169.122390891841,166.929499072356,164.229730825361,165.264423076923,170.3125,171.196018434983,167.013832599824,166.510677997832,172.158846226724,170.170351091404,169.506726457399,170.991350632069,168.055555555556,167.098166127292,166.574074074074,166.574074074074,164.351851851852,161.802489103398,165.962202220523,167.109375,169.507575757576,173.117050037672,176.848286089423,174.731182795699,175.65011820331,175.847958846831,169.792152246877,169.928825622776,170.255474452555,166.547619047619,167.26618705036,175.26455026455,189.384410603697,194.90350877193,191.478723404255,193.303571428571,193.159958076841
"Johnson","KS","Kansas City","20","091",108,122.744260544581,124.172185430464,122.744260544581,121.607359192934,121.323529411765,120.670226249618,120.547981399281,121.542553191489,122.36980298421,119.78465679677,118.441480840233,117.175560853353,117.481203007519,114.898320070734,115.936426116838,114.89252573116,117.647058823529,116.230240370843,113.047445255474,112.024221453287,107.904257798919,108.622147083686,108.286252354049,105.094556281214,104.138498287363,106.732348111658,107.284585198696,108.333333333333,107.789855072464,105.640535372849,103.132492300932,104.204913239774,99.5471014492754,102.509346980029,110.432330827068,109.164292497626,113.075657894737,107.283911521134,113.812764670296,117.702448210923,120,119.470538001708,121.527777777778,120.921155347385,121.340811965812,118.181818181818,116.232235142119,114.674295774648,107.625598086124,109.971284274987,112.991324412145,116.995073891626,124.94922835319,120.703125,121.654501216545,116.995073891626,119.739583333333,123.587570621469,122.727272727273,123.7481503901,118.998015873016,121.347402597403,130.698020487265,128.867513500245,127.606338615513,128.888888888889,126.107702794819,121.212121212121,122.199612943303,125,128.918650793651,128.562036254344,124.790368373369,126.683941591685,129.124432478091,132.890365448505,136.838579567891,135.831960461285,138.541666666667,137.515066836277,138.888888888889,138.92267593397,139.08273381295,139.602803738318,139.559800664452,144.009939713065,151.724137931034,149.739583333333,147.229545276878,146.053045557513,149.75845410628,148.549248596777,148.157644586752
"Brevard","FL","Melbourne","12","009",109,,,,,,,,,,,,,,,,,,,,,,,,,,,,,,,,,,,,60.7853982300885,60.8528491258364,60.6709855608131,60.6831806827644,63.2911392405063,61.9369369369369,61.9085511130966,63.7242501849241,63.0504413619168,62.4649859943978,63.275660429279,59.981684981685,61.8730334580956,62.0578778135048,65.5247813411079,66.5833333333333,66.7452830188679,70.9750234521576,71.7839503146262,68.7788161789747,66.5618014464168,67.4157303370787,68.7976968610211,69.6480938416422,70.5128205128205,73.9495798319328,74.748743718593,76.572294489626,77.3097826086957,75.3235411537694,71.5579710144928,73.4317343173432,75.3453995333917,79.3179374995916,82.3471400394477,84.0336134453782,85.1464989570391,87.3838732349371,87.609649122807,88.4555728310272,86.9047619047619,84.476902173913,85.9130434782609,87.6399463934154,88.1537492123503,89.3213572854291,90.028818443804,91.2671232876712,93.8277511961722,100.571428571429,101.115765709269,103.597626300178,103.983353151011,113.049196634344,114.139031099564,114.205413393051,116.583333333333,117.593436645397
"Summit","OH","Akron","39","153",110,,,,,,,,,,,,,,,,,,,,,,,,,,,,,,,,,,,,,,,,,,,,,,,68.1330370121883,67.32436638506,67.4418604651163,70.1612903225806,70.0029615454711,72.4160631994733,73.7851536507168,74.3115867107803,72.2668810289389,71.3345864661654,70.7936507936508,68.26171875,65.6798245614035,65.4142581888247,63.7584728867624,67.3611111111111,69.1657054978854,69.6084638228942,69.6022727272727,69.6827144954898,70.2782103003279,68.5897435897436,67.2558922558922,66.5714285714286,66.5496031746032,63.4030665280665,63.120988912239,64.5661157024793,65.7270916334661,69.4535878867676,72.2222222222222,71.4968258415964,70.3669307511737,68.7145519364771,70.3823278128286,69.5993031358885,68.9554749231329,68.6683108558109,70.6967213114754,72.3026959316485,72.8125,76.5451575366989,78.6502967249576,76.2688289601555,75.1329787234042,75.9965278629293,76.0869565217391
"New Castle","DE","Philadelphia","10","003",111,135.166816952209,134.613814756672,138.361204013378,138.26,137.874217585693,137.581395348837,131.707317073171,131.052631578947,131.473684210526,126.874951606659,126.393188854489,126.182186234818,124.203472599023,124.875,121.276595744681,122.596989247312,122.416666666667,108.620007465472,103.571428571429,95.1797574259443,96,94.0392156862745,92.1948790896159,94.3217580032556,96.0866261398176,106.297872340426,118.997212931996,116.591666666667,116,115.684210526316,119.661111111111,120.947368421053,117.463118580766,112.293333333333,111.620383036936,111.022222222222,110.721637426901,109,113,112.112676056338,114.9,118.836315267852,120.837209302326,121.5477582846,123.809523809524,121.818181818182,117.936974789916,119.230769230769,117.924358974359,118.158032443747,119.94,120.752358490566,124.807692307692,124.292763157895,123.90243902439,124.746666666667,125,122.980769230769,120.93023255814,120.31746031746,121.853658536585,123.670103092784,127.097495527728,125.925925925926,122.857142857143,122.513563218391,124.28835978836,126,127.659574468085,126,123,123.849206991423,127.914691943128,124.895833333333,123.473389355742,128.008628022846,123.373646324373,125.20184848985,125,126.731707317073,126.55737704918,125.411764705882,127.368421052632,124.705882352941,125.515210991168,127.0022172949,130.155820348304,133.795837462834,131.25,134.957983193277,134.117176470588,133.291666666667,131.578947368421
"Anne Arundel","MD","Baltimore","24","003",112,174.299572039943,174.202546327449,177.333333333333,174.94621979735,174.94621979735,174.299572039943,178.518108504173,174.299572039943,183.048855905999,181.974248927039,177.705088152378,175.843694493783,175.647306997063,174.586319218241,174.54278024645,166.384825409593,157.724252491694,157.653008307294,160.505617977528,161.780575539568,163.219284603421,163.793103448276,166.62126537463,162.110754414125,161.956392435489,162.043971029531,168.534254807692,164.835164835165,163.537765042047,163.01319224678,166.6,159.312080536913,164.066767830046,166.086956521739,167.671402889288,167.613636363636,170.135560675883,172.059424920128,170.833333333333,170.684073326606,174.290423127873,179.14657980456,181.6998866127,178.270042194093,181.966570028167,178.651757188498,169.137161970607,169.284776902887,170.274294528792,175.753157048594,172.848911651729,179.295154185022,176.375722858431,183.42151675485,183.864915572233,183.48623853211,177.664974619289,171.909290416971,170.642992091955,167.688172043011,161.809523809524,165.875262054507,163.421418636996,175.677900169831,175.360429515516,175.457868177878,175.194714926953,180.105105105105,180.881307746979,176.666666666667,180.881307746979,184.990085922009,184.990085922009,174.875,177.714887194153,184.39350864724,189.883913764511,188.343994314144,183.037615330021,182.724252491694,188.036558367738,183.333333333333,192.396535129933,188.883101851852,189.760232451189,192.918287937743,188.197628517795,182.774217866566,180,179.966208270058,181.105667489199,183.39344527766,191.465835627487
"Montgomery","OH","Dayton","39","113",113,,,,,,,,,,,,,,,,,,,,,,,,,,,,,,,,,,,,,,,,,,,,,,,55.5555555555556,54.3213245997089,53.6429143314652,57.3994252873563,58.9610897918825,62.1590106238225,61.1687087653157,60.4244065542998,59.9547511312217,58.8468435585743,58.5533306323386,58.693229985432,55.8108995403808,53.3291457286432,58.753692814384,58.3138629283489,58.4889643463497,57.9198164925847,58.6999374217772,59.2694063926941,58.5097189705483,58.9419311924404,58.4325396825397,57.5915413000284,56.7234848484849,56.0081466395112,58.8537214498883,60.5016355728099,62.7520577655349,62.4421296296296,60.9641099700471,60.7604562737643,62.1251071122536,62.5,63.9957264957265,63.5416666666667,61.038961038961,59.3378607809847,56.9260112647209,57.3476702508961,63.4920634920635,65.9882270388274,68.3632734530938,65.9433962264151,65.5977185426609,67.590601965602,70.8206686930091
"Jefferson","CO","Denver","08","059",114,146.128318358854,145.128676470588,145.631067961165,147.534908522362,146.201663319284,145.131905802862,143.493150684931,146.666666666667,144.52954187829,137.465051258155,134.123093681917,130.952380952381,127.954545454545,123.6958443855,120.80154028436,119.274809160305,123.6958443855,125.376128385155,125,123.6958443855,120.745216515609,119.84412470024,114.870881567231,114.086845522179,111.693514720044,110.188261351052,111.111111111111,111.995515695067,113.727678571429,116.963944495308,117.318948702132,123.152709359606,123.413258110014,125.850576460855,144.694533762058,148.317884185282,148.939061893627,149.137931034483,151.061093247588,151.515151515152,156.25,157.848324514991,156.779661016949,154.369066414062,154.217086380891,151.360842844601,149.888888888889,153.617132348766,151.215121512151,158.060013956734,160.25641025641,161.887141535615,166.043613707165,174.193548387097,175.381635907952,173.770491803279,178.020565552699,176.666600003027,180.909404172671,194.145758661888,193.093564139043,186.507177033493,185.551672243878,185.657618235309,190.454398181229,194.718346890447,200,203.111495246327,209.560164509528,212.177946360469,210.031347962382,215.58872305141,213.426654333167,216.088587168365,220.11354055234,222.529993847416,226.95530726257,227.954144620811,225.782957028405,226.933067644024,230.105465004794,235.413175464811,231.818181818182,227.143472501772,223.577235772358,230.434782608696,240.740740740741,243.506493506494,242.526790750141,244.897959183673,250.709555345317,251.82778229082,250.376382170181
"Washington","OR","Portland","41","067",115,150.270595309681,150.530035335689,150.125628140704,149.890805051302,148.080808080808,146.22641509434,144.695391892844,144.64141821112,138.266068759342,135.508474576271,131.346578366446,128.211908628934,124.947807933194,122.761194029851,122.96068015745,119.263852307092,119.16566080226,113.060989643268,115.893470790378,116.42664796322,110.570824524313,107.980049875312,110.599849817515,110.80361090497,106.730769230769,106.104267653733,108.860536937378,110.220731088296,110.120240480962,112.368236120871,109.539473684211,113.060428849903,110.75,118.133935289691,117.521367521368,118.144208037825,120.686767169179,126.041921104055,131.285728365858,132.743362831858,136.186770428016,140.958393203645,144.453781512605,146.23745819398,145.654927654928,148.451749734889,149.707846207122,152.709359605911,152.743568691845,153.061224489796,159.395973154362,160.844385499558,156.097337006428,159.468438538206,159.176942625943,160.807778608826,165.383428591465,162.721893491124,161.944444444444,161.875,160.01872659176,163.108639749122,165.788154531873,168.032216256249,171.293573329953,171.966204491574,170.701114351732,168.149038461538,173.062378357665,175.768989328311,177.096351299273,177.301255230126,179.111531190926,184.060337825806,185.648625429553,190.875525085789,192.650469882111,194.333333333333,195.931952662722,196.974740511649,196.767392832045,197.094430992736,197.964376590331,199.24676955793,200.02675914719,207.384937970128,209.558872536248,215.182487308848,218.343809392468,222.357805739837,223.579033579034,225.217035217035,226.855036855037
"Lancaster","PA","Lancaster","42","071",116,124.903273809524,123.294629898403,123.547589616811,122.201317027281,122.201317027281,121.457489878543,119.578984287318,120.416801702532,119.554455445545,117.387218045113,116.545189504373,116.875,115.796153161175,116.953549230649,116.105769230769,115.084406772795,118.225806451613,118.140681003584,119.108072916667,108.396226415094,106.390977443609,117.732254697286,115.927835051546,116.028295045631,117.238267148014,117.073170731707,116.968987712112,117.687445349528,116.018854242204,116.968987712112,113.850912841591,114.171428571429,113.565340909091,113.466211604096,116.910735198101,116.817496229261,117.924528301887,117.595827804806,116.968987712112,118.007832205747,120.692431561997,119.357638888889,119.644922507518,119.876204255009,121.153846153846,118.82204610951,118.82204610951,119.190871369295,120.259893679858,121.776729559748,116.439439946019,118.498023715415,119.822485207101,119.682158119658,116.771874800993,119.128624674067,118.436018957346,121.629213483146,125,122.104519774011,122.58064516129,122.546012269939,128.388017118402,127.027065796492,122.232142857143,129.086419753086,127.675925925926,127.084184029161,125.78125,123.01455970062,123.572358630952,121.99036918138,119.301994301994,124.914383561644,126.079061481443,125.914641971633,127.005347593583,129.419191919192,130.143229166667,130.071614583333,129.678682170543,129.457364341085,127.306994159254,130.508588393299,132.647634108246,134.490084985836,132.813340505648,136.280117152962,138.018009183414,133.333333333333,137.845849802372,135.582010582011,136.851211072664
"Douglas","NE","Omaha","31","055",117,101.181434599156,102.80987394958,103.56123901037,102.114164904863,103.137902559868,101.895306859206,104.119318181818,102.942850728798,101.5625,99.1150568181818,97.2222222222222,93.4761441090555,92.7734375,94.5921575317427,96.0687231493646,96.9198007133498,97.4166666666667,96.7096774193548,96.3762528912876,96.3611859838275,95.4796723158537,91.9447601562045,92.9411429872495,91.8407474245914,91.1560170039562,91.4634146341463,95.0845665961945,101.981699858101,103.558926487748,100.127712225997,100.109649122807,97.2305389221557,95.4057279236277,95.4242181284805,95.3632887189293,95.5803512560163,93.3541017653167,93.2017543859649,94.3081761006289,98.29829863145,101.232394366197,97.0922755405514,96.6242984890533,95.8188153310105,99.5670995670996,99.7091987638876,99.4318181818182,99.2361111111111,95.9132610508757,99.3970993140759,100.929054054054,104.650578039527,107.737206292314,106.522923178933,105.042016806723,104.126134889754,101.388888888889,99.6621621621622,99.623706491063,98.326359832636,98.2961278931966,101.574378509748,106.026785714286,107.824866725687,113.413638219682,107.937916123275,107.104508063467,107.941176470588,109.207368981112,108.751235177866,108.500932979378,105.984848484848,108.551013380559,112.619945607553,113.095238095238,118.675799086758,116.625,122.881355932203,119.969040247678,119.9,118.948412698413,119.065476190476,118.838028169014,114.552452272289,112.847222222222,119.047619047619,123.730964467005,129.347607066614,135.733695652174,135.767790262172,132.622329754491,122.641509433962,131.160572337043
"Utah","UT","Provo","49","049",118,147.880648753557,145.348837209302,143.143732206022,142.374451846854,145.714285714286,144.444444444444,140.832194554105,142.567567567568,139.565022049052,138.888888888889,135.746606334842,133.004926108374,131.396957123098,128.875463274491,123.151408450704,118.928571428571,116.56298600311,119.541375872383,118.900322616531,113.84750219106,114.087301587302,112.94964028777,109.217233009709,109.90099009901,105.294970584651,109.02176357495,106.831683168317,101.775700934579,104.642135642136,110.210696920583,111.974789915966,118,119.57490465926,121.316863749341,129.113078923326,130.645161290323,125.83629463894,132.789699570815,136.661349820544,138.777777777778,146.207170478138,149.406315399723,146.683673469388,146.030245746692,148.936170212766,148.628048780488,146.838824577026,151.583113456464,151.696512329134,148.578346021169,149.192499043245,151.782912035284,153.138427482907,156.473607217725,157.001795332136,157.798917944094,156.670321637427,157.444780609474,154.511269178808,145.125538632194,148.980785296575,150.475435816165,148.619957537155,153.941271253544,161.458333333333,162.2421875,168.224299065421,176.14165890028,176.363636363636,176.539855072464,176.613036040631,177.186761229314,179.707652622528,176.705510358318,183.333333333333,185.305591677503,187.726449275362,183.050304878049,187.422187378418,192.307692307692,191.78098186525,193.537807785132,196.193122918459,194.282543988727,192.100538599641,185.875,186.29272131907,188.409703504043,187.620269403464,191.816055406319,195,197.319092981941,199.328597126578
"Kane","IL","Chicago","17","089",119,125.02406159769,122.768434670116,123.490531423866,121.247735284271,118.531191503306,115.625,112.29959369681,111.420101756433,110.194606043961,109.103075170843,106.490382741823,102.07100591716,101.767441860465,97.5986394557823,96.9387755102041,94.7259790763301,97.8825136612022,99.1205253669843,99.3781094527363,98.2204112529225,95.3894575451326,93.0468908171853,91.1496350364963,88,89.3325387365912,92.375366568915,92.724573125464,90.2612826603325,88.3975026014568,88.4900898834056,86.9883040935673,87.2641509433962,88.2128628343768,85.2904820766378,90.1129943502825,90.4088050314465,91.7650918635171,91.441111923921,91.2820512820513,93.5148453093812,93.7808489634748,95.3930479882649,97.578125,98.4171438797423,99.1485702551466,101.873000497396,98.8142292490119,99.1634349030471,97.8092680131786,101.068510370836,102.81207133059,107.376943621814,110.293816543817,112.997883570234,110.363621405948,109.235352532274,109.606656580938,109.113478378622,107.107252725366,107.672413793103,108.603348325397,110.397244094488,114.659295659296,114.637989872218,114.355062413315,113.970588235294,113.654511121051,114.427480916031,115.71002556092,116.669310205184,116.007207540196,115.552779512804,112.968471148126,116.644385026738,116.677785190127,118.639244573507,118.639244573507,120.422773995953,120.481927710843,120.257966143888,121.184930655811,121.062441752097,120.697315179353,119.221105527638,120.843989769821,122.030640690647,122.852639873916,124.157419293491,126.046918767507,126.746135348677,130.224698315118,130.947294657267,130.35914425665
"Stanislaus","CA","Modesto","06","099",120,,,,,,,,,,,,,,,,,,,,,,,,,,,,,,,,,,,,,,,,,,,,,,,110.294117647059,109.769736842105,113.367592901319,113.493723849372,117.318634423898,117.444482425682,121.51793337635,123.718643949201,127.925045703839,116.03982300885,120,120.37617892224,118.577075098814,125.215889464594,119.306418219462,129.501970784064,137.669897504456,148.671670484293,149.647887323944,149.001516738684,150.406504065041,151.600609756098,148.217547620643,152.297367062468,154.711673699015,155.728689275894,155.030998861984,155.077574047955,153.625593924996,153.821102464096,156.007301726933,161.898920510304,168.70095942724,169.35400222627,171.84431552346,174.418604651163,177.165354330709,173.168731106687,177.145430201792,174.316659591529,169.927536231884,173.252279635258,182.323856613103,179.468660504635,188.523770491803,191.885964912281,190.799790904339
"Ramsey","MN","Minneapolis-St Paul","27","123",121,,,,,,,,,,,,,,,,,,,,,,,,,,,,,,,,,,,,,,,,,,,,,129.644808743169,130.01976744186,121.156912133733,127.280197206245,122.504537205082,125.013896316463,130.336617405583,132.512719652143,136.71875,137.25321888412,137.25321888412,137.345971563981,136.054421768707,135.3125,133.101851851852,131.203227804658,128.323262839879,128.133903133903,129.87012987013,134.220532319392,142.277580071174,140.14014014014,142.998115293428,142.281991501138,142.842488639401,139.03192584964,136.91128506197,134.282220513478,136.653645833333,136.904761904762,142.755102040816,148.454743208829,152.407704654896,152.283487910253,151.532258064516,147.099567099567,145.331451853444,148.397435897436,147.896120973044,147.967479674797,149.634009729868,155.020408163265,160.518134715026,165.452538631347,171.316366073682,173.804347826087,172.312373225152,171.983527143809,168.098720292505
"Passaic","NJ","New York","34","031",122,,,,,,197.133250408147,202.53807106599,202.53807106599,197.985877974018,197.907239819005,196.623420433491,199.418604651163,196.348761103319,192.251131221719,189.655172413793,191.631603553062,192.251131221719,192.251131221719,192.257742257742,197.683615819209,189.090909090909,198.197024791199,201.537310587723,202.926470588235,199.355216881594,199.875,199.430587557604,198.510427010924,202.906976744186,196.960607765898,195.024390243902,190.899014778325,192.142857142857,192.142857142857,192.142857142857,195.3125,202.219094850236,206.778169014085,202.641277641278,201.570157068063,213.689429521155,215.019255455712,215.019255455712,215.799614643545,214.173303397441,209.138752052545,203.848793363499,205.682978096771,196.355345022624,216.752198530298,216.666666666667,215.588235294118,210.91628959276,216.060054595086,244.333333333333,214.440476190476,193.690045248869,199.324802036199,193.333333333333,191.993212669683,208.25,207.701180784961,223.978831047797,216.060054595086,196.969696969697,193.661091549296,195.307765151515,189.848066298343,184.2971726874,185.6,198.15668202765,217.086834733894,213.571428571429,209.692451071761,209.692451071761,206.777316735823,208.234883903792,210.477081384471,203.488372093023,205.101181582989,209.32410320559,209.927542779618,198.212419226115,203.43023255814,203.43023255814,203.43023255814,189.9,188.572997804425,187.721351798322,193.548387096774,190.98597170223,189.720812182741,199.75024975025
"Chester","PA","Philadelphia","42","029",123,163.511904761905,164.021164021164,164.193780360733,163.372948500283,162.385844748858,162.527716186253,159.800589799032,159.796573875803,162.056187317381,157.671957671958,157.531351586621,156.363636363636,156.14224137931,156.096412731134,148.786688588479,148.051948051948,144.641148325359,143.235791353241,148.265104460757,139.019818198597,138.609860591278,147.088931541907,146.210106382979,144.518409259801,143.877551020408,147.08299096138,147.196261682243,147.390691114245,146.609067132682,147.058823529412,147.196261682243,144.974226804124,147.22970978849,148.942001274697,148.108201888184,147.196261682243,148.995148995149,149.496950411032,150.770589061034,152.595419847328,150.50641458474,151.446280991736,148.768965582558,152.400164445739,151.197714100511,149.153846153846,151.488329553183,152.642034990792,149.302788844622,149.462331280513,151.775067750678,152.486559139785,150.703819948268,150.259077501848,154.406740554515,152.820777433781,152.219663161845,155.120320641418,157.30880929332,158.014705882353,156.397774687065,154.832347140039,154.837198945473,157.140911519075,158.605919003115,161.990044610799,160.432516201747,160.399289465555,156.703878513165,157.456423499032,158.945311986756,163.317757009346,162.901824500434,159.273341782847,162.721893491124,164.138252171866,161.989070372176,159.611795446062,160.511023638564,163.625443331769,160.368389780154,162.19298245614,163.825757575758,164.12213740458,161.002661934339,164.085820895522,165.596330275229,167.117726657645,171.30376344086,172.306034482759,173.8125161124,168.69886335186,170.28296579658
"Sedgwick","KS","Wichita","20","173",124,76.25,75.4283801874163,75.8384146341463,76.844262295082,77.0484188283299,77.4193548387097,76.9711573233448,77.0130331753554,76.8229166666667,76.3888888888889,74.4677197802198,71.205935851771,70.7837624314527,70.1754385964912,71.3575837742504,70.4845814977974,71.6061185468451,71.2744959668797,70.5288567039719,69.9363057324841,67.669078407225,67.0019427764041,65.8866995073892,65.8396744251791,65.5598455598456,65.5598455598456,65.5598455598456,66.4136622390892,68.6475409836066,69.9020715630885,68.7830687830688,68.6997960020647,66.9179229480737,69.3181818181818,74.3585184374658,72.9967948717949,71.266341582774,71.2239583333333,69.9208443271768,71.7516108948629,71.835636120296,69.814456240624,69.6710909544811,68.1489141675284,68.3604121469616,69.5572476029329,71.5214564369311,70.8333333333333,70.4212454212454,70.9280303030303,71.3839285714286,72.5425261013496,73.9129779465777,72.4087436332767,73.7786903690369,73.8073807380738,73.3639494833525,70.8900344467516,70.3935060714391,70.8109266619905,71.1538461538462,68.7849162011173,69.4444444444444,70.357729711603,67.4882629107981,67.8986016243619,71.4167906746032,71.6032608695652,70.9591474245115,71.5747129141566,71.888042686362,70.181715673519,68.8519625343469,69.3666376553425,71.2881022615536,71.8530274530879,73.594674556213,75.3138075313807,77.1704180064309,76.7743346467333,78.7878787878788,75.7601992883985,76.1161326032167,77.5737485836041,78.7162162162162,77.3583571513636,76.0320873934227,79.0277777777778,81.2790697674419,83.4939759036145,81.0002035639347,82.1714285714286,81.0544611819235
"Lake","IN","Chicago","18","089",125,,,,,,,,,,,,,,,,,,,,,,,,,,,,,,,,,,81.388961793143,87.3113573804592,87.3378108964931,89.0138980807412,89.0963855421687,88.7627334465195,88.4579415560472,89.5326784008732,90.3571428571429,90.8363636363636,89.7328881469115,90.1935483870968,89.4736842105263,83.2142857142857,83.785140562249,82.9119073275862,83.0467990521711,83.3799880881477,86.0632183908046,90.7952916046701,91.1486486486486,91.1558522604703,89.4539905695855,89.1865079365079,88.0214541120381,86.440314071893,82.7464909212567,84.4155844155844,84.4155844155844,85.7142857142857,84.9150141643059,85.6979405034325,86.0421436503475,86.996336996337,86.1042234759184,86.5013612387272,87.1101687428218,87.13033185586,85.5952380952381,86.4062072737216,86.125,84.0909090909091,85.4492804872768,86.8055555555556,86.3171110898037,82.2755187241682,81.46511441021,82.0046893317702,89.5895895895896,91.7675184583079,88.3888977867646,88.0050523401119,95.0636934229137,98.4855894627021,101.010101010101,100.48525192756,95.8825212007,95.9210526315789,99.7395833333333,99.7590155137512
"Plymouth","MA","Boston","25","023",126,194.995850336873,197.651438551337,197.811447811448,196.428571428571,197.306859950428,195.608695652174,195.00549917078,193.074937016258,191.993464052288,185.760971055089,183.902673576587,178.486111111111,178.713225817688,177.881355932203,176.428571428571,172.613908872902,175.923735107475,175.754884547069,175.110270951481,176.164874551971,171.402327005511,170.272572402044,165.650969529086,165.650969529086,164.88887169967,164.138392857143,165.596330275229,168.450704225352,168.684516880093,169.457820504053,170.596393897365,169.297401347449,169,170.368406340437,172.918918918919,172.246153846154,169.406779661017,172.104926423544,172.681818181818,178.108808290155,181.291266973963,183.157894736842,186.135679537853,191.241496598639,192.142857142857,194.420741849634,193.967749641663,195.21631006006,191.891276041667,195.747880637504,195.883734979241,195.789547304171,199.379432624113,204.899727544776,202.182011708356,201.851851851852,199.907407407407,195.247058823529,193.953975100001,194.902522261013,194.623500505853,193.188405797101,194.351851851852,194.894022137723,197.40099009901,200,201.594982078853,201.876379690949,204.317505411255,205.442388661567,208.147044212618,208.192840288127,202.085721778877,202.150537634409,211.538461538462,208.333333333333,213.450292397661,213.440077632217,216.364634816035,216.364634816035,218.042452830189,220.606826801517,217.757890122735,213.932477413219,212.825971261309,213.815028901734,224.916666666667,229.903536977492,236.048906984635,239.653512993263,244.578313253012,240.92594515995,241.452429445591
"Volusia","FL","Daytona Beach","12","127",127,,,,,,,,,,,,,,,,,,,,,,,,,,,,,,,,,,,,89.6739130434783,92.0994879297732,89.9864983414206,90.599363687652,90.6553156327126,92.0019267822736,95.6414617128903,98.4126984126984,98.319121081197,95.0832672482157,95.6380022798518,91.4765989406277,95.2102803738318,99.0909090909091,95.6632653061225,95.5183465959328,98.6666666666667,96.9079768069675,96.4912280701754,100.574712643678,107.672413793103,107.794208256315,104.079861111111,104.112123068925,106.09756097561,107.629427792916,111.909375773068,111.607142857143,108.701957940537,100.896860986547,107.944732297064,110.38961038961,120.84160963088,123.294629898403,124.903846153846,124.277456647399,122.861580422759,124.369758901276,126.630434782609,127.920560747664,128.584150957688,127.884615384615,127.574468085106,127.585449553878,129.033827618165,129.658280316175,124.90234375,121.255388867642,124.317817014446,128.595458368377,127.97695262484,132.120208709613,137.769784172662,140.649762282092,143.847860125261,139.816926120121,139.67468175389,140.822394590294
"Morris","NJ","New York","34","027",128,,,,,,,,,,,,,,,,,,220.305458187281,220.305458187281,205.277638358995,202.402196293754,201.636590797939,196.586292686252,196.764705882353,197.405753968254,197.352172783788,193.195427327164,191.666666666667,194.483418367347,192.764146219329,193.362079989949,197.19723183391,193.407118075553,199.964082042024,202.058439438459,227.099236641221,197.034888598863,205.147058823529,205.695701357466,192.934171840848,209.822306640047,222.092665368935,237.864198136876,217.698094761189,204.732142857143,212.117552932026,224.961288711289,207.758943089431,219.661979528432,218.302453680521,218.652037617555,218.652037617555,220.389264142803,218.215158924205,218.080357142857,225.334993532588,224.238553781335,215.202108963093,210.684523809524,222.308462694041,221.673037190083,227.777777777778,232.551594746717,233.317912946326,232.551594746717,229.771576922456,224.068870523416,226.903698979592,229.555698647778,221.690821742928,241.560452120517,231.473214285714,230.821231847772,225.771064493759,219.594594594595,212.5,224.153575129276,223.137741046832,223.002663115846,228.707586732749,228.326748936239,235.356762513312,235.356762513312,233.887172465447,232.417582417582,232.023487694414,232.023487694414,231.629392971246,231.96771978022,228.707586732749,238.523716947971,241.320980385903,242.96875
"Guilford","NC",,"37","081",129,,,,,,,,,,,,,,,,,,,,,,,,,,,,,,,,,,,,68.6772486772487,68.7726738807289,69.527027027027,70.062775541499,70.7154742096506,71.3235294117647,73.4533662539992,72.8114478114478,72.8813559322034,71.5059523809524,72.2825967397761,72.5933202357564,73.3333333333333,72.5869826985233,72.5190839694657,71.3749463749464,72.2543352601156,72.5264169068204,71.760337924131,71.2601072190113,71.3839285714286,70.4545454545455,70.2535111587511,68.8586086940889,68.4779606716748,70.1276463262765,70.0498132004981,70.2972894535197,70.3967867575463,71.9733819197116,72.481884057971,72.1141826923077,71.8132854578097,72.275660011531,72.0404627223157,72.7201257861635,73.7882372917643,77.9510022271715,75.9692730193274,79.9361022364217,82.9433962264151,82.5075075075075,86.5800865800866,83.3333333333333,83.3333333333333,82.8162424552103,84.8375451263538,83.0217633928571,82.8359902871622,83.4015275504637,82.8038674033149,82.7828458638196,84.6613545816733,84.9514563106796,85.0289196447015,85.4915819704552,86.4197530864197,89.1865079365079
"Dane","WI","Madison","55","025",130,123.018549747049,123,122.419853171748,120.715394708069,120.526573093178,120.112179487179,120.845921450151,120.108018526973,125.302114803625,124.928571428571,124.625935162095,123.141182956324,124.559738683606,123.902239859881,122.892763108403,123.344370860927,124.321266968326,125.973552978092,122.275138204094,120.568134771092,119.245628240003,117.972350230415,117.351141655825,114.105654467478,113.992395437262,114.232563622594,115.674603174603,116.40417179269,115.199836204278,113.989637305699,114.088922395694,112.459807073955,111.341772151899,111.888689883914,114.324324324324,116.760299625468,116.496598639456,119.525590018181,120.848503017175,118.281838602426,120.478723404255,119.280455645106,117.105070967833,118.537549407115,119.277885235332,118.977591036415,118.292682926829,117.455759606395,117.502612330199,121.932145860867,120.711587531896,121.412300683371,122.073921971253,121.969080553295,120.652173913043,119.364035583275,121.225266959799,120.109814687714,118.735027603414,120.652173913043,121.269023324361,122.076023391813,123.808958333333,126.329787234043,125.830564784053,128.776041666667,128.438540838232,135.16081871345,132.601644821383,133.807531380753,138.658227098699,138.078078078078,138.833461243285,143.410506272401,136.71875,145.804988662132,142.676991150442,147.669305189094,154.890503938016,155.694535878868,159.669138619509,163.547314950445,163.695937090432,179.100750824197,162.53568318569,154.980086893555,154.33988242132,153.347280334728,151.86685148263,151.86685148263,154.27652733119,170.696721311475,176.682692307692
"Sonoma","CA","Santa Rosa","06","097",131,,,,,,,,,,,,,,,,,,,,,,,,,,,,,,,,,,,,,,,,,,,,,,,297.107114933542,295.752909373939,294.019607843137,297.557180655177,308.286516853933,313.627450980392,331.911262798635,326.454033771107,331.492753623188,328.176660479128,328.610184498806,332.176414308894,335.165970494134,321.901655611782,307.325819672131,302.623550945699,334.11214953271,341.798074312329,341.47720095996,349.480698848174,357.142857142857,363.802559414991,364.156339370829,360.977830715553,364.940577249576,363.672113040829,365.601503759398,359.61810466761,354.389742477154,378.324659685764,379.441624365482,390.757948537703,392.361111111111,401.785714285714,402.018693533048,396.483267158253,387.297711986258,383.200212992545,384.301712779974,399.278455284553,424.080094731204,431.818738368107,432.04571008476,430.58876667198,425.811885100427,433.451940921152,425.199779553596
"Spokane","WA","Spokane","53","063",132,136.642156862745,135.84468751999,137.418419144307,140.214646464646,141.301907968575,140.555555555556,137.198903141494,137.369791666667,133.746006389776,130.434782608696,129.613992762364,127.64598540146,127.827380952381,124.732715609408,123.747432545269,118.388625592417,120.167189132706,118.035426731079,118.193225355958,118.838545033398,119.823232323232,119.650230998814,117.289313640313,116.832368309561,116.01466992665,116.647791619479,115.30168811633,115.097159940209,118.289473684211,118.725125356958,118.957739791073,118.875634270101,119.904995539697,118.523026315789,118.011091127098,114.853568149023,115.639098850034,115.309827156094,117.814541749086,117.647058823529,121.354166666667,121.316241909385,121.683168316832,120.772946859903,119.499112291426,120.375722543353,116.973684210526,113.650242886884,113.716915995397,114.927344782034,117.057291666667,119.472111553785,120.034542314335,121.98275862069,123.946515397083,125.031328320802,126.291340682788,122.186147186147,117.516447368421,108.858578157474,110,118.152524167562,125,129.189944134078,131.268648763853,132.808892407151,132.156905594406,132.822085889571,129.106567475953,126.529535864979,125.63025210084,121.89812893408,118.737114259111,123.824426031803,128.954493199007,134.206368698291,140.861618798956,145.679012345679,143.44262295082,142.751263548898,139.897681944659,141.293050203728,142.732919254658,140.861618798956,136.790938515112,136.217948717949,145.067698259188,158.772400664147,162.432689265537,164.460412803354,164.791836393641,161.636189710678,159.810464718306
"Richmond","NY","New York","36","085",133,244.534050179211,247.945205479452,244.081632653061,246.371781419001,246.589716684155,246.153846153846,248.979591836735,247.156673426246,246.153846153846,245.111369348528,244.638242894057,244.444444444444,249.667635658915,249.073129251701,244.444444444444,234.764542936288,236.111111111111,235.342019543974,233.894548198453,235.839399727674,233.927149433868,236.945446232743,232.638888888889,232.421875,231.964362157534,231.908611918605,232.421875,222.321428571429,221.451142440447,218.229166666667,209.649122807018,208.181818181818,222.314049586777,217.226593951877,237.266630424895,224.644194756554,224.644194756554,235.388306968135,236.418918918919,238.664004914005,240.404545454545,229.967948717949,233.594356261023,244.545454545455,239.927272727273,233.950617283951,225,219.7265625,215.020576131687,216.559550927432,220.352564102564,222.636363636364,228.47619047619,229.175241182827,229.371282051282,245.092393529894,229.371282051282,245.725697725698,241.605241605242,241.605241605242,254.816288217415,236.670918367347,242.5,251.529051987768,262.825258573762,253.620383162936,263.888888888889,258.263429752066,261.856540084388,252,248.625175413499,252,247.516025641026,246.031746031746,261.904761904762,271.666666666667,256.756756756757,262.066511387164,253.636363636364,262.228260869565,260.227272727273,273.4375,262.727272727273,279.481935923654,298.418119013974,289.587087087087,295.454545454545,304.803493449782,304.545454545455,330.666666666667,323.834196891192,315,326.342582402168
"Onondaga","NY","Syracuse","36","067",134,96.8650131282821,94.4976076555024,94.6212121212121,94.5050505050505,99.5471014492754,98.5745614035088,99.5471014492754,96.6435185185185,96.6184094801648,96.242774566474,96.3754045307443,92.8257686676427,93.6458333333333,96.5098853480184,97.4303293521534,95.703125,95.1801977863808,94.9841605068638,95.5768081291094,94.5767773892774,93.6666666666667,91.8027075646925,94.0135613207547,95.1428571428571,93.2750245941958,94.3193321353699,92.3645320197044,93.6631944444444,92.0552677029361,90.6563479623825,89.2431972789116,91.0590277777778,92.3260517799353,92.6935471245173,92.3260517799353,94.8372615039282,94.6408529741863,93.8644688644689,95.0285320739866,96.7278989667049,93.655303030303,92.4768518518518,91.6666666666667,90.7603617504608,91.1779394977169,90.2173913043478,90.0186567164179,90.901934322987,88.1868160338252,90.4141104294479,90.9919028340081,92.1091445427729,93.6631944444444,95.3289473684211,94.7147651006711,93.4244790125444,92.174639843609,92.1717171717172,90.9339143865843,89.2820324005891,88.915857605178,89.4854795667417,89.6741459860272,93.0146040974529,95.1165254237288,95.9783913565426,94.4379720392094,92.1875,91.8814499484004,91.9736842105263,89.0374331550802,89.0095346075902,88.5394264518188,87.6230351520283,88.3057090239411,88.3025143759161,88.915857605178,90.4363230440691,91.3477297895903,93.4722951680672,93.3644859813084,93.3837535014006,90.3978296478296,89.9470720720721,88.846008290139,85.0036995930448,87.0730633252964,89.4230769230769,92.6147071911421,94.3888888888889,93.9167556029883,96.520618556701,97.3597359735974
"Hampden","MA","Springfield","25","013",135,145,144.561965811966,141.931283602151,140.432432432432,138.075313807531,137.548828125,136.117986111111,138.338909417757,136.111723712068,132.530721888317,132.567496556377,133.227513227513,133.361329429291,134.005763688761,132.167036625971,130.806673855739,129.482071713147,132.352941176471,131.558739495798,131.698866396761,129.306487695749,130.717054263566,128.90625,126.5625,130,130.30637464998,130.841121495327,132.645541635962,133.27380952381,133.433922349428,130.776173285199,129.645329728227,126.913265306122,123.410664309913,122.303921568627,123.151408450704,124.926840391435,124.555069985433,131.131505787986,133.101851851852,134.18330851654,133.286318758815,133.492366412214,132.091268613848,131.65626909404,130.882352941176,126.739130434783,130.018248175182,128.676470588235,129.58879496917,129.839663137982,129.508828847995,129.838682745826,129.508828847995,129.535864978903,130.059171597633,129.537037037037,130.713778339982,130.325037401742,128.962536023055,132.475587703436,132.754371829614,129.385386705018,130.135457436399,133.047643066653,133.771514629948,133.189814814815,133.25,133.333333333333,133.25,132.401218062983,131.71768707483,129.9,129.028925619835,129.9,130.352904950733,130.821299638989,135.681522345503,137.777777777778,137.653011545417,133.287768291237,136.691542288557,135.569852941176,133.259094283593,132.874015748031,132.537577365164,135.450679345711,136.661040109316,141.698691671791,143.145270492237,144.344334772774,148.613762221431,152.656621728787
"Montgomery","TX","Houston","48","339",136,,,,,,,,,,,,,,,,,,,,,,,,,,,,,,,,,,,,,,,,,,,,,,,,,,,,,,,,,,,,,,,,,,,,,,,,,,,,,,,,,125.527777777778,127.98034403093,122.662360335196,121.862866008912,124.561067093729,133.021180555556,133.316666666667,134.096906798027,133.409642233857,144.227497655326,149.086868686869,146.494661921708,140.520833333333
"Greenville","SC","Greenville","45","045",137,,,,,,,,,,,,,,,,,,,,,,,,,,,,,,,,,,,,74.8099489795918,74.7425113496542,73.5679214402619,73.125,73.8151563753007,73.8372093023256,73.7847222222222,74.4430017688457,74.5049019607843,74.1646985273687,73.0263157894737,70.6627680311891,70.7738197910465,70.555032925682,70.6627680311891,72.8846153846154,75.4173958429278,76.5679442508711,77.304347826087,78.3706761006289,79.6413951901757,78.7573827980805,76.7097077546296,75.2314814814815,77.1812080536913,77.0992992217824,75.6620428751576,79.3237971391417,80.3926915734933,81.2807881773399,85.9601449275362,86.2286501392534,83.8064516129032,87.5,98.4990619136961,97.148556442999,93.3131408905745,95.235887290008,99.524364929561,101.831024113204,104.0625,101.962158374212,106.329141183564,106.382978723404,101.846381093058,100,104.051959325397,103.540587219344,108.564814814815,107.112253641817,99.9373386470161,108.197989172467,113.247863247863,108.958837772397,114.61419955342,113.240418118467,115.763282736686,122.086466165414
"Burlington","NJ","Philadelphia","34","005",138,151.314363497199,148.626876601977,149.952516619183,149.812734082397,147.275775861061,144.187557648291,143.019480519481,144.53477868112,143.543045529567,142.450142450142,142.450142450142,141.310541310541,138.571428571429,137.308012093726,133.711507293355,136.482720178372,138.369062270715,131.505847953216,131.161971830986,130.929812775469,133.742075412281,131.954225352113,131.555812676693,130.949781659389,130.525502318393,128.205128205128,124.753775443204,124.963235294118,125,124.895833333333,121.0211543091,117.413666421749,116.77796327212,113.903336432187,114.285714285714,115.200683176772,119.563616071429,119.718309859155,120.811744386874,122.622699386503,119.891640866873,116.279069767442,119.907358894975,117.384599673203,121.053680092727,119.788182831661,119.496364143103,120.712560386473,123.264684027899,124.798711755233,121.943740086208,123.043133802817,119.030051333838,120.105882352941,120.105882352941,120.212765957447,112.929475587703,111.69947208969,111.69947208969,113.563049853372,112.671335016074,113.921286918837,116.272727272727,115.286080273271,116.173361522199,115.452635199809,112.213114754098,111.95020746888,113.560606060606,116.391466658606,112.080515228536,106.746370623399,108.057228915663,114.80686695279,113.881215469613,111.681322013341,113.076773600904,110.75229942182,117.124145090376,117.601246105919,112.595315904139,110.75229942182,108.231436952147,107.352205882353,112.40234375,120.199312714777,116.635572139303,116.01257915823,120.690973722658,122.04316686024,121.129572245818,119.318181818182,120.277777777778
"Tulare","CA","Visalia","06","107",139,,,,,,,,,,,,,,,,,,,,,,,,,,,,,,,,,,,,,,,,,,,,,,,102.963917525773,102.939705882353,99.3303571428571,96.6824141586453,101.740148578811,99.4736842105263,99.3336162988115,100.864762735266,98.6639513156297,98.0993472540241,104.053073245638,106.672597864769,104.281009879254,100.973040945383,105.837075048108,115.510404939935,113.931854956837,110.625,110.219424874104,105.723554628664,111.392283801226,107.91357705441,111.128342903259,109.416445623342,109.058751090105,110.34282393957,120.361247947455,114.583333333333,116.834701596257,116.48587861619,118.560915780867,118.65976443769,120.341051781214,122.192141919439,121.030991921111,122.777307366638,125.762310346489,126.071503356259,137.376274632936,131.578947368421,132.214206437292,130.2679217958,132.813932172319,129.297597042514,128.968253968254,130.166666666667,142.738095238095
"Lucas","OH","Toledo","39","095",140,,,,,,,,,,,,,,,,,,,,,,,,,,,,,,,,,,,,,,,,,,,,,,,,59.2153284671533,56.5991902834008,57.2247706422018,56.9798068481124,61.4771904417089,63.4533898305085,61.379794973545,61.8622448979592,61.1980939414568,61.2156010247824,60.0283952799752,61.9834710743802,60.4492904330805,60.1557681501076,60.4985509589791,61.3729508196721,62.375,63.3671742808799,64.0224358974359,63.9487870619946,66.7759616256403,63.9983974358974,62.8025834342487,59.4695093049541,59.4315245478036,59.1966173361522,60.744851994852,62.3115577889447,67.1487603305785,66.951536643026,68.1740614334471,67.2682738778043,65.1436031331593,66.875,66.8036387658289,66.7714061272584,63.8592750533049,63.6363636363636,65.4008438818565,66.3898117386489,70.8061002178649,70.2267618639438,67.6210307131702,65.4506909547739,65.2653095988417,63.5026737967914
"Adams","CO","Denver","08","001",141,,,,,,,,,,,,,,,,,,,,,,,,,,,,,,,,,,,,,,,,,,,,,,,141.325069034706,146.058732612056,139.147321635529,143.883576887829,146.039603960396,145.446721952746,145.108386362461,146.825396825397,151.54187783761,153.730703259005,156.464646464646,160.215053763441,159.74212034384,166.598639455782,166.165456898492,171.417682926829,174.318677325581,165.58734939759,166.47858172503,165.071920664481,177.649828767123,178.676724435545,183.630574086501,179.093567251462,180.647590361446,186.844005227379,185.333333333333,186.889474393478,194.854202401372,194.073569482289,198.971962616822,200.892857142857,198.113853503185,199.820079955589,200.129198966408,205.564511767342,207.447892542844,209.621710526316,204.759036144578,209.59595959596,214.74609375,214.322469982847,216.658476658477,215.900735294118,220.678571428571,223.314712787982,227.370056896769
"East Baton Rouge","LA","Baton Rouge","22","033",142,115.236675089616,109.702549575071,114.950544663005,114.885114885115,118.229166666667,118.229166666667,111.821086261981,108.612040133779,103.785211267606,107.407407407407,105.040037991616,109.79020979021,114.575214341387,109.082651219748,114.794138171668,115.534412955466,112.937375950832,108.891108891109,104.397918684002,103.785211267606,106.333706867617,103.785211267606,108.758653487088,106.40966573297,107.361963190184,109.113859113859,107.162363747416,111.325605422734,105.278861613668,104.533565823888,103.341288782816,103.785211267606,103.785211267606,110.416317991632,113.215859030837,112.787212787213,113.138686131387,110.035211267606,113.393590797042,108.261601412286,103.785211267606,103.785211267606,102.992957746479,101.435315034473,101.102941176471,101.102941176471,98.9010989010989,96.4979212870193,90.9926470588235,99.8501498501498,100.955468039298,99.8501498501498,100.091836103416,99.7464074387151,91.6272248936331,90.7643312101911,88.5353535353535,94.5397591304542,90.7643312101911,93.5457516339869,98.0915168017017,94.7201457079506,91.9667590027701,99.644128113879,102.701034991578,105.768989698378,110.937145585865,104.094662712166,103.092783505155,101.143165946126,103.14597895588,102.248762253016,108.636363636364,103.092783505155,108.636363636364,111.657528341739,112.359550561798,108.736842105263,111.22641509434,111.867704280156,110,105.917207304619,108.45856434199,103.092783505155,108.221476510067,114.421299184465,107.229898439056,100,103.092783505155,110.664479081214,112.587412587413,110.107520439483,109.625168833536
"Virginia Beach City","VA","Virginia Beach","51","810",143,145.183486238532,145.134768740032,146.893271599442,147.830374753452,147.464798039532,146.259950321735,145.129881306455,145.134228187919,144.251417465513,143.775125012256,141.967213114754,140.355805243446,138.96265560166,137.898185266606,135.17484702133,134.194214876033,136.042402826855,135.058679240377,133.169607190413,133.293838862559,134.384694932782,131.672394043528,130.212143379664,127.081507449606,124.108802253102,125.877537207155,126.259289843105,125.441696113074,123.932665840903,124.966216216216,123.604465709729,123.694925605525,117.545638945233,117.931085225999,122.992399206874,123.809821757341,124.682741116751,124.680149578152,127.526595744681,128.951612903226,128.411552516576,126.057529610829,126.532258064516,126.057529610829,128.23275862069,127.606382978723,127.866030732542,127.388535031847,126.80412371134,132.813346707712,133.887349953832,132.373271889401,131.468935888962,131.346578366446,130.479698629433,130.459770114943,131.25,131.443298969072,128.760475070839,127.858480832087,131.399615586231,134.797119131578,132.968047005701,132.62599469496,135.724877677951,135.945595854922,135.945595854922,136.580786406078,135.856693058547,135.945595854922,138.266796494645,135.945595854922,136.610486891386,136.799670691548,137.522911545262,136.81509066446,138.600737667128,142.300194931774,140.14175257732,137.250807102502,135.746606334842,135.945595854922,135.579937304075,134.920634920635,134.920634920635,138.211382113821,138.536277071927,138.509598073634,141.706847847263,127.278820375335,125.620939234771,126.801152737752,125.269010043042
"York","PA","York","42","133",144,111.224489795918,113.573035810924,113.724218828848,112.5,114.042553191489,111.5625,112.981574539363,111.031746031746,110.647939494662,109.138462547553,107.281247444272,105.708848715509,104.067244651484,103.62962962963,103.62962962963,100.182260024301,101.759259259259,95.8151700087184,96.1120401337793,95.7746478873239,96.1120401337793,96.1120401337793,94.8548445989765,92.0184190330008,92.9,91.8356405062025,90.1853941034898,90.2083333333333,91.8716577540107,90.4088050314465,91.7377049180328,90.8585858585859,91.23043712898,91.5689149560117,95.4545454545455,95.1409135082605,94.6022727272727,94.8189798071127,92.6239680946006,94.0654761904762,94.0654761904762,92.6490066225166,94.5687647435129,94.7482638888889,93.262987012987,94.6929492039424,94.9624061019834,94.5801526717557,93.3441558441558,93.8249885948905,95.7135299975106,95.2574841011323,95.1428571428571,95.3636363636364,96.5555555555556,96.5546218487395,93.1670357673756,91.1444436392623,89.0941794621649,89.5010395010395,89.2842261904762,89.8520084566596,92.3784057045551,94.3935978237646,96.5833333333333,98.6842105263158,98.0392156862745,97.816265060241,99.1402116402116,97.1427376171352,97.3214285714286,95.8870030007502,93.2013434089001,92.6639357753619,94.9,97.7417652027027,96.978021978022,98.9190568789499,97.5537683823529,96.0240060015004,97.2222222222222,98.0412388863093,97.7157980456026,99.9961538461538,101.403160948794,99.3975903614458,101.070269619847,101.471027479092,105.346385542169,103.158826066367,105.685350003532,105.769230769231,107.378223495702
"Jefferson","LA","New Orleans","22","051",145,112.916666666667,117.191220890578,117.191220890578,118.69918699187,118.685121107266,117.456896551724,113.520488391453,114.9,114.045662715517,112.5,109,107.069327731092,106.583333333333,102.4,103.849206349206,100.334889254988,105.609756097561,101.924637681159,105.609756097561,108.597285067873,114.0625,110.347826086957,107.055393586006,106.113945578231,105.609756097561,106.207482993197,104.615384615385,104.166666666667,103.252032520325,103.252032520325,103.869047619048,98.9917475357225,97.2154923421883,99.7826086956522,99.5652173913043,98.7091388400703,96.5811965811966,96.361848574238,98.7307692307692,99.2222222222222,98.7091388400703,97.4489795918367,96.0769230769231,93.5374149659864,92.3032191069574,94.02460456942,91.4115646258503,91.8573918664039,90.191049382716,90.4320987654321,95.1190476190476,103.333333333333,102.277043065446,101.500266240682,99.2392966360856,96.7648423005566,97.0457766439909,97.1527777777778,98.8065382892969,98.1188658669575,96.5909090909091,106.25,101.421800947867,96.3723776223776,94.2980295566502,97.1363560104018,99.125,98.25,94.8979591836735,95.8269230769231,94.8979591836735,98.6360837438424,99.2610837438424,94.8088235294118,93.1482090042721,107.672413793103,104.826862539349,116.162790697674,107.672413793103,104.185623293904,104.761904761905,100,105.096607333029,102.991119720259,100.678733031674,95.1428571428571,96.9387755102041,95.7894736842105,111.833046471601,113.207547169811,113.270440251572,115.582881049299,117.764180853263
"Knox","TN","Knoxville","47","093",146,91.25,93.0074677528853,93.2666666666667,91.2123701928563,90.8181818181818,90.2549407526188,90,89.6182246024018,88.1569150868018,87.2270742358079,88.0286274509804,87.1716701947955,85.8974358974359,86.0480406967221,85.5731225296443,82.2724262686953,83.1944444444444,82.487313034188,83.106960950764,83.1944444444444,81.0580204778157,80.4697846899005,80.1644675276062,79.6500920810313,79.5,79.8659663865546,80.5047867711053,75.2229654403567,75.3004676013879,76.4227642276423,76.8058814266593,76.5047250427264,77.1544715447154,77.8169014084507,80.4285826730335,80.1190344928974,80.7992202729045,82.3260073260073,81.627382573179,82.0559610705596,83.741935483871,84.1505695889054,84.6883468834688,82.2110714924725,83.8783724617841,81.4119481765835,81.0717592592593,80.427047492711,80.1693404634581,82.7485380116959,83.2407407407407,84.1177795293323,83.0357142857143,81.3953488372093,80.0372165713075,80.7773109243697,81.0810810810811,79.2909734174794,80.7286458333333,80.7214657738095,80.298719772404,82.7485380116959,82.7325942249327,83.7204736900551,83.3333333333333,83.2561728395062,82.7485380116959,82.201646090535,85.103294366207,84.5503458877786,84.5703125,84.758538050407,81.341165542865,84.4202898550725,84.5831360479798,85.9751895244659,87.4629127966976,87.8202912176014,90.1804302567661,91.4383561643836,89.3897339068163,90,90.1127819548872,90.4588863623539,91.188596184753,90.3567924555931,90.7623872598966,92.0673076923077,94.0476190476191,94.5943813131313,95.2738990332975,97.5813953488372,99.718734264854
"Polk","IA","Des Moines","19","153",147,105.235602094241,104.996379435192,105.097087378641,104.550209205021,104.257095158598,104.166666666667,104.166666666667,103.91717791411,101.393745143745,100.494762774914,100.541795665635,97.8260869565217,96.8497576736672,96.8497576736672,96.130592503023,95.8333333333333,96.0352422907489,95.8415678524374,94.6531825216844,94.1310385304226,94.725716991342,94.9948927477017,94.948051948052,93.75,94.2386720983419,94.5864898989899,95.5263157894737,94.8660714285714,94.9728260869565,94.9728260869565,95.3150242326333,94.5062586926286,94.9227373068433,94.785059901339,97.2222222222222,96.4191456903127,96.5053632095278,95.3517587939699,96.568935208438,97.5242820945946,99.0241812642803,98.5392588572951,97.2833454397402,97.3738650729801,97.6361767728674,97.3098330241187,95.514950166113,96.7391304347826,96.5632303534911,97.2222222222222,97.9910457010557,98.7089880780231,99.4318181818182,101.239669421488,101.403188785966,101.465614430665,100.48270313757,98.7483530961792,99.4318181818182,99.7109826589595,99.4318181818182,100.676691729323,101.733232856066,102.357320099256,102.696917808219,104.20197740113,105.050191282739,104.166666666667,104.6875,103.974964985994,103.528528528529,102.512269725026,103.528528528529,104.050925925926,105.197821748626,105.457885285035,107.840909090909,109.854771784232,112.059294871795,111.51888415323,112.612612612613,113.993650793651,112.722837958687,113.623737373737,111.647727272727,111.7903930131,113.589015151515,115.665127940763,116.599236316161,116.446935917224,116.959064327485,117.252931323283,120.277777777778
"Genesee","MI","Flint","26","049",148,,,,,,,,,,,,,,,,,,,,,,,,,,,,,,,,,,,,,,,,,,,,,,,,,,,,,,,,,,,,,,,93.9263322884013,92.2585227272727,93.9263322884013,96.4192708333333,95.1411111111111,90.2322872902912,86.13074204947,88.2047477744807,91.4550228100793,94.5,95.4154727793696,95.2504714324199,94.7331460674157,96.2340365706769,102.143874643875,107.672413793103,109.033489096573,109.169210916,109.439124487004,106.961542837638,107.577745783628,104.166666666667,102.74625562908,109.765760177412,113.588805627453,119.925925925926,118.815592203898,122.52207895471,121.758050478677,119.597423510467,118.538342250136
"Clark","WA","Portland","53","011",149,154.738810650752,153.239372469636,152.671974985457,149.384885764499,149.8442448471,145.660621761658,141.8241438588,141.372795969773,135.773317591499,137.608182533438,137.014925373134,133.466195611997,130.105590062112,124.080882352941,120.218579234973,117.595960714229,114.386927385975,115.663580246914,110.115719078812,108.96898575021,108.119079837618,108.475836431227,109.224440633676,110.194805194805,108.478549379321,109.06862745098,114.454656862745,113.41935483871,113.065326633166,115.237178296586,118.240807498198,121.490839243499,117.370892018779,123.087843175983,123.849248142297,121.871958003059,123.336824404059,131.698455949137,123.558819697759,131.450994668393,137.797723164486,139.869656535705,138.753541076487,141.129032258065,142.657738848132,142.412935323383,146.465517241379,148.108108108108,137.15710723192,137.15710723192,145.627802690583,146.797153024911,146.946706981827,158.975741239892,159.069721153754,162.266734279919,166.32972322503,162.454873646209,162.0029455081,159.766927016791,152.326878109082,161.837052268875,164.670658682635,166.350574712644,166.666666666667,169.78007540945,170.3125,174.160861304623,174.557708508846,177.440177688317,178.571428571429,172.975814931651,168.51106639839,178.474903474903,178.660143546036,178.326810176125,180.402010050251,182.629627208275,193.798449612403,198.461538461538,205.16717325228,203.373015873016,201.86923417798,216.044099785107,217.448988804623,222.122832270889,218.699258707537,219.585781624029,215.395480225989,213.854876142661,219.298245614035,219.454329774614,221.428387826445
"Santa Barbara","CA","Santa Maria-Santa Barbara","06","083",150,,,,,,,,,,,,,,,,,,,,,,,,,,,,,,,,,,,,,,,,,,,,,,,,,,407.222222222222,431.116059003618,442.934782608696,442.934782608696,448.638613861386,460.081871105839,450.611476952023,412.414965986395,412.414965986395,435.212660731949,428.979980934223,408.463474995733,414.552380092374,381.899641577061,414.268912504726,449.285714285714,487.384500637238,500,473.646723646724,524.267508519477,524.475524475524,481.026785714286,498.959417273673,463.754646840149,502.843041247712,526.822238016268,517.990495587237,517.965155201026,516.447842595906,528.485757121439,519.791666666667,524.975323541549,507.961067519764,505.799978330857,502.997312246941,504.82912332838,546.430042847726,555.672268907563,545.106776857419,538.130429068142,526.029208363844,523.072503785517,523.300970873786,525.587828492393
"Seminole","FL","Orlando","12","117",151,,,,,,,,,,,,,,,,,,,,,,,,,,,,,,,,,,,,,,62.7199680246982,58.7975959614615,59.3123861566485,58.8697017268446,59.4262295081967,62.3344208387852,63.8739630467572,64.9609713790113,64.4186253561253,67.7789363920751,72.5209893351486,69.0293306208088,69.3150684931507,71.8771959747569,74.9711649365629,73.913433908046,74.141795844062,74.646978021978,74.6924428822496,74.9160134378499,73.6885245901639,72.2683596909603,69.5238095238095,69.484126984127,73.4429065743945,74.7993592183733,75.1730103806228,74.8203828828829,75.8234513168012,77.1465461588121,76.8498168498168,78.4313725490196,79.8613880504913,86.1660079051383,82.8729281767956,80.3580989163857,86.8551587301587,94.1798941798942,88.4169884169884,90.6095551894563,91.5857605177994,98.3267716535433,99.2677824267782,102.00296735905,100.945476955013,98.450666528526,99.0990990990991,104.07196969697,106.519191909921,109.97442455243,103.663701067616,110.299676783551,110.550353329354,113.477829127211,112.507856693903,114.889705882353
"Williamson","TX","Austin","48","491",152,90.5100180363864,88.302752293578,94.4444444444444,98.7008938313417,105.501813784764,105.8711279087,107.456140350877,109.69387755102,112.865162415522,110.887656033287,122.450376454483,119.565202033143,116.361457253746,114.61908030199,114.00651465798,110.882056451613,109.38292662081,114.00651465798,115.349776316332,112.299465240642,109.895802339389,116.716212383568,118.684300341297,120.833333333333,115,116.739386792453,124.260588657574,120.993949870354,116.860313315927,116.860313315927,115.519048454486,120.276450511945,117.520656479909,118.042790961843,122.346070924684,121.02722940776,113.279568233482,121.114369014225,124.296041179973,128.488372093023,132.156308948987,136.551426101988,135.933155811559,130.548695422179,136.75601750547,143.673166926677,143.86761487965,143.86761487965,140.03829321663,137.690239560307,140.03829321663,150.301407383067,140.341443590227,139.145047169811,140.31485284052,140.31485284052,151.900239808153,151.900239808153,142.093160377358,141.882419446015,149.737652541152,155.902625820569,154.290694762461,154.805914972274,154.861728100829,156.339031339031,159.14466924624,155.928237129485,157.997509339975,156.719298245614,154.972810427313,155.334044065387,154.73046018992,154.516331658291,154.593819348094,156.218097447796,157.003269617706,160.42513368984,160.820709150103,165.193239152371,159.164882226981,159.679645145392,160.655754513918,160.272005245848,158.104038329911,159.261935483871,163.86177177769,164.308885754584,167.438019836909,173.410404624277,173.483430297012,176.44254060986,170.491226581389
"Washoe","NV","Reno","32","031",153,,,,,,,,,,,,,,,,,,,,,,,,,,,,,,,,,,,,,,,,,,,,,,,108.640923467534,108.618258493185,111.336702797828,112.089803949125,119.739478957916,128.924731182796,132.075471698113,136.772720577405,140.25974025974,139.979859013092,138.709677419355,135.489833641405,150.31748209875,153.034639873824,152.439024390244,153.128103277061,147.33893557423,158.489004367263,170.364500792393,169.172932330827,178.807963536292,172.980769230769,167.890992901068,169.478679635847,176.263219741481,176.189055071043,180.665519219736,178.873574446625,181.889081455806,182.148499210111,186.011904761905,190.061046259676,193.567599761763,196.564885496183,194.361111111111,193.31184528606,194.946951125604,195.248460861917,192.13649851632,191.011235955056,196.194341372913,202.138233487017,204.96872828353,208.955223880597,215.028731229693,212.727016141767,214.726250849171
"Monterey","CA","Salinas","06","053",154,,,,,,,,,,,,,,,,,,,,,,,,,,,,,,,,,,,,,,,,,,,,,,,460.43956043956,431.018301849331,409.929078014184,407.28285440285,421.052631578947,432.898351648352,461.847389558233,445.435827041867,428.182437031995,417.315004553734,419.823232323232,425.414364640884,416.597222222222,400.6122462952,436.137554332557,440.196078431373,455.744680006982,468.297715008241,456.707317073171,456.676860346585,446.986637393614,444.191343963554,458.885137176698,499.5,483.686325621809,473.041966404798,483.501683501683,518.269230769231,493.538533477866,493.540051679587,503.787878787879,530.486071825816,517.318149603763,496.957403651116,492.786636294609,488.491082744885,489.276139410188,517.006802721088,529.343976992494,525.990099009901,527.714502657555,527.714502657555,527.883072925022,519.625374625375,507.1477195371,504.259631250448,524.282560706402
"Solano","CA","Vallejo","06","095",155,,,,,,,,,,,,,,,,,,,,,,,,,,,,,,,,,,,,,,,,,,,,,,,166.666666666667,175.043780403058,167.617689015692,165.698123620309,169.773627617431,176.136363636364,176.136363636364,178.240190249703,181.683899556869,183.782881769115,183.108272353124,188.82769472856,188.851913477537,184.307142791119,184.622067767159,189.734784174513,196.300005070223,200.89244398103,208.48336061102,209.044368600683,205.069651981105,210.176991150442,216.168054725809,218.472468916519,218.472468916519,220.582838499493,216.169724770642,206.005422986019,213.688118811881,221.787607271651,226.71568627451,232.6525336091,235.170917731957,236.941497432514,232.386499727817,232.306861156132,234.374166962383,236.818588025022,231.643289042042,225.694444444444,230.416700024573,241.764425723157,245.098039215686,246.491971658435,246.803977272727,263.048091130299,249.217282404508
"Mobile","AL","Mobile","01","097",156,,,,,,,,,,,,,,,,,,,,,,,,,,,,,,,,,,,,,,,,,,,78.0505952380952,79.9874921826141,78.169014084507,78.1113195747342,72.9086133412628,74.9843652282677,70.5273069679849,71.9017094017094,76.9798136645963,75.5219720327634,71.0526315789474,71.5439439946019,69.5108135942327,69.5856873822976,69.3576388888889,67.5925925925926,66.6051999389499,66.5445665445665,73.2704186422949,76.7056530214425,80.423438264591,80.3700724054706,78.3814102564102,79.1032148900169,76.0786802030457,76.7418032786885,81.5672348484848,79.8501790098588,81.1600061012813,83.6420994606835,84.6327683615819,79.983164983165,83.1595411887383,79.3096059113301,82.9861365887662,82.7873924341825,83.7359574545942,85.4910714285714,85.2104664391354,82.710428445156,78.1149332541906,77.3714048672566,77.2468714448237,77.2337603519669,73.4417881095995,77.752539656671,78.125,78.125,78.2988871224165,78.4257012840679,80.4849794238683
"Berks","PA","Reading","42","011",157,108.695652173913,104.716981132075,106.125,107.579672695952,107.061736770692,107.686781609195,106.132075471698,105.87196743104,104.0625,104.545843857968,104.314855653569,104.050925925926,101.143359718558,99.6686482756708,96.4035087719298,97.6384364820847,96.4787814129919,94.1218130311615,96.7429577464789,96.4041095890411,92.3351734398246,94.5200923971484,94.2307692307692,92.2029631314489,95.7964601769911,96.0702341137124,95.1790145338532,95.9,97.8820253820254,98.2051282051282,96.9505178365938,95.5147058823529,95.1165342809365,94.5265976761075,95.5414012738854,94.7694737582874,94.8791714614499,94.9367088607595,93.6607142857143,96.3619472315125,98.3074963703685,98.026332815735,98.3748271092669,98.4719821565752,97.7726574500768,94.7855213166084,92.9302325581395,92.896174863388,92.0688320057184,92.1222540943415,91.7021604938272,94.9118046132972,95.9868421052632,95.0255102040816,97.2998271889401,97.2782258064516,95.2023988005997,93.4713400472258,92.4429657794677,90.8080808080808,91.4187643020595,92.5185185185185,92.0514368883934,91.9057397206374,95.3419401410406,93.9655172413793,95.477809706258,96.875,94.8575949367089,91.2774725274725,89.6031746031746,88.9926250220368,89.2080745341615,91.6496945010183,94.5033731043711,92.7000259330314,93.6458333333333,93.6147186147186,90.6058114035088,90.3504350594228,89.8972602739726,90.3920520359975,87.5189295719678,85.0941557247416,87.0209059233449,85.4068418059439,93.6458333333333,93.0064418859649,97.7881257275902,100.732206012378,99.3827160493827,97.8816944444444,96.8461538461538
"Cameron","TX","Brownsville","48","061",158,,,,,,,,,,182.234432234432,179.285236296931,178.128924646782,176.684907834101,178.753830439224,176.958525345622,177.131744942315,169.528388278388,167.207472959685,169.376693766938,169.376693766938,174.603174603175,165.006868131868,153.482889591558,149.773343633064,159.600997506234,155.337240032173,154.4477028348,155.28182301915,152.311534177289,157.461240310078,154.794520547945,154.794520547945,146.509341199607,148.989898989899,141.752577319588,140.354515151617,142.841043890866,147.949863375395,148.848684210526,156.640408187244,155.627011333427,158.782201405152,157.052985443076,151.022222222222,148.983739837398,165.555555555556,163.139329805996,158.680057388809,151.108870967742,150.593607305936,154.244762954796,154.320987654321,157.491563749103,154.320987654321,158.896667014941,163.139329805996,163.157894736842,161.751563896336,163.139329805996,162.999185004075,163.148612271419,173.202614379085,171.270161290323,172.808203741267,163.546160483175,163.139329805996,159.778225806452,159.850230414747,156.771799628942,165.33180778032,151.975683890577,163.139329805996,161.121437989891,161.815068493151,156.746598126359,157.652413149656,168.900804289544,165.523996082272,154.320987654321,154.320987654321,150.343642611684,149.54280964256,147.058823529412,145.928099779897,149.557522123894,149.732620320856,149.914383561644,155.902004454343,158.00395256917,167.144221585482,161.830357142857,161.830357142857,166.524055872833
"Prince William","VA","Washington","51","153",159,154.257985715967,156.912459147602,156.730496453901,158.91453279425,155.147058823529,155.147058823529,155.147058823529,154.428904428904,147.067166439861,149.719626168224,151.379341050757,149.479843953186,144.134615384615,138.888888888889,139.944003733084,141.268844221106,145.108081227732,148.055555555556,146.156393217232,145.725190839695,137.844827586207,137.280700677349,126.32183908046,131.019830028329,127.450980392157,131.727272727273,135.876649934932,145.641580942068,145.877378435518,145.630082102782,147.382694149841,145.27027027027,145.631067961165,146.096816397732,158.371040723982,158.816112322792,163.074253990285,167.420814479638,166.349809885932,164.527726995734,169.647794666352,173.684210526316,177.094303494495,173.868372943327,178.265959745003,174.794930582769,171.413502109705,168.988161012005,168.463611859838,171.265461465271,177.043573414428,180.750975292588,183.847215830649,183.847215830649,182.795698924731,183.438155136268,184.041411042945,182.795698924731,181.393217231897,180.423317140874,179.022746419545,179.145519551236,178.577851499846,178.332217744853,178.164026824622,178.643446379468,175.585139983935,181.189715743502,180.066082388798,178.798977853492,177.754160203749,179.142564754668,178.048810909696,180.697224015494,189.683333333333,190.903158061347,190.400184480572,190.129961846064,188.675623800384,189.550383311219,190.070422535211,189.265536723164,189.566689234936,186.743819042609,187.112299465241,191.04550752278,186.721991701245,190.941864331634,193.75,195.26166631394,198.779134295228,198.954183266932,200.980392156863
"Hillsborough","NH","Manchester","33","011",160,135.416666666667,135.679012345679,133.729569093611,134.742647058824,135.92,136.272727272727,134.89666136725,134.345985815798,134.13506012951,130.565234223771,131.607,127.79381443299,126.904761904762,125.644227994228,124.916666666667,127.967032967033,126.149684400361,124.031007751938,124.916666666667,120.941558441558,120.667613636364,119.786468543932,119.521604938272,117.16810966811,115.648148148148,119.090909090909,125,121.469907407407,122.137440758294,122.985581000848,121.128948731227,122.681818181818,122.549019607843,120.884773662551,120.397325689152,121.744909448967,123.501577287066,124.659863945578,125.323861262014,126.04347826087,125,128.18881592077,132.60663507109,129.977375565611,132.60663507109,129.939668174962,128.563568093421,127.054481147381,127.121488464636,127.187425118351,132.061516914458,131.868131868132,135.485460818137,135.481927710843,130.01269035533,128.670842032011,128.658536585366,130.0595469475,130.593358737071,130.494553576637,132.953105196451,133.18899460831,134.737827715356,136.232174688057,136.287878787879,137.264861536413,133.464257659073,132.953344031365,133.2,133.994202844093,132.867837045433,131.484962406015,132.397601799111,132.735035462413,133.109619686801,136.4469643279,140.734822232844,140.883458646617,144.684210526316,144.965870307167,144.227504244482,148.199867916658,149.918300653595,149.744791666667,149.534221196868,147.527675276753,148.513028269665,151.065396547372,152.672378331608,156.134259259259,156.720430107527,159.204963892464,157.28021978022
"Dakota","MN","Minneapolis-St Paul","27","037",161,,,,,,,,,,,,,,,,,,,,,,,,,,,,,,,,,,,,,,,,,,,,,,114.692307692308,111.061728395062,111.046737213404,113.357843137255,114.934979640089,115.840309079202,115.500538213132,115.505743559121,117.91958041958,118.29814459373,116.565476190476,118.29814459373,117.798068150063,116.233766233766,114.658273381295,114.808510638298,118.276515151515,122.179749220845,124.082773885703,127.376425855513,130.30303030303,129.555555555556,126.823737099402,127.314341166032,126.814223958821,128.356206432193,130.326086956522,130.122950819672,126.827380495378,126.934931303863,126.983333333333,126.904761904762,129.747774480712,130.121527777778,129.970282317979,130.843484680694,133.545751308083,135.727194492255,133.795774647887,131.535648994516,135.119783616692,135.514159555886,135.65088593577,137.125862068966,137.000530269554,136.266855926189,138.365194462755,140.47619047619
"Ada","ID","Boise City","16","001",162,,,,,,,,,,,,,,,,,,,,,,,,,,,,,,,,,,,,,,123.721328013383,127.797761790568,134.514198711139,147.482719883955,137.862103174603,141.931818181818,143.082808462532,150.107991360691,148.378543015016,140.969696969697,143.937575030012,137.48947496749,140.853595066833,144.747725392887,153.966597077244,156.58747300216,156.107954545455,159.323671497585,158.357487922705,154.492753623188,152.944938820912,146.872146118721,152.457627118644,147.830374753452,154.494382022472,164.30454845089,172.910416666667,172.910416666667,171.757340241796,174.429365869854,168.874307766324,168.358714043993,164.890016920474,167.139780026454,183.119492592234,188.129591368228,181.725642268541,189.254072008941,185.591983491643,195.156998893941,185.42199488491,188.789341377577,186.930665137187,195.098039215686,185.81094680588,194.305555555556,184.674107142857,192.200854700855,184.674107142857,192.200854700855,190.044742729306,214.460784313725,223.46547314578,207.08235467996,207.528957528958,209.900509049774
"Waukesha","WI","Milwaukee","55","133",163,145.265780730897,141.214667685256,140.598235980817,137.177919898508,138.027613412229,137.506160670281,135,136.476328433301,137.169387012777,136.715212735351,135.20984278879,131.353456669912,127.495019501108,127.055921052632,126.6,126.484907497566,123.236658756402,126.360153256705,124.285714285714,123.98676592225,116.517857142857,115.086381348306,113.762376237624,113.44537815126,115.715467328371,116.349206349206,115.086381348306,113.195342820181,114.752650176678,113.266666666667,113.080939476061,113.752243371088,112.893081761006,112.622088655147,125.337453212726,123.415821006765,119.521604938272,116.4,121.045918367347,121.606771315286,121.606771315286,120.663471510493,121.316857551623,121.210853712765,121.678589394053,119.521604938272,116.289893617021,117.485144785493,114.387261112871,113.449781659389,115.789473684211,119.9,121.958883791732,120.900360144058,124.83130787037,125.832656376929,122.837370242215,122.936507936508,121.491716254977,129.297458893871,126.92633361558,132.275489534099,128.022417934347,127.670850898662,130.827783063749,129.72972972973,129.979466119097,132.42421691559,134.211952494637,134.256125569333,134.098630042206,133.299373235671,136.252663257697,132.275489534099,133.808556994866,136.322113373373,138.76025530519,143.921389396709,147.418879056047,148.376965969448,144.810305213419,148.766010913268,141.891891891892,141.840435176791,151.683213071312,149.211472149525,149.487179487179,150.749977774719,152.108916177256,151.323127120955,145.308518827726,150.910983862572,155.872594558726
"Richland","SC","Columbia","45","079",164,,,,,,,,,,,,,,,,,,,,,,,,,,,,,,,,,,,,,77.3261105471348,83.2039473684211,82.7309236947791,86.6091847341847,81.8864468864469,81.3305565197269,75.7503949447077,75.7503949447077,74.5440126883426,72.3907298375383,72.5697267848431,73.6403633491311,76.7397406116918,77.6190476190476,79.8964285714286,81.8095238095238,80.7398191631037,79.9064285714286,79.5291590488262,77.6822276822277,78.0608008601992,73.6363636363636,76.184757547033,76.6529871308632,77.0257895257895,78.9567967887362,76.8315018315018,79.390279583601,77.5723967960567,79.1440067206084,79.9623316498316,80.0480769230769,80.3688355595255,78.1853281853282,74.8021235521235,74.1904761904762,74.2289377289377,76.4652014652015,81.8002585649645,83.7160333015028,88.8685597189695,92.6562962962963,86.2068965517241,86.283185840708,83.1495726495727,83.4662150577516,82.3260073260073,78.3067224533308,85.8150470219436,80.2884615384615,83.5013440860215,85.7245337159254,82.8282828282828,85.1054089810945,92.2180462123428,89.031339031339,92.9891250528893
"Pulaski","AR","Little Rock","05","119",165,,,,,,,,,,,,,,,,,,,,,,,,,,,,,,,,,,,,,,,,,,,,,,,,,,,,,,,,,,,,,,,,,,,126.396761734997,136.111111111111,120.89825847846,113.476787773933,117.846381490449,108.78354519774,98.3992467043314,99.9130434782609,102.636534839925,105.752840909091,101.224105461394,109.232175502742,108.131487889273,110.469667318982,113.636363636364,125.833333333333,124.944444444444,117.619926199262,117.930036426854,115.388910468052,112.900188323917,111.623103673084,107.698961937716,110.023668048946,110.023668048946,102.810650887574,103.028702067164
"Sarasota","FL","North Port-Sarasota-Bradenton","12","115",166,131.818181818182,130.268052112741,129.027777777778,129.473684210526,125.294985250737,121.652173913043,121.196833689821,120.327187476649,121.308016877637,118.705463182898,118.069279754062,116.71974522293,113.834679158364,114.213197969543,114.196652748212,111.985597487135,112.023766328012,113.871635610766,111.867754514323,111.683848797251,110.392367203338,107.162542905215,108.173076923077,109.704641350211,112.058823529412,113.011512176439,110.979479585361,112.815884476534,111.296238070036,109.449618248921,102.989690721649,100.737339257333,102.74867050568,104.497354497354,117.830188679245,119.897664061965,120.292347377472,121.730769230769,121.616358325219,122.726313575914,126.808510638298,127.727856225931,125.156453715776,125.32772073139,125.761589403974,126.470500745948,125.421347886261,127.618340912782,130.737943056363,131.834532374101,133.839285714286,134.840525503473,134.762184380505,126.833178105746,140.696073471917,140.275796481217,139.95057660626,139.486262067656,140.956036287509,145.626911128955,144.727694090382,149.185667752443,149.849984876963,149.113082039911,152.043596730245,153.164324984728,152.136006974717,157.688559943307,159.433962264151,160.88394633026,161.273149982827,163.8,159.385897802336,162.202214375661,162.314707585408,162.830957230143,163.636363636364,163.245356793744,163.8,162.845318757167,163.700822404979,164.703232969751,165.127582017011,168.792198049512,170.289855072464,167.764988741161,166.596264367816,168.512197195656,168.806306306306,173.333333333333,172.501958886431,172.759829424362,172.5656167979
"Clackamas","OR","Portland","41","005",167,178.109442416196,178.294573643411,178.453620901713,174.472927824818,172.216184971098,173.013245033113,171.570224277002,168.605269244798,162.87333063537,153.663754125786,148.012470771629,143.684668989547,134.042553191489,134.513934421299,136.009353078722,120.471526207658,126.552179656539,125.268432355047,123.892730640889,125.650557620818,128.219211637021,122.909836065574,124.192275015229,123.873873873874,130.681091756299,133.564356435644,132.912234042553,132.912234042553,128.514346425932,127.885986126862,130.921216654201,135.824275362319,140.046266305399,141.860465116279,147.592997811816,147.482638888889,150.793650793651,150.120192307692,155.681818181818,152.93380242471,164.059080962801,164.561277225032,171.378187967667,167.879636109167,169.830132939439,169.108636738541,164.309210526316,174.584669192655,170.150704910063,169.287462750106,169.753086419753,167.015252396191,170.866454689984,179.190751445087,178.693908217302,181.564245810056,183.057926829268,182.521494009866,181.578947368421,179.082378223496,175.778034287134,180.715935334873,181.1875,182.019312393888,193.977542195564,190.972222222222,193.666169895678,193.666169895678,195.693604250419,201.367781155015,200.587741393787,200.453857791225,200.453857791225,205.16717325228,213.145800316957,214.946185501741,214.871794871795,212.89867992148,213.645803499259,216.602716623961,216.528993815579,216.711956521739,217.765151515152,218.2784184514,222.313961915973,220.050505050505,221.833169196922,230.634266886326,234.244364292155,240.377742622272,233.105436573311,238.51030110935,238.934056007227
"Pinal","AZ","Phoenix","04","021",168,119.933333333333,117.346228710462,114.650596421471,114.647239263804,113.319948602634,110.903736734433,112.751766784452,114.647239263804,107.463630613536,105.651617996506,104.576771653543,97.5271375464684,98.0749411071849,104.16412601626,101.047545709734,92.5629808240897,87.8778575225944,93.3625833625834,97.3061708860759,102.933111087214,91.4386480929232,97.9166666666667,97.8628230616302,93.2864450127877,92.2063037249284,92.4176980035048,98.2672006267476,94.8969512873269,93.6486625386225,92.8247734138973,96.3988453467688,104.014869888476,108.418367346939,107.690414667159,111.842445328032,116.27547869055,113.27861952862,109.434907010014,109.917477756632,111.619119119119,109.793853128906,108.703220191471,112.338435738461,116.170282419853,123.453868194842,123.893683600403,120.014694677633,122.488125607386,115.234657759609,123.975804455965,123.900179596313,124.072832621684,124.44444221267,123.855211513301,114.709108183857,116.686659967341,111.828644501279,125.761739047889,123.658536585366,125.202046035806,124.072672218017,123.296031780332,119.420516836335,117.583120204604,119.434628975265,119.314578005115,121.766280107047,121.228615863142,125.451226158038,124.072672218017,125.944584382872,125.929861849097,124.072672218017,119.972661803002,113.728675873274,110.227385071676,112.476805095755,118.59901255836,121.769772905247,119.497907949791,118.839506512567,120.930673131625,116.515486885856,120.099880738251,118.239033693579,109.343434343434,109.489051094891,107.494996323976,113.902491157083,113.093835230642,119.553812377928,122.181763863294,126.622650720325
"Stark","OH","Canton","39","151",169,,,,,,,,,,,,,,,,,,,,,,,,,,,,,,,,,,,,,,58.3333333333333,64.3907426299866,67.2115384615385,68.6129385964912,68.4758771929825,68.75,66.6114864864865,62.9807692307692,63.9078498293515,60.7505070993915,60.6411022204524,60.2586206896552,62.0748299319728,62.593984962406,66.2665417729592,69.980694980695,71.4564732142857,71.09546844543,70.3964757709251,69.5860607644778,69.7511817226891,66.543392504931,68.5966633954858,68.5966633954858,69.3055555555556,69.7569756975698,71.4289158950617,69.7515719574543,69.7552447552448,69.3672839506173,69.8643409195835,68.4537096088435,68.786434441896,68.5586590423526,66.7635658914729,66.9179229480737,68.8657407407407,70.02457002457,69.5490912794514,70.7711285425101,70.9280303030303,69.4943477286601,66.7259786476868,68.4031103342592,68.9814814814815,67.4134109384278,66.125626566416,68.0288461538462,65.472027972028,68.1986253555677,70.927257746221,72.1733668341708,75.588474025974,75.1157407407407,72.6785714285714,73.9814814814815
"Orange","NY","New York","36","071",170,177.59904384382,176.484471261869,176.256613756614,176.723275862069,173.984526112186,171.339563862928,167.606707317073,167.487564184852,165.635954429573,164.772727272727,162.576687116564,160.955347871236,160.442073170732,157.942238267148,157.920414243155,159.745474137931,163.651315789474,161.552346570397,157.842105263158,151.27929491992,149.384885764499,143.7329209286,140.886403408659,136.905721192587,136.176323676324,130.580357142857,131.157080910111,130.95931661921,134.439461883408,132.876712328767,130.29236511854,126.120033382185,123.730096434178,122.80701754386,141.871165644172,142.025113907572,139.376283596098,140.166613223121,143.382352941176,142.463235294118,142.543761086342,141.927083333333,140.478424015009,140.583664021164,140.835579514825,140.667669397508,138.777777777778,136.186770428016,142.5,140.47619047619,141.006097560976,139.987775061125,139.508928571429,142.80612244898,140.611172566372,141.129032258065,141.583333333333,143.348623853211,145.170380431853,142.175572519084,137.844827586207,140.459363957597,137.870855148342,138.773148148148,144.110576923077,143.426294820717,140.520446096654,137.529137529138,139.330795347586,136.689313583966,132.643312101911,133.244548234825,129.123263888889,126.26404494382,132.299546142209,134.414556962025,136.468197248526,138.773148148148,139.405204460967,137.985074626866,138.371771217712,135.416666666667,131.620553359684,130.952380952381,131.578947368421,133.748876909254,135.95166163142,137.163606010017,140.710643046844,144.305772230889,146.509258927826,151.125672043011,147.306397306397
"Butler","OH","Cincinnati","39","017",171,,,,,,,,,,,,,,,,,,,,,,,,,,,,,,,,,,,,,,,,,,,,,,,65.633552508077,65.5117690668149,65.6565656565657,62.5860124486067,67.5675675675676,68.4307257870704,69.076052796983,70.1663966694537,69.0436705362079,70.1505016722408,69.6940726577438,66.6925465838509,68.4018264840183,67.9421768707483,64.7903499531835,65.4647435897436,66.1952895483742,68.6259541984733,68.4523809523809,69.2791942083727,67.9421768707483,65.3769841269841,65.1515151515152,65.9223300970874,66.3461538461538,63.5347741657077,67.7179537109158,66.3716814159292,68.0681818181818,70.7173132061787,71.3333333333333,68.4385382059801,66.1881977671451,66.1375661375661,67.9891080250515,68.4658444454558,68.26171875,68.2726504197761,69.3215339233038,72.4382295621447,73.5077677841374,74.1618969746525,74.1519601162896,76.0714285714286,75.5866279993176,76.2608128828068,77.8784264728154
"Mercer","NJ","Trenton","34","021",172,148.679114799447,154.174567548807,156.298868312757,151.780340608466,149.557344064386,143.300319303437,150.43111542512,147.514070006863,146.825396825397,150.669202467448,156.160714285714,156.160714285714,152.700978307103,158.80829015544,151.068702290076,149.913344887348,151.510416666667,151.510416666667,151.691240242845,145.199169998788,143.269230769231,150.787016808199,152.79102316141,150.720875351917,142.714267723671,138.929088277858,133.07560137457,129.522431259045,137.328244274809,137.319425167708,142.04071969697,142.04071969697,139.094650205761,138.431032698675,142.04071969697,145.495905368517,144.230769230769,145.502645502645,152.390438247012,151.492038078217,150.398406374502,160.614551141229,165.064772252403,154.485197906444,147.772366522367,147.525787083365,155.42328042328,158.832433316969,157.599637681159,156.746665272245,158.167114760451,154.390061985865,160.490702961971,162.866601493068,165.296058498306,166.873171725891,161.692420299284,165.207006369427,172.673916445183,169.033022602225,181.881333248359,172.673916445183,158.534743202417,169.735904422553,173.149778709527,169.595233744316,158.632436625758,156.325990128807,154.844290657439,154.038301415487,153.738409555241,150.862068965517,155.257936507937,156.123009424066,151.726427622842,155.753968253968,154.243827160494,152.967533701669,159.580291970803,153.58606557377,157.142857142857,156.24584717608,153.58606557377,150.065274151436,154.815330027015,157.058823529412,152.791941428343,152.817574021012,156.849873905949,165.123545168067,165.789473684211,157.837301587302,156.054279749478
"Saint Charles","MO","St. Louis","29","183",173,118.495575221239,118.832453043132,118.77971473851,118.495575221239,117.576056048511,115.417443445839,114.051094890511,114.519650655022,114.620010787487,113.91061452514,113.91061452514,113.804071246819,112.822580645161,111.675126903553,110.619469026549,108.409898691941,109.389920424403,108.205923530687,108.052884615385,105.799493291464,104.823200992556,106.140564202335,109.033531059004,107.289829512052,113.300492610837,107.690355242242,103.50417141387,104.607423752653,106.038297394429,104.123739617963,105.660377358491,104.453441295547,104.737908881782,104.408352668213,107.802874743326,107.405667444198,107.289829512052,107.521505376344,109.22619047619,110.026041666667,111.021396851029,108.297813712612,110.734072022161,111.543367346939,113.25279715318,113.869969040248,113.122171945701,113.336870026525,115.58538404176,113.548951048951,111.654249703246,112.370242214533,110.523313492063,111.731902356902,111.607142857143,111.931818181818,114.958158995816,113.336870026525,113.301768346596,115.81739023792,117.676266137041,115.918034360303,115.646258503401,116.042345276873,116.072774061924,115.358739677612,114.449291166848,116.203972868217,118.122099481251,120.833333333333,122.467320261438,123.192927717109,126.076260762608,124.916666666667,123.777089783282,123.069498069498,123.069498069498,120.647291941876,115.972672867546,118.177339901478,120.444277108434,120.495495495495,120.614035087719,124.917834051724,126.953125,126.117496807152,131.692094313454,132.472826086957,132.735104091888,132.470797479559,130.597014925373,129.156197654941,127.729257641921
"Allen","IN","Fort Wayne","18","003",174,60.8034083992696,60.9011627906977,60.7638888888889,63.2921810699589,62.8979173549134,63.1117103235747,62.0729813664596,62.3003194888179,62.3568660427025,61.6333475116972,61.6333147419811,60.8631173569353,60.8536585365854,60.4754440961338,61.3758049660211,61.7214028908944,61.402157164869,62.7672955974843,61.8546431046431,60.6457088182867,54.6696261682243,53.1652661064426,58.3333333333333,56.8903318903319,54.4392523364486,54.040404040404,55.1336318002985,61.640625,61.2025769506084,56.5451907263408,56.3247863247863,57.1373955371758,58.1521739130435,58.9562787639711,60.9038737446198,60.7948991452991,60.4212648556876,60.1973684210526,63.3155446086481,65.7850222337333,65.7850222337333,66.1726242371404,66.2204422646525,63.2368757141897,65.0837988826816,65.034965034965,59.749895572264,62.0204603580563,60.6189320388349,60.4395604395604,61.3157894736842,60.8718198036746,64.0268081491634,65.5336911150865,67.8321678321678,67.040625,65.2173913043478,62.5320512820513,61.2961760634799,60.2373296359667,57.4924201262418,57.6544304949054,59.4403166278166,58.8372093023256,61.5562403697997,59.5982142857143,59.142434696895,61.3349046099028,60.2485521235521,60.1604278074866,60.0704599174713,57.9832539952397,59.8214285714286,59.3276947613542,62.4652777777778,62.4652777777778,62.4518118735544,60.3178771508603,60.741885625966,63.9039504260263,63.9957264957265,63.9679912706228,65.4663389746142,66.5454545454545,66.5080875356803,65.0173611111111,64.010989010989,62.8875968992248,65.5,66.4418402777778,72.5367425510546,71.2934259239187,73.9680383022774
"Lane","OR","Eugene","41","039",175,161.793860935896,161.475490196078,154.275362318841,156.41567569642,158.623623465053,157.114624505929,156.818181818182,155.236907730673,149.690082644628,149.937354718735,144.801731078905,140.6875,133.844580777096,131.571898496241,130.681818181818,125,124.501992031873,124.311475090309,124.891098484848,127.052910777904,124.895833333333,121.739130434783,120.59620596206,121.951219512195,122.948717948718,122.405606700805,123.175182481752,124.077609748124,123.636874648679,127.250088041455,127.197518097208,129.32815868909,121.486486486486,129.333333333333,131.165700510819,133.397157582383,131.165700510819,130.471337991718,137.87211555399,140.607424071991,143.44262295082,147.245799334454,152.245624994951,152.837573385519,150.815217391304,148.413892591335,150.708813514929,150.353982300885,152.826238660154,151.902322644666,151.561106155219,155.482041587902,156.714897085796,157.402082196381,155.598958333333,155.598958333333,154.682274247492,155.598958333333,154.096228868661,148.690476190476,150.767543859649,152.411338324289,154.6875,152.757078986587,154.931223290598,162.564636783936,161.691542288557,160.119555935098,160.669642857143,163.147792706334,163.307159880527,162.710084033613,165.589118530295,161.921296296296,169.385593220339,173.511904761905,174.573055028463,175.630991458498,180.815559711534,177.592176761468,179.98377324879,178.147268408551,169.203519470596,167.499921576009,165.699481865285,164.414414414414,175.816993464052,185.049504950495,187.830773411317,194.008438818565,196.409214092141,196.341463414634,194.661458333333
"Forsyth","NC","Winston-Salem","37","067",176,,,,,,,,,,,,,,,,,,,,,,,,,,,,,,,,,,,,70.9880288322225,70.280562226958,70.4585537918871,71.3392857142857,72.9139182058047,73.1362428293625,73.1039874902267,73.1039874902267,72.1508828250401,73.2591575091575,72.9327702439405,70.4724409448819,70.4724409448819,70.0780667885931,71.8325791855204,72.1309969680756,72.8808793456033,74.4588489132097,73.0958571569401,69.3576388888889,69.3576388888889,70.7217686548395,70.4883166969147,69.3576388888889,69.1905008626059,72.5797299293015,73.5457736130578,72.6456477039068,73.302752293578,74.0356525357549,73.4126984126984,71.71431410402,70.1754385964912,70.5777777777778,72.2088353413655,77.791959157626,77.791959157626,78.8694797338173,75.2128666035951,75.7825507825508,78.9525691699605,78.397212543554,79.8722044728434,76.1787687357301,75.8234513168012,78.9427698975571,77.4418604651163,77.1262183235868,78.2134433962264,79.1500472974194,79.2276964047936,79.9726300548669,81.5789473684211,82.2654429240603,83.2222222222222,83.2752613240418,84.2369737750172,83.7320574162679
"Charleston","SC","Charleston","45","019",177,,,,,,,,,,,,,,,,,,,,,,,,,,,,,,,,,,,,,,,,,,,,,,,216.617063492063,224.004753416518,213.848617151279,210.228772728773,205.124291449423,221.412817311694,222.107438016529,209.407383199205,197.937346379278,200.724561191869,201.271186440678,219.92,202.059701492537,215.946582875098,211.254612546125,221.57206125495,228.514320362615,221.386800334169,227.845717362955,236.081373209425,210.602759622367,199.762170585909,205.128414643916,209.76692563818,213.585434173669,215.840840840841,206.244343891403,215.671641791045,207.378472222222,204.720906004013,205.405405405405,214.231386215289,216.089254507481,215.795454545455,224.519037352358,221.558530986993,227.954436941546,244.266917293233,217.708333333333,208.879625731955,204.820291173794,212.551213735938,216.353111432706,215.242122218866,221.822831727205,234.722222222222,241.850683491062
"Lehigh","PA","Allentown","42","077",178,119.078947368421,126.601356443105,132.975214741517,132.034346103038,125.184058715623,129.727843684578,126.696428571429,126.315958444093,121.964285714286,120.853396032299,120.790629575403,117.556561085973,113.533170482618,114.274447949527,113.989637305699,111.456755963943,111.813501669526,111.884368308351,111.897009616188,109.947643979058,111.884368308351,111.495535714286,109.529253117401,106.918173194956,109.391532231729,109.154175588865,107.801923872966,114.583333333333,113.754631799817,125.490528049785,123.125,119.452252252252,120.29331017481,120.20618556701,122.848360655738,120.614035087719,119.982847341338,118.650793650794,122.093023255814,126.86686317858,124.956896551724,124.81651171676,120.276774969916,121.286231884058,124.0317775571,125.334448160535,124.069691158271,132.002943340692,120.366161616162,119.703806015961,122.2109016811,126.41369047619,128.019003014643,117.104029990628,119.438669438669,119.243421052632,114.249142883092,113.564668769716,113.888888888889,112.099358974359,112.501292390405,120.866935483871,117.424242424242,120.075046904315,116.234309623431,116.39703819364,112.807268870315,110.962900877233,112.199886465299,105.673076923077,105.154719910655,111.55899109464,104.44556575517,102.190267999092,116.625962672587,116.739082239682,115.942028985507,113.058912816022,108.790322580645,110.722640944083,113.079777365492,112.087186261559,114.672727272727,109.019607843137,109.119178921569,119.396248108045,122.459296218487,125.167968109878,127.565836940837,128.127474763283,132.98128095358,135.937538231912,134.794335805799
"Placer","CA","Sacramento","06","061",179,,,,,,,,,,,,,,,,,,,,,,,,,,,,,,,,,,,,,,,,,,,,,,,236.40061006609,245.098039215686,239.454094292804,237.546964209183,245.04417151476,240.314136125654,235.843920145191,235.798499464094,236.343772760379,237.651211634838,241.379310344828,236.343772760379,235.633308507349,225.335700345647,241.082410824108,241.235392320534,248.506571087216,245.877061469265,240.434332988625,247.835564109293,248.31013916501,255.494505494505,251.652262328419,251.71751898648,252.910677920825,254.901960784314,262.063227953411,262.088799805637,264.686468646865,270.798436627582,271.591366269714,272.676622508954,275.835866261398,274.883875586035,275.345861343993,274.762550881954,272.601794340925,279.43927314608,279.347143753923,274.419920769666,278.713623778269,283.806343906511,284.856626393327,287.067276290007,289.644631257165,289.644631257165,292.65873015873
"Washtenaw","MI","Ann Arbor","26","161",180,91.12,90.1546391752577,90.0581758666865,91.6632262996942,90.6765676567657,92.9457364341085,90.229797979798,90.2777777777778,90.0301338630858,90.080971659919,87.7106413603546,85.5407477869234,86.4611260053619,90.1495162708883,90.0004503794447,90.0008182636445,89.3769152196118,90.1495162708883,85.3046594982079,84.2150373931624,84.0148715556831,87.3570948217888,87.9229567933368,87.183627236729,90.0826446280992,90.1202749140894,90.4783455793903,90.0826446280992,93.1394481730052,92.9192522569545,94.2193278662164,96.7724583109198,96.2772785622593,93.1394481730052,98.3858252576527,97.5858551513091,103.095238095238,103.741496598639,105.47619047619,109.296875,115.702479338843,115.736842105263,114.313271604938,113.259410824515,112.138753672762,112.36193139594,112.63716724243,110.31746031746,109.397810218978,110.67472306143,116.118178947827,116.760869565217,116.029962546816,112.713602187286,113.6348714723,114.225460122699,114.225460122699,116.155660377358,116.8430335097,121.683078295478,123.722044728435,125.950782997763,126.753955264594,127.006160022148,129.447429530921,129.792332268371,130.19099734684,130.208333333333,131.217391304348,129.478260869565,128.205128205128,129.478260869565,126.109660574413,131.217391304348,131.217391304348,131.217391304348,132.943790410303,131.217391304348,134.84126984127,135.565217391304,131.22141440846,130.813226744186,137.419656357142,135.565217391304,134.162095842956,135.763384005288,136.658227848101,139.776357827476,143.239875389408,147.193569993302,146.281009700698,144.499371098011,145.815335627058
"Nueces","TX","Corpus Christi","48","355",181,,,,,,,,,,,,,,,,,,,,,,,,,,,,,,,,,,,,,,,,,,144.545454545455,144.340034965035,146.966911764706,146.966911764706,154.337899543379,155.147058823529,157.417893544734,160.249150622877,155.147058823529,155.147058823529,161.676765015806,172.774869109948,172.722513089005,168.886679920477,178.678076049322,194.379391100703,198.801198801199,200.322703389173,183.455882352941,188.587950556077,178.236397748593,187.426470588235,188.365384615385,189.108090185676,182.666958338038,178.236397748593,180.172413793103,181.617647058824,190,190.172829762708,190,190.00542888165,189.811133200795,189.811133200795,190.167400881057,190.334801762115,194.444444444444,188.285903375248,197.563013999623,197.882197220384,190.441176470588,190.441176470588,191.093488162248,183.867924528302,183.832570614052,183.949817303789,188.229755178908,195.980392156863,194.972954699121,193.965517241379,191.147540983607,182.255845942228
"Hamilton","TN","Chattanooga","47","065",182,139.962651727358,140.215897264712,143.6875,141.495813115014,144.098085260116,143.6875,143.6875,138.717632552404,143.6875,143.6875,141.339248127974,143.6875,153.82323733863,153.859883240369,132.400610735955,124.821691176471,125.851851851852,127.886363636364,119.933333333333,119.633333333333,113.579003514056,116.547872340426,127.272727272727,115.448795180723,116.5,124.053061070999,129.231898359442,121.032813340506,116.5,112.95652173913,113.217482885729,118.421052631579,117.771084337349,117.304347826087,117.771084337349,117.805271651425,120,120,119.165542075687,118.518518518519,117.771084337349,120,120,118.593798789422,116.583333333333,115.079232004534,114.285714285714,119.805936073059,119.054307116105,120.745098039216,122.331936028956,122.231012658228,118.433179723502,118.433179723502,117.771084337349,118.433179723502,115.061728395062,112.440643911069,111.461538461538,106.852409638554,116.758283958745,117.771084337349,119.916666666667,122.361111111111,128.378378378378,126.660130718954,124.5,124.5,121.167883211679,122.572080023536,124.074074074074,124.074074074074,121.111111111111,122.620978642876,124.074074074074,125,125,125.277777777778,125.851851851852,127.638888888889,127.777777777778,136.186770428016,138.607712765957,135.122370721254,131.988041853513,131.578947368421,131.578947368421,129,131.26511976558,132.5,131,139.687342410489,143.968871595331
"Marion","FL","Ocala","12","083",183,86.0281755491092,84.7457627118644,83.1935307017544,80.4020100502513,77.6014109347443,75.6195715112913,74.9166666666667,70.629117259552,69.7916666666667,71.953038290788,71.8600191754554,68.5956790123457,67.2275641025641,63.5504943502825,65.2741514360313,64.0069889341875,62.8032345013477,62.683284457478,64.1797031688728,64.8318731406425,64.3849206349206,64.6087580760948,63.758389261745,61.6843652775301,60.530303030303,61.6512345679012,61.4814814814815,60.3715170278638,58.6915439508565,57.2072856587389,55.7035803497086,53.8651315789474,53.0829199149539,52.9513293310463,62.2994652406417,62.4194212156407,62.8394103956555,62.802683921232,62.4007936507937,64.1379310344828,64.5681596604921,63.636028544468,61.1888111888112,61.0829842746086,59.8776223776224,60.9430604982206,58.4448160535117,58.7415158371041,58.7102983638114,59.2816687668523,59.7948416938477,61.6363636363636,60.7784202153696,61.24949979992,60.2593834736692,59.7170164917541,59.3220338983051,62.4553571428571,62.4107142857143,62.5,66.1825169148127,69.0341028884672,67.4689440993789,63.8375420682708,66.4556962025316,68.5111989459815,69.3208732365359,70.5518227368496,72.8471100401262,73.6873156342183,79.8696191479336,80.7620817843866,85.4987035436474,82.8376401755241,82.6192013298284,83.9636823990189,78.3632286995516,78.5111326485791,78.3266831632127,78.8400819742629,80.8670520231214,81.6210377175845,81.8452380952381,82.6508230824892,85.4663144256001,86.7585051411185,87.3015873015873,88.7611749680715,90.4259259259259,87.967032967033,88.2028665931643,89.765625,90.758547008547
"Anoka","MN","Minneapolis-St Paul","27","003",184,,,,,,,,,,,,,,,,,,,,,,,,,,,,,,,,,,,,,,,,,,,,,,128.70159453303,119.617224880383,116.765251785669,117.071129707113,124.572006498959,124.764886983632,125.88161209068,134.451915708812,143.013468013468,141.43052413273,141.098484848485,144.435984747978,143.312101910828,145.959104186952,138.782051282051,139.033882783883,140.357142857143,145.157384987893,149.119170984456,152.813924415289,149.700598802395,149.957595538537,147.093228655545,149.498707311207,150.788288288288,148.923841059603,153.399122807018,148.997134670487,138.199500728105,137.664508569867,138.135477715688,153.236166007905,154.510448612094,153.739520041449,154.464285714286,148.809523809524,155.502392344498,159.904335263015,160.6463878327,161.393805309735,155.133928571429,157.643312101911,156.034482758621,166.281019450034,169.753264379611,168.551587301587,165.674603174603,171.575984990619
"Somerset","NJ","New York","34","035",185,,,,,,,,,,,,,,,,,,,,,,,,,,,,,176.095851463608,177.056962025316,187.863699480717,193.328444638902,186.895042265352,186.103723404255,193.505510555301,193.505510555301,181.360381861575,181.61180476731,188.720554513237,183.547498852685,199.155948553055,190.565061258978,183.367521367521,179.384615384615,186.989444699403,182.222222222222,173.04347826087,182.222222222222,193.293556085919,193.293556085919,209.453951943135,195.264241592313,190.431390546122,182.583707865169,175.89156473909,175.911506447941,174.140751730959,189.722627737226,189.780291970803,189.751459854015,183.326666666667,181.63,180.6640625,183.326666666667,183.326666666667,184.538461538462,188.873626373626,177.662199105177,175.925990376835,181.919987325729,180.331433054258,180.513307984791,173.267326732673,171.506352087114,172.277227722772,182.031746031746,170.710513609753,171.183916604617,175,177.142857142857,182.321107970705,182.019769366836,182.467130335366,178.414634146341,185.428814771136,193.029531015282,185.878235068481,185.878235068481,191.426195528796,199.102927289896,193.688888888889,199.943125,195.776458333333
"Manatee","FL","North Port-Sarasota-Bradenton","12","081",186,,,,,,,,,,,,,,,,,,,,,,,,,,,,,,,,,,,,97.2833308663022,98.8584474885845,101.5234375,102.205882352941,104.463437796771,104.263907390857,108.082706766917,107.091836734694,107.037538479079,108.112209670458,109.880749574106,110.530973451327,115.212175254046,116.048449254907,117.394040220855,116.101357387851,114.669103059413,117.748578721429,112.227074235808,126.581434599156,128.276810265811,128.322169628891,128.127784415473,130.340822653513,130.022421524664,131.172839506173,132.726005377601,134.056049584659,132.872340425532,133.762597984322,133.628030285332,134.671754339017,139,141.29147191698,141.598944591029,145.071295722257,143.465130540881,143.863636363636,146.318897637795,146.750524109015,146.318897637795,147.041266696432,146.312364425163,144.776119402985,145.706618962433,147.995285111345,147.321428571429,148.92894314347,150.853889943074,153.951890034364,154.035646085296,154.124903623747,157.271112136594,158.197022887891,160.226201696513,161.134290412875,161.339790153349,163.55062305296
"Collier","FL","Naples","12","021",187,,,,,,,,,,,,,,,,,,,,,,,,134.663375144029,131.205673758865,130.797872340426,132.027795325332,134.90931076179,127.147487844408,128.030303030303,126.626712328767,124.709652029706,122.516447368421,128.64038616251,142.942583732057,139.22619047619,139.933333333333,139.22619047619,135.072543429789,133.440170940171,131.991297885091,131.579641640101,133.538859915979,137.58389261745,144.06048719734,145.384615384615,152.050212164074,149,146.318830242511,147.383284543326,148.261920252812,147.964470762398,154.677083333333,173.133663366337,176.026131293818,164.406779661017,166.127583108715,170,171.809333700441,178.57552581262,172.877358490566,173.611111111111,177.178729689808,178.769463315763,177.572168763879,178.080158337457,187.406730369755,191.508581752484,195.051047823751,192.496106114656,192.459123866135,193.730759941904,194.895521476065,187.814070351759,188.598654191824,184.974093264249,182.872892347601,178.868552412646,179.718284683047,178.867924528302,182.558881364144,183.529411764706,182.926829268293,184.269808782625,182.679496669134,181.347150259067,183.077684314696,184.127843986999,186.43743826457,185.57299194714,186.766585836708,189.335784313725,191.380876282779
"Cumberland","NC","Fayetteville","37","051",188,,,,,,,,,,,,,,,,,,,,,,,,,,,,,,,,,,,,,,,,,,,,,,,,,,,,,,,,,,,,,65.5156831472621,65.9789239070931,66.5375555256427,67.6169590643275,70.7468861822186,76.1355993129427,67.6846358242638,69.1964285714286,72.2045396464001,65.3789004457652,68.1475903614458,68.274533515604,68.1475903614458,66.8189605939463,68.2624113475177,67.1965317919075,66.4259293225728,65.8684609268088,67.966972999478,69.1606223341618,67.9581151832461,62.9791763215027,62.4479600333056,66.0493827160494,64.2764679960339,65.7894736842105,66.8716372021522,65.9194282001299,61.0119047619048,65.4429127660468,66.7385057471264,67.9581151832461,69.8974836905871
"Saint Louis City","MO","St. Louis","29","510",189,,,,,,,,,,,,,,,,,,,,,,,,,,,,,,,,,,,,,,,,,,,,,,,115.540150202195,120.35,123.895150739477,126.429240862231,130.212165808192,132.947976878613,130.927342776451,132.947976878613,129.472241261138,126.443418013857,134.017971758665,126.443418013857,121.650879566982,132.19665844974,154.111842105263,154.972272107486,151.562263963427,148.744186046512,144.111180904523,140.387705822063,138.464351984014,134.126984126984,132.618851332784,132.456140350877,131.059983566146,131.059983566146,133.333333333333,131.059983566146,135.657719938821,134.362549800797,136.952890076846,141.782407407407,135.599732709656,142.442364794982,149.439252336449,149.439252336449,149.583333333333,167.905646890636,162.277303394476,162.277303394476,157.051282051282,163.750628456511,159.086538461538,157.106918238994,173.545966228893,186.602577564016,190.22633744856
"Chesterfield","VA","Richmond","51","041",190,126.467611336032,125.352112676056,125.260960334029,124.693887750512,122.99441129994,121.428571428571,118.722203945364,117.759005045172,117.851153039832,115.471698113208,112.306129468321,111.642743221691,108.324761602772,103.944862768392,104.786378270291,103.898128898129,107.231510955898,107.287851747427,105.542822677925,105.542822677925,107.010710808179,107.010710808179,102.455516014235,92.3611111111111,97.5769482645711,97.2220678822855,104.60692137064,104.354971240756,107.352231604343,105.692018072289,105.453765805183,105.453765805183,104.888712241653,106.893550165696,106.483126110124,107.442238099657,107.465706354628,107.140669945254,104.755341144039,118.459782075584,114.038727524205,111.20826709062,110.894589976845,111.819537658464,110.987748851455,112.116366051454,106.923147468819,110.588328771961,104.385602118038,116.106855652274,116.467576791809,114.799193764942,105.504848830576,105.814309498279,105.282465150404,104.444444444444,104.873174859872,107.388316151203,108.838085486242,105.238006257605,105.238006257605,105.548897411314,108.489361702128,111.767943888487,111.747269890796,111.511617141244,118.507390558763,112.970557194078,113.615455381785,121.256209428791,116.808583106267,116.762725288073,115.716028671649,115.937707090789,122.108424196817,124.617784711388,123.838209982788,125.308483729833,121.85534591195,120.582026537998,124.687345334742,124.651504035216,120.551331207996,120.551331207996,131.350629503448,130.16157989228,133.211192538308,144.385493619879,139.508928571429,139.599224305107,140.594699418229,142.435359496189,146.396910678308
"Marion","OR","Salem","41","047",191,135.233990147783,136.71272240592,134.415584415584,134.415584415584,132.275789298204,131.71337766237,128.330571665286,125.104953820319,120.574712643678,118.448275862069,112.367021276596,111.645104855512,108.576642335766,103.531300160514,102.285395763657,96.5623205488561,95.2631018527482,94.8474576271186,96.7261904761905,99.4944746772082,96.8013468013468,96.4152167277167,94.8275862068966,93.9550793650794,91.5637860082305,91.3539425809364,88.8492240015817,92.2413793103448,91.6862745098039,90.6386066763425,91.6862745098039,91.8501062134891,90.4977375565611,92.9595491874891,93.3698509313516,94.4794994355439,93.1372549019608,93.8583815028902,94.7817836812144,95.9152185024278,98.2905982905983,100.387596899225,101.857142857143,105.140186915888,109.586106933973,106.955603976576,105.558708538277,108.281765676568,107.862903225806,109.928113185932,109.058771486803,110.229885057471,109.375,116.09287429944,116.085271317829,118.142322674213,122.166189728051,120.789685737309,121.458773784355,121.463850169014,120.871465018278,125.184304216623,128.726803221289,131.25,133.599268242836,133.928571428571,132.390981629245,131.909937888199,131.017672151127,136.481607887751,136.917808219178,136.917808219178,138.286320511428,133.02752293578,136.363636363636,141.904761904762,145.649869393588,148.722949753878,149.769585253456,157.969800057692,162.718320327016,161.279827723687,158.977272727273,160.086988304094,153.972553373851,156.537753222836,162.337662337662,168.812664907652,175.173611111111,172.05971659919,175.346175132038,179.567987931752,179.046182452945
"Loudoun","VA","Washington","51","107",192,168.891075453292,167.952826254304,165.161869378366,161.746602971437,163.826982985861,164.31654676259,169.753086419753,166.980664526037,159.694989106754,159.996,166.414523449319,163.826998689384,164.882720790092,171.362747207605,173.567873303167,169.553571428571,166.329068941009,161.283817501821,160.706334285741,159.705035971223,154.362416107383,166.741088684794,154.362416107383,163.351877607789,144.453125,162.393162393162,159.981698013069,168.860912543834,174.593029418107,176.085176085176,172.986693280106,180.313588850174,175.34362927885,185.472418754232,187.872727272727,189.503328290469,188.486287993398,192.813918305598,194.302567661346,200.369137670197,201.286500013629,197.956577266922,206.747404844291,202.909647779479,206.753404373065,207.037760416667,209.084547566255,209.19696969697,204.381176567992,204.418998050594,209.26593689633,212.569316081331,212.965595678135,213.47191011236,215.551505401979,212.509968150532,212.054340622929,209.986225895317,209.893572365729,209.76059927821,208.871715091293,210.91073871409,209.36013986014,209.183796856106,206.747404844291,206.704483432865,205.452228861434,211.062730627306,211.062730627306,211.43216051675,210.851434517805,211.139661426844,213.414634146341,215.032641409435,220.379064914245,217.719165659008,215.646639835616,217.805359191393,216.262975778547,209.377671109378,209.969854991823,210.299322821291,214.11957053381,213.573561893787,216.050851494437,208.319745870577,212.552,212.344864229765,214.100346020761,217.581194342588,224.469524886878,218.76604491079,223.149236192714
"Rockland","NY","New York","36","087",193,239.295323223699,243.300694173437,246.005706134094,246.054801118995,246.005706134094,246.236124446241,244.966887417219,239.791666666667,239.172185430464,230.515773414046,230.262316058861,227.864583333333,227.864583333333,222.315436241611,222.231792194879,220.230331912047,220.786186854634,205.428466617755,201.729292780157,206.491764306334,206.491764306334,203.674213694081,209.097578870139,212.414532866661,208.599068764679,209.032072109842,209.097578870139,208.308680256608,210.316791642093,213.75,207.5,208.609271523179,203.515217844486,208.803611738149,209.292680591694,205.091185410334,206.162876008804,207.407407407407,209.155485398579,212.243074173369,214.94708994709,214.201680672269,211.453744493392,211.692335355016,213.662553121935,212.834362139918,208.641456582633,205.330073349633,204.426392572944,204.545454545455,209.347614410906,208.333333333333,207.066869300912,208.540424121935,217.432111152401,217.459355715165,214.722863460449,215.567076254798,211.466165413534,209.155485398579,209.155485398579,212.589729431253,208.692326032623,209.039548022599,209.912536443149,209.155485398579,208.208955223881,209.814722083125,209.814722083125,205.963556046383,204.251794588625,202.025923657889,202.856215514443,200.877192982456,198.641136870052,197.970347392472,201.530695043353,198.422330097087,199.473684210526,200.189312152609,200.587084148728,203.063004142141,198.677835194755,191.806487695749,195.947003426968,203.787878787879,210.098870056497,209.451575262544,209.647651006711,209.451575262544,216.622458001768,216.535433070866,209.747069710056
"McHenry","IL","Chicago","17","111",194,122.972382276972,122.429042202615,121.189591078067,123.634152549563,119.011976047904,118.343889759356,115.817142857143,115.995714285714,112.23779879677,110.62977602108,106.673816639352,103.867403314917,100.69848661234,97.2568578553616,98.9736070381232,95.7944942994862,95.1979780960404,95.5163806889398,95.3212520899012,92.5576256014322,94.7026022304833,92.7857142857143,92.7857142857143,92.7857142857143,88.7514792899408,85.5855855855856,85.5100250626566,88.8308065665765,87.5978326309452,87.2530274059911,87.8440366972477,81.7272727272727,81.2720848056537,82.7467218771567,81.7230447483734,81.5867407188722,80.3405517438536,76.8245838668374,77.227927740301,81.2790697674419,81.6176470588235,82.500442282176,87.7187134502924,87.4301675977654,90.0805922144306,93.0080951357547,92.0103862596455,96.009600960096,93.3470792767733,97.9411764705882,95.6956140350877,99.8824221046443,97.7769289533995,99.1441789674583,103.156804733728,105.269258415601,103.156804733728,100.522239073144,101.177514792899,100.840336134454,104.245412889863,102.137546468401,103.197133930286,103.197133930286,104.384797280654,105.650988411725,105.28225889242,106.990646472504,109.251510925151,106.391832095157,103.128789963763,105.882352941176,108.587245864151,108.28173374613,108.417182662539,108.28173374613,108.621860149355,108.621860149355,113.373197903014,115.129032258065,114.678919220945,112.683438155136,113.320666087847,116.786568266955,113.938053097345,115.882079422644,114.808282504932,117.301038062284,115.358467966692,117.473578724332,119.371464487744,122.371794871795,122.541389855531
"Henrico","VA","Richmond","51","087",195,135.143769968051,135.777268790738,134.612794612795,134.567307692308,133.542101600557,133.32702359022,130.727804803892,128.231046088836,127.19764354464,125.602094240838,124.958333333333,123.016839311482,121.72131147541,120.627153522205,117.921960072595,113.528138528139,113.289934339458,113.333333333333,110.985781490756,110.945529290853,107.727248104009,105.700549450549,99.7485632183908,97.825,96.4321862348178,98.7798699334543,106.930513105492,106.719367588933,99.045196606672,101.410390264977,105.984930268482,106.307222787386,101.758303405316,101.151421180577,105.518688747092,105.328526441021,105.721153846154,114.91935483871,114.25,110.580568720379,107.734375,108.537313984429,109.649122807018,109.649122807018,108.482142857143,104.125,110.36036036036,109.649122807018,108.052884615385,106.073113207547,111.517857142857,109.649122807018,113.266894803838,117.793063398614,119.725738396624,115.474450084602,117.058823529412,108.924753289474,109.631770833333,108.320433436533,111.041666666667,115.871710526316,123.473837209302,118.697971723044,117.691805033482,116.24273255814,116.279069767442,116.4421494116,112.608695652174,116.279069767442,116.403815995151,112.375,120.953237410072,123.007246376812,117.058821091373,122.054597701149,119.760479041916,121.551724137931,123.807142857143,120.144230769231,126.41407758066,126.849894291755,125,125.15243902439,134.166666666667,130.643772893773,130.678571428571,131.94749344692,138.720386981209,137.107432124898,139.065767973856,143.895348837209,144.190705128205
"Davis","UT","Ogden","49","011",196,129.682997118156,125.361842105263,122.694094226941,121.515502752825,119.985875706215,119.092122830441,117.90780141844,120.32655525045,117.527451869508,116.422018348624,116.358468901697,116.113685865418,116.484184914842,116.453101631733,112.390820436718,110.205681872349,111.783783783784,113.076274634088,109.962406015038,109.168799237292,106.735159817352,106.695870377662,105.99551395658,105.706913571314,102.824858757062,105.198994583748,101.027397260274,102.890412120551,102.148703956344,102.082500784974,99.9333333333333,102.001999272992,101.765105227427,106.424258893864,113.528138528139,115.534391456054,114.891879141468,115.295887662989,112.58344459279,121.532846715328,119.374612952642,121.238938053097,119.53488372093,121.853478518205,118.75,117.039403620873,114.49676823638,114.550615355513,112.309644670051,120.676328502415,116.632160110421,119.33212472216,121.860959626917,120.92916244512,119.449163529006,119.137670196672,123.044596862629,123.403932516082,123.747790218032,126.187692953272,126.46017699115,128.779395296753,127.253370344756,128.230088495575,134.213080733699,122.237762237762,126.49599662874,130.245454130117,133.75,129.698980933157,129.398044250032,131.73828125,134.259259259259,131.73828125,134.642660051999,141.595845136922,142.46946833208,140.925718095617,150.095558402733,148.401826484018,145.099969182196,136.865888118562,139.537226274331,145.519527806523,146.424384525205,146.012687925552,144.55412655112,154.540598197113,159.300750715889,149.673530889,159.288684266231,171.179883945841,170.846829538073
"Albany","NY","Albany","36","001",197,146.966059316168,145.73782306163,143.012394881652,144.369530868046,145.786854253213,145.787831513261,146.32024265645,143.419694899183,143.887623386484,142.436974789916,139.029322548028,139.027798831974,136.540962288687,135.373781148429,136.388776541962,135.434532083648,136.583333333333,136.583333333333,137.635912698413,139.302456863756,139.599379367312,135.736677115987,135.915957605613,135.660136665249,135.736677115987,136.162621359223,139.885496183206,137.003154537084,136.194360121425,132.380952380952,135.546038543897,134.590517241379,135.512379726665,136.421247357294,136.84556798773,133.32890240926,137.375,139.330218068536,140.908009276085,143.089090651156,140.672109991784,143.557880967953,142.738095238095,138.888888888889,139.397321428571,139.639438963369,139.901041666667,143.602693602694,143.602693602694,143.865105190609,151.482024694727,147.482638888889,144.291338582677,147.754491017964,143.602693602694,142.488095238095,142.246017624131,141.052631578947,142.697344639701,143.602693602694,143.716240418368,144.4921875,140.307130436444,142.009861546499,140.307130436444,141.198436663345,142.884076707606,142.928571428571,142.803193785067,140.782889538196,134.701353367434,134.608028817588,136.70654774073,132.854059416559,133.378256963163,136.486836874038,136.698024198024,138.575171447889,140.109034267913,140.47466324567,139.425621368338,136.398367706299,136.312485846224,132.830188679245,130.104166666667,129.27398896378,134.99219751995,140.397888188832,143.84569718845,143.829787234043,145.460845460845,143.668122270742,141.271938417332
"Lorain","OH","Cleveland","39","093",198,87.5145857642941,84.8667512690355,81.870781099325,85.9146697837522,88.7777777777778,86.4857096150178,86.3836434860888,86.2403100775194,85.2921864740644,82.2822822822823,81.7307692307692,78.1524926686217,77.8912300683371,75.3662082686548,71.9251900170545,71.5187210769878,73.5153518524318,75.7876312718787,76.6410912190963,76.6410912190963,70.2827324478178,67.9437060203284,68.0529289657915,69.375,73.3497531041757,75.0171178343949,76.6810570381999,75.1417769376181,76.6810570381999,79.4443968104261,75.5222084962018,77.8897849462366,74.1750707714083,73.9676854850981,78.1906392694064,78.3049608903086,77.7238403451996,80.6405805046675,80.40828953194,81.7799113737075,81.7553403022384,83.1424072535991,82.1773772938899,77.9197613533224,76.3447432762836,75.5933725588753,77.1656201074056,73.8264755620571,77.2251308900524,79.5698924731183,81.3866242038217,84.9852071005917,85.799356223176,84.6097201767305,84.4634556137721,84.9875252134347,86.6329479768786,83.7162162162162,80.8985792384976,78.9645776566757,82.6266804550155,80.7736720554273,84.1089108910891,84.1301917709303,84.5771144278607,83.83112281057,83.0053565608221,84.7457627118644,81.7708333333333,80.6315789473684,77.289603960396,76.5069444444444,77.1484516152345,76.9580831325734,79.9195982416812,82.117969698332,85.7632933104631,85.7632933104631,83.1286377916322,83.047193877551,83.25,83.6984536082474,84.9468085106383,84.7107438016529,85.2439024390244,85.2439024390244,91.9889502762431,88.3548907319642,89.0443748589483,92.5811273307368,91.7349209979942,90.3846153846154,90.6716417910448
"Larimer","CO","Fort Collins","08","069",199,146.694711538462,145.623826830145,145.337895637297,145.582706766917,147.719594594595,148.841251448436,148.428053204353,151.33985228795,151.041666666667,146.464784532034,145.678484678625,145.178044478614,141.45537525355,139.531459590879,139.531459590879,138.331383347623,140.817901234568,141.521051464323,140.954549836129,140.285191949283,140.388204553938,140.222239853309,140.316205533597,138.18559401009,140.217391304348,138.832451082724,138.828451882845,138.888888888889,141.723928024693,143.939393939394,147.530864197531,146.119235095613,146.088595664467,143.586470963625,151.470588235294,153.105861767279,156.25,155.479363647186,155.56420233463,154.791868344627,155.444444444444,158.418596675227,159.455252918288,162.06510435132,163.114253522194,166.267942583732,164.587983630952,162.136036036036,162.236580706781,161.941383532293,162.054554554555,167.940848214286,172.820109976434,171.605603448276,173.247291422596,178.2874617737,178.342309145881,182.754506892895,181.291912668077,180.740886098029,180.926216640502,183.423913043478,186.965811965812,187.204694384815,191.489361702128,194.281045751634,196.214986820882,198.609731876862,201.228509699366,205.764705882353,210.192158385093,210.821638845097,205.362116991643,215.406697736991,217.376658309501,214.0549273021,218.199826297708,219.6349286249,222.88842544317,223.214285714286,223.938679245283,223.576482479784,226.071428571429,225.615314494075,224.358974358974,223.920863309353,229.076867816092,235.2660595619,239.520958083832,239.72602739726,238.914027149321,243.055555555556,240.861618798956
"Northampton","PA","Allentown","42","095",200,125.686465992647,127.212121212121,127.417249417249,130.078998881432,125.755033557047,122.559672949286,119.710334788937,124.27027027027,122.227074235808,121.163166397415,125.387453874539,122.467320261438,120.135236664162,125.724360368196,119.886363636364,117.549019607843,117.450650417235,118.915343915344,117.549019607843,114.235500878735,112.61735063388,112.099358974359,107.736572890026,103.202479338843,101.190476190476,100.399543378995,99.3007314355908,102.537420742896,104.074889867841,102.661480433758,105.398281056176,106.121174266084,101.190476190476,100.889981596503,107.181818181818,108.414239482201,101.190476190476,101.041666666667,103.452380952381,107.650862068966,110.706349206349,110.460927960928,112.815569214451,112.36270296084,112.5,112.39907727797,107.289066400399,102.435897435897,105.759925558313,103.62962962963,109.500805152979,113.329824561404,113.329824561404,113.193657984145,112.901061647444,112.194385194866,112.397820163488,110.636160714286,109,109.796455600997,105.955199280791,100.181212477262,103.305785123967,112.373737373737,113.78002528445,112.470402525651,108.881551096436,110.000370340444,108.393518969911,103.381642512077,102.415458937198,99.5169082125604,97.5487351190476,97.5714285714286,97.2826086956522,102.430555555556,107.251953631809,107.80612244898,112.510590268101,115.672306322351,112.197818396226,109.503648233487,107.5,105.631655313184,107.327141382869,110.441505216095,112.903225806452,116.023881805303,116.764018691589,123.99708242159,125.439643942683,127.901112368024,123.085581085581
"Dutchess","NY","New York","36","027",201,166.858426704015,168.269230769231,166.393518518519,169.143665958953,168.135598698895,169.614010230088,167.248059416563,168.433566522838,166.204986149584,166.419791666667,166.419791666667,164.91535892702,163.934426229508,161.822622185179,164.714494875549,165.424546790789,163.235640301318,158.965691982576,157.616110887907,158.327780325394,154.684523809524,151.515151515152,145.612407527924,148.359375,145.280235988201,144.607486801947,144.842495367511,144.654788418708,143.983050847458,146.38540866098,144.333333333333,145.533980582524,141.074175342755,148.539670645328,155.257995387975,154.301319981793,154.185022026432,155.060728744939,153.846153846154,154.280747501086,150.754098360656,148.699182053774,148.396361895644,146.498676506553,146.147147429863,145.429681440443,145.24699045247,142.160500427716,139.499426642033,138.208966066045,139.393939393939,144.508670520231,144.422700587084,141.446983156495,142.048963263466,144.368784695874,146.601551068188,145.988805970149,146.39175257732,145.10692010692,148.467966573816,149.305555555556,141.827138089996,139.841986455982,143.805309734513,144.5153801509,145.689655172414,144.849577281413,141.447368421053,146.696764484575,142.508892046027,138.982483394043,137.962962962963,135.864825581395,142.726854230901,139.731372469508,144.230769230769,151.300966496557,151.091145897128,151.368613138686,150,147.286172201291,145.315024232633,144.781144781145,147.083333333333,148.639894780834,151.567911255411,156.529516994633,158.589782173548,159.592286798169,156.498203359379,156.673173318133,163.964950711939
"Lake","FL","Orlando","12","069",202,95.1340264173633,93.1850789096126,91.3643648018648,88.9679715302491,88.4062159000146,86.7735470941884,86.2745098039216,86.0134629768138,85.0787766450417,84.521370884698,81.715057817999,80.3648848352079,79.2985254963246,72.1784776902887,74.9250149970006,70.2072495664933,69.3604362915221,71.3863684321587,72.9405880306194,71.6789119266904,71.969696969697,72.3006094329624,72.0833333333333,71.4285714285714,71.2621114815726,70,70.2913435198266,69.3287037037037,69.7552447552448,67.7294435215947,65.3420296808455,65.3745629370629,63.7254901960784,65.1712887438825,68.5049019607843,68.6404461636287,69.0008276037688,66.9303229665072,66.7100694444445,66.0313138189244,66.0313138189244,65.6671644763043,68.2781339031339,68.1761786600496,70.9677419354839,71.123417721519,69.8412698412698,68.6858974358974,67.0575692963753,68.3046413408564,69.2252510760402,71.7466600692726,71.3775874375446,69.4831013916501,70.2702702702703,75.6734006734007,77.2892173038337,78.4363340477892,80.5217920481431,78.6963434022258,80.5715565796211,83.3333333333333,82.8449607177438,84.1490257305108,83.4492350486787,83.8097694375845,87.1710526315789,89.8829204354911,90,93.1034482758621,96.6796875,98.0381165919283,97.7732793522267,98.1821766561514,99.739302981176,101.018675721562,101.694915254237,100.536286610761,103.779069767442,103.963647543275,104.513152844881,102.72780034823,101.869158878505,102.72780034823,104.743157105362,103.991596638655,102.9176201373,108.540372670807,113.109637143972,115.963132694199,118.527394591224,118.589743589744,117.397454031117
"Fayette","KY","Lexington","21","067",203,110.171102661597,107.92,111.853555676481,108.562019758507,106.818181818182,108.840304182509,107.000277487595,105.210643015521,107.632093933464,106.255139032915,105.512951365193,103.603603603604,104.6875,103.064934012415,108.24131082423,108.500467038081,108.22871816154,107.665805340224,103.95801455928,103.53982300885,102.787643340492,101.555023923445,98.9273927392739,98.3946354452591,97.265625,97.265625,97.5274725274725,111.213235294118,109.828448605212,110.048965709343,109.101941747573,107.967589466577,104.6875,103.480825958702,105.105034038438,107.190775360189,103.771690863855,100.294985250737,100.295072318403,100.637619174909,101.333820821146,105.027422303473,104.660766961652,104.660766961652,106.909746786936,106.158088235294,103.480825958702,105.698529411765,106.912878787879,109.176038188953,109.128338479874,108.786250051872,109.702797202797,111.675645154147,106.451612903226,106.841833987735,104,104.938618808482,104.166666666667,105.03003003003,106.427818756586,104.72972972973,111.677631578947,109.689213893967,109.221609030601,109.471085047529,107.534246575342,107.517482517483,105.832600795022,104.458041958042,108.442343795129,108.455882352941,111.355472013367,112.273120138289,112.273120138289,114.097744360902,114.520311149525,114.520311149525,113.445792412632,118.198598328126,126.81598062954,123.459995886466,122.979226655697,121.416083916084,129.93158206902,137.216880710108,137.51129488489,131.664910432034,126.255029025725,130.756111696523,138.548951048951,143.249701314217,138.014554143586
"Winnebago","IL","Rockford","17","201",204,79.9567066267066,81.0161329898172,79.5890351287757,78.728723172696,76.5082042130919,75.0875146391451,73.605577689243,72.1439749608764,72.1153846153846,69.9614425328311,71.2545676004872,71.0267229254571,69.3055555555556,67.2164672697209,67.0395227442207,65.1034389333518,66.328125,65.6226696495153,62.7701885814093,63.0943212051867,63.8584191636016,62.5,62.5173852573018,61.8067324027349,61.2585872162485,61.8153364632238,62.1803096671496,62.2544833475662,61.0759493670886,60.6123029056423,58.2942097026604,58.9005235602094,59.8321342925659,59.8321342925659,59.8140495867769,59.690450651606,58.6631928033526,58.2118561710398,58.36376917458,57.5754702333422,57.58461368127,59.5461384453076,58.4937238493724,57.4659722420641,57.440603874653,57.1924153956149,55.058061269833,54.252153541703,51.8689020656434,54.561717352415,55.7081545064378,55.9348848289005,55.8538404175988,58.8315977075762,57.5169304915036,58.3657587548638,57.5696556969027,57.2109661172161,55.2631578947368,54.6827362804878,55.1261829652997,55.9523809523809,56.4179104477612,56.9368131868132,57.3754789272031,57.8815422154631,59.9683152492008,58.515625,57.2213500784929,56.9190600522193,55.8618705816086,56.4070351758794,58.9517699236767,58.1553398058252,58.3657587548638,59.7609561752988,62.1886120996441,62.2464898595944,62.1106398877804,62.4609375,63.0166700826672,63.0252100840336,60.8822390744916,59.593023255814,59.8157328988498,60.7971014492754,60.1203912716328,60.6275303643725,61.2264150943396,63.6199006164512,65.2565256525653,63.5294117647059,62.5
"Rockingham","NH","Boston","33","015",205,144.97492068936,145.363636363636,145.760785134465,145.496235359732,147.133999353861,146.258503401361,146.794871794872,146.977124183007,147.110332749562,146.977124183007,144.143090229375,143.034825870647,140.703812316716,136.121673003802,134.872159090909,138.274336283186,136.764825502953,137.444707666365,136.928702010969,136.595273264402,134.698275862069,130.056569258016,129.720960415315,125.250626566416,125.276344878408,126.1206031085,130.728713110789,130.975712509407,135.119047619048,131.477732793522,132.780828511108,132.813475673635,134.359809362314,134.551282051282,132.743362831858,131.383517310435,128.029456596751,132.071576049553,134.280869011085,138.819104030501,139.699792960663,142.034405385191,145.179233621755,147.482014388489,150.20725388601,149.380045053501,143.287957057714,139.83764370751,142.261305207647,143.350633903234,141.532756489493,144.0329218107,145.75,147.071428571429,150.094612582317,152.399774138905,150.618612157074,150.447658402204,152.645861601085,156.833748443337,154.852656336469,156.791338582677,160.276967930029,161.567164179104,158.937117470971,160.396701388889,161.064425770308,161.119770488841,159.139150943396,160.600193610842,162.170848599948,163.732023010547,163.397996014326,167.928427668297,172.970479704797,172.970479704797,175.761374187558,172.83316611968,176.773365711902,175.341130604289,169.657422512235,169.600097686796,171.890889146987,172.115917737175,167.427184466019,174.709959088966,180.192346938776,173.816568047337,177.364864864865,184.837278106509,185.77380952381,183.867096987752,189.418981481481
"Boulder","CO","Boulder","08","013",206,211.804500168862,206.237086776859,211.725795064343,214.867424242424,217.467252203308,217.031345517401,215.22169237013,209.634255129349,215.964834515366,212.746858168761,211.354737666406,206.696467912974,201.016072891073,206.672932330827,205.748757984386,202.127659574468,197.727272727273,193.125,191.669736198825,191.367521367521,187.5,183.672463425214,185.933700280451,170.598675604971,175.571557737019,181.689555507683,186.195286195286,195.92133386399,195.610328638498,195.305989583333,191.468253968254,193.477173148699,186.968417591629,190.971510555442,198.699421965318,198.600645855759,200.892857142857,211.440677966102,206.445115810675,213.403859567542,209.003215434084,214.614015382806,214.416058394161,212.104885057471,213.310580204778,214.385564570656,214.541536050157,219.488577362409,239.594814464914,227.294323927246,227.410617551463,220.180957157251,221.086584875302,226.234567901235,216.115279672578,219.795539033457,215.95951078387,215.67918422637,214.46511627907,218.835898907986,218.994586827016,222.808366355417,237.380952380952,245.353448567202,244.139692319216,255.703422053232,257.510729613734,259.269715791455,256.257911392405,259.807689275691,262.875839115474,267.001114827202,255.02915451895,283.38898163606,261.18760757315,269.413629160063,284.851811196487,294.827586206897,308.433053705074,299.489797556938,303.084338391043,315.03733507322,320.259876943005,314.992025518341,307.385354208306,331.06960950764,336.773060373807,328,335.403726708075,346.6796875,348.315135542169,348.192771084337,348.953437718992
"Anchorage","AK","Anchorage","02","020",207,172.012743201729,170.434738813487,170.192510374811,171.231484627145,170.225360950458,168.441432720232,170.172084130019,168.417607551826,168.04932735426,167.268351383875,162.48538489584,161.721068249258,160.821409527195,160.560344827586,160.70351758794,162.317312479864,164.695945945946,162.025592266857,162.146422628952,161.730319563523,160.972222222222,161.931818181818,159.941718464351,158.958333333333,159.72894482091,158.266786265526,160.551619433198,161.397058823529,162.272727272727,160.832076894082,159.141867101508,160.201793721973,157.894736842105,162.096153846154,177.651994744386,171.357142857143,172.470588235294,175.323638813227,170.041753653445,170.255383074612,172.764227642276,165.857605177994,171.370967741935,171.53850974494,173.234552332913,168.854748603352,166.041275797373,167.837180990972,171.505727783375,171.426863391723,168.446336718105,169.376693766938,174.512987012987,173.913043478261,173.076923076923,173.766816143498,172.895040369089,168.421052631579,163.385703948796,167.546708735461,169.478527607362,173.583180987203,174.012359023197,177.616926503341,178.326511906415,180.135371874502,174.900398406375,174.295995484336,173.184357541899,176.508652100099,178.118811881188,176.855728442022,178.118811881188,176.352772937966,176.147959183673,176.683501683502,177.272727272727,175.324675324675,176.40218878249,172.535211267606,173.829919530135,175.272753298805,174.382716049383,174.429972716643,171.978155859735,168.443496801706,169.633027522936,170.396160927548,172.082321472565,173.380711964452,172.396018975847,173.75,173.064773663975
"Galveston","TX","Houston","48","167",208,,,,,,,,,,,,,,,130.952380952381,111.173184357542,117.31843575419,111.111111111111,109.927152317881,109.927152317881,111.142147734326,119.731800766284,108.541919805589,106.187882913547,110,122.737556561086,128.698224852071,126.666666666667,132.415902140673,133.368644067797,135.932291666667,133.368644067797,126.666666666667,126.169265033408,128.681051277942,125.66310442707,126.791044776119,126.791044776119,130.538922155689,130.628938202027,130.154575962959,133.368644067797,133.928571428571,133.990901571547,146.701388888889,144.35622229644,139.602023959816,136.652542372881,145.00447741738,143.340136054422,156.276658767773,166.369047619048,164.76812000998,165.674603174603,157.12682379349,142.812795303633,151.428571428571,148.630857208706,160.416666666667,161.111111111111,180.384615384615,185.531496062992,185.697115384615,194.762188219741,204.367955594785,176.448457486832,178.876099706745,178.5,155.974348365743,156.028078380934,170.343137254902,174.06462585034,176.448457486832,179.25219941349,180.921052631579,179.25219941349,183.695652173913,204.545454545455,196.63323782235,209.428571428571,219.286529680365,223.485027558597,207.175925925926,194.429223744292,198.412698412698,209.399935427333,205.89287918055,196.156189083821,197.632058287796,205.479452054795,210.778725641074,205.437901488299,210.778725641074
"Gloucester","NJ","Philadelphia","34","015",209,,,141.098039215686,137.072364316906,135.746606334842,136.529126213592,134.144295302013,134.228187919463,131.932936299237,131.608654750706,129.333333333333,127.308917197452,130.252071346375,130.252071346375,125.458193277311,120.793306347515,119.99,121.17555670637,121.17555670637,121.17555670637,114.703703703704,114.583333333333,115.080722891566,110.69388309923,110.4,110.987766198459,112.548003147747,112.086956521739,110.169491525424,109.126984126984,111.120996441281,111.976923637358,111.506982077341,111.910285455369,112.354665363947,113.523388463829,112.354665363947,112.199113591647,108.249887235002,108.249887235002,110.036367263461,119.429439975521,116.786454733932,116.315789473684,117.592186128183,121.732202837831,121.148021494871,120.769230769231,122.316384180791,127.131020196789,124.388709977086,119.568239055946,121.904315196998,124.837758112094,121.610845295056,123.452157598499,119.87699579441,104.579822656759,106.699029126214,109.782496116002,106.002554278416,104.524939235626,112.267469905179,110.041429311238,105.033352830226,109.685117509924,110.818228896945,116.156282998944,118.044547095134,120.192307692308,120.192307692308,117.531158033735,113.959100691139,114.377631020449,115.493405061024,116.470588235294,116.470588235294,113.636363636364,109.05487804878,109.574452011653,109.614615384615,114.02157164869,113.636363636364,108.487614080834,103.970715534703,99.4077911646586,100.301204819277,102.093973442288,104.436817229619,111.759711815562,112.740544127405,114.069708535739,113.141357226032
"Douglas","CO","Denver","08","035",210,182.11717026283,180.060985294786,174.854288093256,173.987075553336,172.617014038103,172.155305648127,169.678355546035,175.376115064649,173.189009159034,170.534813319879,167.600373482726,164.149844206512,163.04347826087,162.728120070411,158.200953818706,159.666460778258,163.12667740204,159.197604584153,155.025553662692,158.192799149296,153.067209163988,151.355167165276,149.791840133222,149.919657204071,148.787210584344,149.456379459721,152.20700152207,152.777777777778,158.990039743874,159.587757651468,163.040540540541,162.447532902141,165.208756922438,166.666666666667,173.434895833333,170.150435471101,167.496886674969,167.496886674969,168.204827772371,174.631827040803,183.022791961222,180.188518660696,185.599121165054,190.806027861681,191.9992,193.234792495736,190.863579474343,196.817585301837,195.081632653061,198.196428571429,198.439716312057,200.049212598425,198.586118251928,202.251908396947,202.173913043478,200.735541047875,197.66363022942,204.093567251462,202.960840496657,211.983311938383,213.414634146341,216.395418927064,214.518760195759,217.592087312415,223.679837083522,225.492000154961,227.060753492779,228.794045600151,227.687202423893,234.847085978073,237.550009566133,239.188731903018,239.015477214101,248.46692602158,249.949494949495,244.827385346403,246.991845811712,246.991845811712,245.098039215686,244.012204424104,245.859213250518,248.305702636874,256.306677658697,248.442837050432,246.402093327519,252.999065544639,258.042895442359,257.868421052632,257.546252150991,255.647705085347,257.547169811321,261.526169596027,251.602316602317
"Lancaster","NE","Lincoln","31","109",211,,,,,,,,,,,,,,,,,,,,,,,,,,,,,,,,,,,,,,,,115.384615384615,119.628816266355,114.285714285714,113.583705451175,115.69737406401,115.143369175627,115.869017632242,115.931941221964,119.752953209032,122.75641025641,120.588235294118,119.73101542087,123.197225797226,123.236916208395,124.869927159209,123.697916666667,121.023513139696,118.787878787879,119.083333333333,119.083333333333,122.696386946387,126.777629233512,128.671568627451,129.829374462133,128.254451345756,134.208053347304,134.437321937322,134.754901960784,134.020681862841,131.302521008403,135.86210377549,135.054899856938,135.347985347985,138.222222222222,145.694444444444,143.67816091954,145.208194259012,144.385026737968,139.471470891293,140.486486486486,135.248131327467,135.762683009874,139.9243140965,139.885222381636,139.558823529412,142.156862745098,147.222222222222,147.609147609148,153.225806451613,159.832013147969,159.278846153846,159.137577002053,156.356968215159,157.073990244587
"Spartanburg","SC","Spartanburg","45","083",212,69.95,69.6857142857143,70.1681356637536,68.3148747159353,70.4533508445194,69.95,69.95,67.5845410628019,67.1550671550672,66.9895678092399,65.5475144439095,64.3688532732872,64.3597530985638,63.0183482119953,62.3482142857143,65.2408423132681,65.7363896615104,63.6570561456753,59.1470497193071,59.3156587539319,59.8845598845599,57.4884792626728,56.3860858929343,55.5318341398615,55.685156848463,55.685156848463,55.4607508532423,55.5303316937823,53.9718094405594,53.6411830357143,53.7242445054945,55.0611790878754,55.5643879173291,55.5555555555556,64.187725631769,62.9370629370629,64.7685185185185,65.9973996380209,68.5668498168498,68.0462839341344,65.6435242515074,66.9715447154472,66.005291005291,65.4522109111953,66.005291005291,64.7306397306397,64.7794913419913,64.9580627705628,65.33203125,66.2163464389492,66.2878787878788,66.9072164948454,67.4831081081081,68.9123376623377,66.879947533137,64.9739583333333,64.8268398268398,64.2579509009884,63.7988317264633,64.4084096033957,64.8421621621622,65.4843159256427,67.7981873238844,69.071373752878,69.701646090535,67.593984962406,69.2987197162418,69.4444444444444,70.0526607538803,71.61328125,70.9465544498004,69.3181818181818,71.1711711711712,68.7929956222639,65.7367668097282,67.245040793473,68.961403021036,68.2930969827805,74.2931812089923,71.4285714285714,74.2909350275008,71.7905405405405,74.1417935865378,75.4807692307692,73.9359817813765,70.2479338842975,72.2543352601156,70.2718129137054,75.7312963927595,76.937441643324,78.2581453634085,75.7876663834608,78.2943340645036
"Cumberland","ME","Portland","23","005",213,174.278846153846,174.86348027453,172.791293213828,173.568709017838,175.491723169018,176.668921356421,178.730638663634,174.708624708625,173.685972744361,174.204681410877,172.691701680672,170.123839009288,168.413173652695,168.249194414608,167.866666666667,170.649325162695,173.489660764968,174.373795761079,173.560522442973,172.355880985588,170.206207482993,172.208251297655,170.971302428256,172.393418523126,171.77033492823,170.129958816608,167.668269230769,167.259414225941,165.484309736096,166.185897435897,166.895874263261,167.65873015873,166.621232118758,167.65873015873,167.853509664293,169.864341085271,169.67680608365,168.285184839868,171.77033492823,173.611111111111,170.357751277683,176.619433198381,173.184818481848,173.846153846154,172.93265326569,172.008758847212,169.940222032451,170.824982145737,169.780608634112,171.06206198672,174.012158054711,176.72832422483,176.914020632369,181.951009601479,178.571428571429,174.696428571429,173.882681564246,176.979166666667,174.902352297593,177.400161030596,176.220806794055,178.488197176579,181.463146314631,184.770436730123,189.078355666591,191.500399042298,197.395833333333,195.3125,192.282958199357,195.838971583221,199.894736842105,198.338068181818,196.770833333333,198.824593128391,204.173810788256,203.974221267454,201.430722891566,200.939457202505,212.098465068439,212.59842519685,211.478814927091,211.148648648649,210.945810268099,214.202561117579,214.460784313725,230.711550733886,223,220.130748880749,230.711550733886,238.111457245752,253.665413533835,241.558441558442,236.059067926155
"Erie","PA","Erie","42","049",214,85.1347015783022,80.560480166932,83.9775910364146,84.0294770758044,83.6624649859944,86.8695652173913,88.341409984068,86.4010989010989,86.2771739130435,86.74022557335,85.1254480286738,81.8532818532819,81.8532818532819,83.4126491204014,82.0194552978984,81.8532818532819,81.4830548549811,83.305878884217,83.0128205128205,84.9192629179331,86.5751735034119,88.3765478707339,89.2210144927536,80.7539682539683,83.3190844643735,86.6702279202279,83.88671875,87.2795045890341,87.7738968899756,87.4015748031496,89.1071428571429,87.1485630302015,88.4853852967228,87.3699186400221,88.1372549019608,86.2516217032772,86.6898148148148,86.2068965517241,86.7768595041322,85.5265253883506,85.0790779627413,87.3426573426573,85.7575757575758,85.7692307692308,82.9486174423894,81.8618748795861,78.9493965630329,79.0222403858768,84.0038314176245,84.6354166666667,85.7057772483621,86.7914489086481,89.272030651341,88.8743607624361,90.7846715328467,88.5360663082437,86.4718614718615,86.81640625,86.0837438423645,86.067643354483,85.93243943516,86.6274240357696,87.5309884864668,83.8329081632653,88.2061446977205,89.8165246212121,88.0608974358974,86.7379645182697,85.3632478632479,84.6354166666667,86.6905713037353,87.1402877697842,86.1206896551724,81.6088761174968,84.3446601941748,84.5066906517869,85.3028064992615,89.5372233400402,86.1590038314176,85.2154221262481,83.2070707070707,83.7378640776699,81.0635538261997,78.2493368700265,77.3234061658186,79.5376785107106,80.5303553490708,81.6179031696273,85.0456621004566,88.4927184466019,89.3388921977368,90.4134114583333,89.5964125560538
"Lubbock","TX","Lubbock","48","303",215,71.5732447817837,72.4961909358468,71.912013536379,70.8721235592545,70.0647249190938,70.9774563313705,68.7757909215956,68.097325914448,65.5511811023622,65.6370656370656,65.0352977286679,63.4868421052632,63.7691735347985,64.8148148148148,64.9074074074074,66.3186261339107,67.8361606374602,65.7463000024708,64.0608034744843,63.969571230982,63.4696755994358,63.0671506352087,63.2199311021558,63.4034980867993,64.3802647412756,64.2123287671233,63.8686131386861,66.1904761904762,66.320645905421,66.3265306122449,64.9967469095641,66.7912753336629,65.9552845528455,66.8116842759478,66.320645905421,68.3760683760684,66.8871094282985,68.2871009504175,67.8621115751519,65.6274981842037,65.9552845528455,62.1217272496187,63.1620553359684,65.9552845528455,65.9552845528455,68.5718680417204,66.320645905421,65.4962546816479,65.9905660377358,64.5756457564576,65.1141987693954,68.7980370209018,71.2128879892038,70.9653680053152,78.5876993166287,75.9847389796216,75,68.5737041215902,68.7224669603524,67.3012166376294,67.1963077290063,65.4315196998124,67.4664185143227,70.7485760781123,76.1651768755935,77.513140043857,76.4638999431495,77.3553162853297,72.7825030376671,72.7825030376671,70.7579597719764,71.7905405405405,73.9943092621664,73.6415480076037,73.0897009966777,74.5192307692308,78.525641025641,78.3476632201608,78.125,74.6485042735043,72.4275724275724,72.6052235226547,72.4275724275724,74.4517336112164,77.2330967643468,76.4184397163121,79.2668269230769,82.528552071235,90.0357852617853,89.6504985961855,85.2076295481312,81.8428184281843,86.9716162327
"Saint Lucie","FL","Port St. Lucie","12","111",216,77.7689063984796,76.8429487179487,78.8223424115967,80.7297829403029,77.3214285714286,75.8097165991903,70.8502024291498,73.9523418241578,75.251256281407,75.0322271297066,77.665140135556,77.4894349623445,75.6361283220724,72.9009552538964,74.1992466119829,69.8433420365535,72.1358998144712,71.9401041666667,70.2222332490394,68.8073394495413,67.3408239700374,67.3683654077428,67.0472326368242,66.8916524943311,66.4218958611482,69.7589766555284,72.2583559168925,67.0022371364653,67.6151761517615,67.4678387908107,65.7894736842105,66.6060606060606,66.796511838499,69.1253263707572,71.9618055555556,75.9765046410586,75.5208333333333,76.748152359295,75.2862956382186,79.2070484581498,82.0586619403541,79.3880130059483,78.9300411522634,79.2981381133078,82.3763501989767,82.03125,80.1876632489961,82.3763501989767,82.3763501989767,85.7182703886152,87.7717391304348,89.3736017897092,91.4187643020595,94.2064415151776,88.0244099527676,87.9874213836478,85.3260424462362,86.7248062015504,93.3451121437995,96.1538461538462,100.349774542157,107.246376811594,108.02432748538,106.460134719389,102.415966386555,99.9197324414716,104.757219101481,104.304029304029,103.240391861341,104.477611940299,108.14624290083,107.361931110541,110.986032181362,113.049142783696,116.000591971414,119.744442000333,119.985875706215,120.809532044077,121.449231050382,124.334872215623,123.333333333333,121.74098487786,124.583509513742,124.319522568254,123.30100498981,123.629964806435,123.056224878307,125.641025641026,129.259694477086,130.668677727501,132.119788608338,132.378472222222,132.865971417536
"Leon","FL","Tallahassee","12","073",217,109.452736318408,95.3785212943815,95.4892966360856,100.865051903114,110.357556278016,107.650862068966,103.73028196786,107.182835820896,102.835415314731,100.284870426829,102.291325695581,100,95.7636566332219,92.482139345874,90.4471544715447,86.9175627240143,93.3374844333748,89.6039133738602,90.983606557377,89.1224862888483,90.6788247213779,85.9154929577465,84.8157979407979,80.7726864330638,80.6641209943097,78.2182808786878,79.7354888701043,78.6637931034483,77.3809523809524,78.5560344827586,78.6637931034483,80.1801801801802,79.0805649478726,78.7303186424539,78.7303186424539,79.3154761904762,73.019801980198,74.9172411737622,74.4206773618538,74.5112064854554,75.4793694841234,75.5277044854881,75.7293589582508,75.5242689094107,75.475933908046,78.5115303983228,75.1586990595611,73.7855816831683,74.750499001996,74.2826780021254,72.3109691160809,70.9219858156028,73.8989400584795,74.4047619047619,73.6458333333333,74.5146446062441,75.0471319177789,73.6979166666667,74.4047619047619,73.9991712883279,73.4126984126984,72.8749100626991,71.2256493506493,68.1818181818182,78.3783783783784,73.4077318870811,77.8008298755187,78.3730158730159,81.4059251559252,78.0640600624025,77.7297268233715,81.7272727272727,81.4041769041769,81.7272727272727,85.5614973262032,89.0009380863039,84.8194391392921,82.1875,81.8274387775754,80.5102040816327,80.5102040816327,78.8770053475936,78.8770053475936,76.9691780821918,83.4183673469388,83.8940648723257,85.1393188854489,85.1393188854489,95.9051724137931,94.8905109489051,87.119530009195,87.119530009195,87.1854885898186
"Greene","MO","Springfield","29","077",218,78.7224812224812,78.9302533191697,77.4554608830364,77.1122153874403,76.5625,75.7520805218174,71.4405100727896,70.9929912135794,69.131455399061,68.6813186813187,67.9421768707483,67.9347826086957,66.8111129482657,68.4081178700426,67.6942046855734,68.8551596713954,69.6052631578947,68.3760683760684,66.4959016393443,65.1317271461337,65.3930131004367,65.0111607142857,64.7686028402492,64.7081241032999,63.9981818912349,64.6504195021777,64.6804835924007,64.828882808077,62.0243720800651,60.5243622621136,60.9929078014184,60.8054871812163,60.722964763062,61.0679611650485,60.7742022732766,61.2046861645578,62.6803992124855,62.3126352813853,62.9711717872061,63.3333333333333,65.7915622389307,64.5326986982944,65.4977375565611,64.3849206349206,63.6811224489796,63.9573075099391,63.7962962962963,63.6363636363636,63.4920634920635,64.084285068514,67.5,68.1274670361972,68.8663336748634,69.8149410134954,69.7508806908119,69.099491024142,67.7083333333333,67.5,67.416934619507,66.4251207729469,64.9038461538462,66.4251207729469,66.3662239089184,67.5329861111111,67.0670369641519,65.7945736434109,66.549645819001,65.33002653885,63.6838356575199,63.8249923477196,64.0738907638206,64.193605006105,68.0681818181818,69.7316285793467,69.8675652304685,71.6487935656836,74.3637469831504,75.159987446614,76.3934426229508,77.3475314617619,74.9703296703297,70.1679467636023,69.6022727272727,68.3734763244257,68.2104005985956,67.5310892156265,67.8268765133172,70.203125,69.7072072072072,70.2139423076923,71.0448316706874,71.7647058823529,73.3333333333333
"Hamilton","IN","Indianapolis","18","057",219,94.4180522565321,94.7315486507886,97.4358974358974,96.179224760312,96.9090909090909,97.7023237179487,96.3222416812609,97.8313823721824,97.5764085877969,98.8987908848752,97.6430976430976,96.3222416812609,96.021664989949,95.6969696969697,96.2054329371817,93.7914703522636,93.9417091114884,98.0639730639731,97.9032258064516,89.3555396263608,89.8621103117506,89.7988505747126,90.5711695376247,90.2196375266061,89.0068247126437,89.88201080383,93.1902985074627,93.8380281690141,92.3468369897943,93.2284825870647,93.6123348017621,98.0239696227531,97.3288814691152,94.4234404536862,97.9216152019002,99.1501416430595,101.926489014185,100.381355932203,94.6203595324338,100.386398763524,100.386398763524,99.7877257720444,98.3319432860717,106.638635398981,109.822914835004,113.042895442359,112.08064933233,110.077160493827,115.384615384615,116.794944895709,110.077160493827,114.00912106136,108.27851782364,109.717988521968,110.341365461847,108.888888888889,108.126596973122,106.885245901639,111.201110337564,110.341365461847,112.410452961672,111.335758043886,107.448912326961,107.542705595114,110.165200729199,108.308605341246,106.866516783983,110.855784469097,114.350355526826,111.409075030247,120.40826873385,119.124244847193,124.368101330637,121.346646185356,117.692767483562,115.528565002249,115.672514619883,116.255957056821,121.441860465116,121.346646185356,125.403598320301,129.519595448799,131.031059640747,130.518082392193,130.526610644258,129.800044055382,130.615709219714,124.610303830911,130.121527777778,132.207282913165,134.839786381842,134.777270131354,132.836374002281
"New London","CT","New London","09","011",220,166.527777777778,165.625,166.527777777778,160.610119047619,157.495741056218,158.572844400396,157.495741056218,157.126696832579,155.87734241908,150.9375,149.920040283503,147.972972972973,145.34748427673,142.400690846287,142.19379113434,138.888888888889,142.857142857143,142.857142857143,141.974431818182,140.415549597855,140.017513134851,139.273648648649,142.339026915114,143.333333333333,140.415549597855,137.626262626263,136.430921052632,135.44374638937,137.425043706294,135.402097902098,133.150423728814,132.319078947368,132.790882119672,131.641967564259,132.396148837482,132.415902140673,130.257670439307,133.776595744681,134.945631796026,136.823598059087,137.075233792161,139.565067161923,136.81592039801,138.777777777778,140.640881548084,138.702342425643,136.511620251498,132.910145775438,133.224688705892,132.706327814145,134.341397849462,133.292428725121,133.58282906464,138.023630504834,134.539473684211,132.458969837744,133.255214523413,128.892051989878,128.737113402062,124.9375,127.137809187279,126.923076923077,126.87617260788,130.637254901961,132.091346153846,130.461908333138,128.626304915181,127.797106527833,129.537037037037,130.22113022113,129.05722326454,125.779614680621,128.174342105263,126.210526315789,126.007361059993,132.890070921986,137.5,138.332983288679,136.076923076923,138.006309148265,137.934027777778,136.498528578623,132.355769230769,133.053221288515,132.575757575758,135.330748681152,139.209997601056,143.706640237859,141.767803160331,140.232683982684,139.384920634921,142.38683127572,140.895953757225
"San Luis Obispo","CA","San Luis Obispo","06","079",221,313.639220615965,298.868136978285,285.194174757282,282.434156232783,275.681573999463,263.197586726999,272.771587886824,268.69820441989,269.57341391373,260.918253079507,256.50085502816,252.910052910053,248.392282958199,237.997042094467,238.372093023256,207.048542107835,220.980707395498,222.647839367082,222.222222222222,217.866909753874,211.25,213.577653758353,217.28239979728,217.580504786771,206.247161054606,219.688644688645,229.919678714859,240.661395577754,243.963815789474,251.263219741481,258.614948966891,255.828845002992,247.820435308343,249.579360628155,265.266427072567,263.187429854097,260.426343895576,259.706190975866,266.073194856578,273.373983739837,289.950807982964,298.783925840979,304.861111111111,310.051443679888,309.954189708363,305.744408945687,306.122448979592,312.315186246418,306.122448979592,300.267968316356,310.407248630684,324.488180776841,318.023163022434,337.256027554535,326.460610678318,326.323529411765,326.666666666667,311.171662125341,315.018771837769,319.616977225673,316.20082815735,320.86799657134,330.323551542513,335.975332989654,341.480446927374,345.839541547278,349.834006579145,352.610694041074,347.126436781609,346.662306208612,347.178544061303,348,345.03908045977,348.367432950192,355.160142348754,361.206896551724,360.101975780752,359.541762452107,352.335708630245,356.920684292379,359.103110806628,358.11266415035,363.031518624642,372.208528396463,369.292331428765,366.236162361624,365.750528541226,373.733961233961,368.746776689015,375,390.363795847058,394.570707070707,385.43174143753
"Horry","SC","Myrtle Beach","45","051",222,130.407636376409,129.718518518519,129.187115596841,125.339366515837,125.339366515837,126.740972202176,122.34693877551,123.792083830472,123.758927902972,122.730595427964,122,120.764552562989,118.91674991675,115.9,117.647058823529,117.010532150776,115.10141329259,116.619414795904,116.569497304155,115.238879736409,114.571759259259,112.009698681733,107.78175313059,109.578709767367,110.90021691974,109.453416149068,109.7121125792,113.504761904762,112.142857142857,111.185086551265,109.343434343434,106.433333333333,105.826271186441,105.238521836506,107.227760252366,108.608695652174,108.401305057096,106.661111111111,109.026624215578,111.028867505551,112.046585936635,111.004310344828,112.071240105541,110.842558819685,110.540935672515,109.428571428571,110.147058823529,110.697455230914,109.428571428571,110.421052631579,112.5,112.745022568964,113.586956521739,113.913043478261,114.173228346457,113.555194805195,116.583416583417,117.08984375,117.272727272727,116.666666666667,116.642555865922,115.789473684211,115.659360797537,117.921370967742,116.531440162272,115.217391304348,115.997265892003,117.08984375,117.159199237369,118.460317460317,118.850806451613,118.83920076118,116.754755396887,115.217391304348,115.52,116.759002770083,117.728531855956,117.712418300654,118.952380952381,119.739583333333,120.01906577693,120.539599651871,121.737696611253,120.869130434783,120.890052356021,120.857142857143,120.869565217391,120.904118993135,120.799130620403,121.407407407407,122.691197691198,123.785926660059,127
"Madison","IL","St. Louis","17","119",223,,,,,,,,,,,,,,,,,,,,,,,,,,,,,,,,,,,,,,,77.0387742338962,77.4942714597887,79.0833333333333,79.6130952380952,77.9512195121951,77.7141992782592,77.9512195121951,78.5147144522144,76.4023509692097,74.0098443223443,71.8794515669516,76.163610719323,76.2404580152672,76.2404580152672,78.8277511961722,79.9679487179487,76.0468140646746,74.5439469320066,73.8006784881785,73.7689393939394,74.0960284528749,74.5461115087832,74.1239892183288,74.0740740740741,74.0375123395854,76.0775862068966,78.9517651943321,78.125,76.4392109500805,76.1689291101056,75.907966155811,72.862048864558,73.5135135135135,74.1176470588235,74.6315209161657,74.6315209161657,73.7015812337886,73.6918888751723,75.512405609493,74.5736069825727,72.8890891322833,72.3039215686274,72.2587719298246,71.4459930313589,68.6148528890464,68.6148528890464,69.4905869324474,69.4905869324474,72.0996732026144,72.0996732026144,71.7408176110827,73.5272359756606,72.2557297949337,73.8165680473373,71.7311233885819
"Osceola","FL","Orlando","12","097",224,,,,,,,,,,,,,,,,,,,,,,,,,,,,,,,,,,,,,,,,,,,,,,83.0729166666667,82.4451103971,89.6924150676313,89.720288559026,84.6415043807629,84.3339587242026,86.7428571428571,90.5000736124061,86.6247723951894,91.1587528952822,90.2777777777778,87.9010989010989,91.7316513761468,92.2346850733391,92.7528901414921,94.6393559994125,96.051227321238,97.9398938956813,98.135426889107,98.5350492880613,98.3916156958124,99.2851469420175,100.436999271668,101.449275362319,102.267034797703,104.774535809019,107.394225639648,110.229276895944,109.431580619449,109.820478723404,113.126649076517,107.726864330638,108.8,110.515335312083,110.078277886497,111.020723104056,111.505615891581,112.363573198151,111.51276906806,114.408396946565,118.779731561334,118.623750534531,122.576045627376,122.641233822863,121.652173913043,122.73212379936,124.483786805814,130.917030567686
"Dauphin","PA","Harrisburg","42","043",225,105.382197636409,104.153605015674,105.922693266833,106.414473684211,104.647815077178,104.980544747082,105.664652567976,104.98922239454,105.357142857143,105.136138613861,105.136138613861,104.991243432574,106.6,105.136138613861,102.872201078829,102.674897119342,100.376647834275,97.7383863080685,96.7471380284338,97.2305389221557,95.0166316526611,93.5758910016625,95.4741379310345,94.4641449960599,98.0955748897448,96.1510519395135,98.223566973567,98.6623243266451,99.7933884297521,96.6334164588529,97.5288303130148,98.5286411546293,96.3216957605985,96.639231824417,99.535192563081,100.229095074456,100.229095074456,99.7489014438167,96.3613028463118,95.8958103462571,93.5606060606061,93.0701272896815,93.3832312686402,94.4040697674419,96.7312348668281,93.3832312686402,92.7019829018305,93.436610087684,93.75,96.2346760070052,98.2384823848239,96.6666666666667,96.2176933292471,96.3328210382514,100,101.027789224759,97.8590937715097,97.3076923076923,97.3076923076923,97.3076923076923,96.7510994938179,97.9423868312757,98.1065918653576,98.75594069009,98.6159169550173,98.25,95.9533607681756,96.0940183875904,97.8184377199156,96.3684851817158,96.807196071902,96.5198863636364,95.34706331045,95.7798295454545,94.9590878060908,95.8364289252105,96.555070354197,96.9135802469136,98.4517945109078,98.5405077536151,99.6296296296296,101.256983240223,102.640239660852,103.941157665112,103.941157665112,104.356060606061,104.693140794224,107.519016633827,104.985059369348,103.849114703618,106.198347107438,105.839416058394,104.991243432574
"Durham","NC","Durham","37","063",226,103.411906264255,102.822658668731,106.953125,108.449612403101,106.177606177606,106.489945155393,106.177606177606,102.557673288614,102.557673288614,101.126126126126,102.124669171007,101.818373483713,101.802507836991,101.643192488263,101.103955841766,101.144366197183,98.1117824773414,96.7171717171717,96.3534584504995,93.7233354880414,90.5339805825243,91.3669495678495,91.9117647058823,87.103308575287,94.1176470588235,94.3954659949622,99.4812192118227,98.4643179765131,95.1141636141636,93.984962406015,94.0513047324193,93.2214198050997,93.5093509350935,94.1919893492653,101.051779935275,102.137166796909,100.809928553831,101.010101010101,106.4453125,106.063539339787,105.545774647887,104.851752021563,103.484226063451,101.275337837838,100.434546949761,100.690176528277,101.205629044537,100.888529886914,102.559271054494,103.988087498375,108.662399871191,109.553641346907,110,108.702408702409,107.8125,105.198919014708,106.822810590631,107.262883388814,108.200455580866,107.8061138117,108.966074313409,108.892815076561,108.113069016153,105.263157894737,105.618625546382,106.755215123859,108.686200378072,106.966291898243,107.116480270099,108.23733244667,113.786087223587,116.877370417193,119.072563029355,113.877548533727,114.613180515759,116.691285081241,117.948717948718,115.694444444444,119.420793774615,122.588424437299,130.530973451327,137.396883593034,139.312624858855,137.607573149742,137.20780019685,142.125,139.86013986014,136.694475105715,140.183412966414,143.304130162703,155.172413793103,157.170701053471,155.397451876471
"Saint Joseph","IN","South Bend","18","141",227,75.0006313131313,76.0443911653589,76.2664701803051,75.1788720538721,74.3065720140515,73.5885167464115,75.1594963866305,75,72.2100656455142,72.8710462287105,73.0769230769231,72.3419266869609,71.4497663658227,71.0165005780457,67.536231884058,68.4075342465753,67.6755447941889,67.0302013422819,67.2008547008547,67.6798421010416,67.7263242164943,67.1591672263264,67.6395939086294,64.5474137931034,67.0828756072023,66.6084697949635,65.384578485561,64.5833333333333,66.6470722596942,68.3130699088146,66.9163269927536,65.6324582338902,65.0300601202405,66.1764705882353,64.7928734421625,64.7709320695103,62.3800383877159,64.2797157622739,66.9014084507042,68.2777857074888,68.4261974584555,67.4342105263158,68.2758620689655,64.2791551882461,65.6578947368421,66.1029411764706,65.8998177662466,64.6142488002953,62.5836120401338,61.4574187884109,62.5355351170569,66.1029411764706,66.5277777777778,66.1029411764706,64.9739583333333,64.9739583333333,64.0224358974359,65.0173611111111,63.8888888888889,63.0050505050505,62.1841397849462,64.2361111111111,65.9722222222222,66.5277777777778,65.9722222222222,65.205223880597,65.9330985915493,64.2291666666667,65.587044534413,64.7050865800866,64.8268398268398,62.0689655172414,62.4816715542522,63.7886597938144,65.9028402840284,69.9251534860199,68.2583455898739,66.6464401294498,66.3868464052288,65.1733193277311,63.0128941417264,61.5942028985507,64.5833333333333,62.1292517006803,62.7185314685315,61.5116279069767,63.8372093023256,64.3232913491531,69.3287037037037,69.4444444444444,70.380059776392,70.1628787878788,70.7219251336898
"Chatham","GA","Savannah","13","051",228,119.58691538974,118.453608247423,118.306010928962,115.6514431924,115.057573073516,112.697160883281,112.820512820513,112.86836935167,113.44537815126,115.277777777778,112.820512820513,110.372382782189,108.89937228508,109.211553473849,107.487922705314,105.860694372383,103.168044077135,101.971209248727,101.156069364162,101.156069364162,103.692206076618,105,99.811377245509,92.8388746803069,93.8431726481206,106.589147286822,101.804536629467,98.7421383647799,102.730819245774,100.815604859408,92.5497454881999,92.5497454881999,93.8295165394402,94.1066273347284,96.8367346938775,98.4547766475011,99.3635640413683,104.165625,104.927302100162,108.842614856626,106.373626373626,106.4,106.04596176774,104.825995377274,102.550189907759,109.35960591133,102.362204724409,103.046594982079,103.305785123967,103.031775734893,109.14568337922,112.60234375,120.024822051956,113.127361768666,115.81817423231,125.850099595724,122.629408807123,109.670987038883,109.841827768014,109.841827768014,109.786985312578,115.361488398415,113.092329165233,115.361488398415,126.354879065888,118.528391545868,116.10268378063,109.841827768014,111.56330749354,111.314484126984,111.766680509413,112.101401713482,112.015503875969,113.796133567663,117.058823529412,115.992970123023,115.978412772355,115.992970123023,115.144628099174,113.557358053302,117.024395042298,115,120.643431635389,116.632212460197,119.134427642032,128.031015037594,125.668676657778,125.848981222533,126.292464575799,124.345123990538,125.357644693293,130.531382364266,122.260516000151
"Ottawa","MI","Grand Rapids","26","139",229,107.887323943662,109.285714285714,105.398621248986,109.870871260356,109.81684981685,109.81684981685,109.716117216117,109.615384615385,111.672185430464,112.972356414385,113.725937603717,112.04401835124,110.356731875719,114.475352319436,107.959330240532,111.797075374191,108.207217694994,111.404958677686,111.404958677686,114.058280828083,103.394039735099,102.670554854981,100.833333333333,103.861386138614,102.338766832034,105.639947923364,103.972359735974,105.400843881857,109.597806215722,113.784123563218,109.50612605785,116.143216080402,117.070707070707,113.333333333333,109.837781266353,114.8549149016,116.877873563218,114.8549149016,125.903614457831,133.429382932266,133.030987315513,133.469669222955,135.10296010296,135.331516802906,141.583333333333,138.37306546492,134.244604316547,137.5,141.583333333333,143.863636363636,140.68299925761,140.68299925761,140.379213483146,139.093851132686,141.583333333333,145.75,146.124595941675,140.379213483146,139.747003994674,139.649621400322,140.987460815047,143.645990922844,139.830472087021,149.664403209179,136.582701738743,143.75,153.125,154.37874251497,147.463768115942,142.761904761905,147.953440944199,135.771491959518,131.454643048846,132.823920265781,130.208333333333,138.416503029442,146.608832807571,149.524938930864,152.101449275362,146.680942184154,150,152.72,151.87908496732,151.87908496732,150.245098039216,148.265802580384,147.527796495957,150.490196078431,151.569037656904,168.590704647676,160.102865540044,162.867079136228,162.170346509049
"Lexington","SC","Columbia","45","063",230,,,,,,,,,,,,,,,,,,,,,,,,,,,,,,,,,,,,,88.244319838808,88.75,87.1428571428571,88.244319838808,88.9727361246348,89.0193466172382,89.240625,91.6108142047778,89.240625,91.2820512820513,89.9038461538462,90.5235136179647,89.1723945068303,90.5483058608059,90.9523809523809,91.4444284694404,88.75,88.3838383838384,88.890851039783,88.6001181334908,87.9807692307692,88.1567230632235,87.4324136008919,86.4423076923077,85.5,82.95,84.8632235676314,85.312254259502,82.6857984545612,86.0491071428571,85.9375,84.5429421768708,86.1960784313726,87.5785612039181,86.463923673226,87.5785612039181,91.169028340081,88.0591866916793,89.1964285714286,93.4873949579832,94.224154618145,94.53125,92.2949184797526,92.3784037095501,92.0673076923077,91.8390804597701,92.8909952606635,90.3846153846154,91.9016830870279,93.9730011832074,99.6045933756791,96.131654676259,92.2114914364212,92.1215242018538,93.452380952381,94.4528875379939,104.170616113744
"Santa Cruz","CA","Santa Cruz","06","087",231,,,,,,,,,,,,,,,,,,,,,,,,,,,,,,,,,,,,,,,,,,,,,,,372.663551401869,372.022429133523,372.257817611693,388.43168487055,393.201803082116,409.008189262966,426.120218579235,435.454545454545,434.438622146397,421.398929049531,410.714285714286,400.721525535035,391.173564558438,396.114864864865,399.401913875598,412.36,410.17316017316,423.243354740879,435.897435897436,422.598558334075,446.076923076923,457.608695652174,456.720619282196,449.532601955516,444.992063492063,453.522301434969,458.519463943842,462.584019329548,453.651371459591,480.491990846682,477.724591226066,484.328358208955,476.640299124422,481.113320079523,472.70968546271,473.316979981345,463.453723955336,464.294246708922,454.878048780488,474.189675870348,492.363823421881,498.726106600722,499.543244949495,488.94774505142,489.738805970149,500.86484669177,531.015037593985
"Clayton","GA","Atlanta","13","063",232,,,,,,,,,,,,,,,,,,,,,,,,,,,,,,,,,,,,,,,,,,,,,,,,,,,,,,,,,,,,,,45.4427083333333,46.0546875,44.0441176470588,42.5833333333333,41.3649612965651,40.7721712538226,42.1452702702703,44.0621005200109,41.8441484882509,44.9480164644099,45.0354290518225,47.4708171206226,47.4708171206226,47.4708171206226,47.4708171206226,47.4708171206226,47.4708171206226,52.3741629724297,51.2948038980749,51.3084112149533,50.78125,51.8075377296588,53.4049888545098,52.0496894409938,53.0561542145594,51.5977443609023,54.1125541125541,56.8850902184235,56.7125645438898,55.7384122287968,58.7396978021978,61.8814664867296
"Merced","CA","Merced","06","047",233,,,,,,,,,,,,,,,,,,,,,,,,,,,,,,,,,,,,,,,,,,,,,,,,,,,,99.7504159733777,100.012355322112,99.8636515621761,108.471074380165,106.716196717892,107.510288065844,111.829012830584,111.294311624073,116.724954977305,110.374524937908,114.685023432513,112.83185840708,111.695194697036,115.789542752851,113.255869049059,116.131581724989,113.204486466444,115.72350459171,115.72350459171,119.275461380725,119.184044489984,119.275461380725,120.616686819831,119.946074100278,127.592610457264,126.728110599078,127.592610457264,136.459326240221,151.186825053996,153.399122807018,159.244328950486,165.685294117647,161.417829106095,167.084639498433,153.571428571429,153.571428571429,153.443711684934,152.189020152884,150.80971659919,158.291867971535,162.85819005731,156.179298642534
"Cleveland","OK","Oklahoma City","40","027",234,92.4353370804556,93.0789707187223,90.1387053944091,91.5178571428571,91.40625,88.4114583333333,86.9423286180631,86.9170431570951,85.2341182913472,82.4271545698835,82.6121164437451,80.2208835341365,80.3133514986376,78.125,79.7827692720924,79.4642857142857,77.8527330743618,78.3722856091277,79.2112299465241,79.1106514994829,80.3412022585384,78.9473684210526,81.0042466932666,81.6561844863732,81.125,81.2429733727811,81.3981042654028,81.5904139433551,79.3445878848064,79.6178343949045,81.2837894488419,82.9238106737503,80.1992518684548,80.9691629955947,84.1278341065549,85.3413654618474,84.0144230769231,85,86.9419642857143,85,83.5156711663466,83.466763920135,83.5629921259843,82.3834196891192,85.2470675770308,88.4825179790575,87.7777777777778,89.7435897435897,86.579614540501,86.6356076979979,87.3848987108656,87.4599865613879,89.1865079365079,89.0279114533205,85.5846774193548,85.1063829787234,80.6715806715807,82.0547945205479,86.4912182151818,88.2537120924175,88.1057268722467,91.6936353829558,90.6954887218045,88.5483870967742,91.726618705036,92.8167512757991,90.8529048207664,90.4175311517975,91.3568980993239,88.8877777777778,87.1888542673973,91.9973544973545,94.33460314506,96.4478809371548,92.842178602462,92.3002887391723,93.9655172413793,95,98.2419855222337,102.071588773716,98.8930985272705,98.3606557377049,93.6458333333333,91.7963224893918,90.5271828665568,90.5760914332784,91.4634146341463,91.7033773861968,93.4272300469484,94.9728260869565,100.043516100957,93.4272300469484,95.3614814043294
"Caddo","LA","Shreveport","22","017",235,74.6656176239182,80.9652038875054,79.1638852007951,78.9137380191693,73.9993842364532,79.4020390070922,78.537350727838,79.4020390070922,84.7236327832146,83.2799545957441,83.5755813953488,77.0866141732283,78.2766990291262,83.4360027378508,82.4808184143223,84.8467650397276,86.3060989643268,82.201646090535,80.4893754024469,83.271375464684,82.9812914906457,81.7130369734689,81.2026002166847,78.1590746829182,78.0520446096654,79.97997997998,80.7104316546763,86.2745098039216,83.5755813953488,85.1316170504362,80.4856115107914,80.9716599190283,82.4603174603175,80.5178548713092,83.5029069767442,86.5805526590198,84.8708487084871,91.0253217102532,92.6280880814353,91.1415525114155,88.7345679012346,92.375366568915,89.8850462945395,83.2452294219821,82.0146924686567,85.5714285714286,85.4383358098068,85.5048821906177,85.1351351351351,83.8727990890786,89.9,87.2454278618198,86.5454545454545,90.655737704918,91.4473684210526,90.5858364829919,88.2685512367491,83.9328537170264,83.8079739625712,79.7057020232986,79.5393969188488,77.5775775775776,79.3298555377207,86.5717711849352,86.6050808314088,86.6050808314088,81.2197836330537,81.4767663908339,79.7436183395291,80.8314087759815,80.8971048256275,80.8314087759815,83.8336595469748,86.7924528301887,85.2842809364548,85.3096179183136,84.5074043938161,83.9920948616601,84.3630482018401,82.739360605128,76.6232887977849,77.0461072837329,73.973973973974,77.6970954356846,79.4488986730001,80.630284396618,80.7519780896903,82.1935617920716,80.5514490718971,78.757225433526,74.0123456790123,72.2222222222222,73.1003003247698
"Weld","CO","Greeley","08","123",236,109.738439981317,108.6877214926,105.313053264845,103.251524390244,104.155313351499,103.094555873926,104.261789259115,105.226029359901,102.702702702703,100.905230440291,99.1609200475654,94.6025293586269,95.5374147270485,95.3078487109024,83.5956917978459,81.9925487592711,81.8002628120894,85.6681034482759,88.7225548902196,94.3396226415094,91.1880409126672,91.3098236775819,91.4597846738442,89.286011982945,89.9230769230769,88.4170854271357,96.1516632119238,88.317191283293,91.2887828162291,94.0376569037657,96.7764394203572,102.781142604547,90.0717865366382,91.3716814159292,104.693140794224,106.336075005219,110.134803921569,112.606232294618,111.612051023834,114.62,116.987537715293,115.13413897281,114.531138153185,115.18691588785,114.914586070959,117.273116438356,115.656963021243,120.672089041096,121.244402002107,121.350441795647,125.730994152047,125.732219624221,130.020085173508,130.22113022113,136.206896551724,137.238169123351,137.238169123351,140.056022408964,142.857142857143,134.338533739219,134.865269461078,136.553619872732,142.454160789845,143.1755555265,143.849206349206,143.617021276596,144.54546867964,147.312903225806,155.740582191781,147.345132743363,155.509862461335,156.896551724138,158.82962962963,146.916524872976,162.133497133497,169.852355149354,172.867025365104,176.785714285714,178.41956700747,175.622101977786,180.95987411487,183.752417794971,182.291666666667,191.1999008639,190.217391304348,187.313338484783,196.476964769648,196.257984549569,199.055861526357,199.842643587726,209.449404761905,204.484657749803,210.173697270471
"Marin","CA","San Francisco","06","041",237,,,,,,,,,,,,,,,,,,,,,,,,,,,,,,,,,,,,,,,,,,,,,,491.78208315988,454.985011120781,447.916666666667,466.954022988506,499.287749287749,496.687356230666,475.308641975309,498.948375198234,506.622516556291,507.1907957814,506.824771791659,521.739130434783,496.176663991258,471.698113207547,523.060796645702,483.170466883822,495.426829268293,507.627118644068,512.886597938144,555.019305019305,567.087369597616,553.63748458693,507.738689776733,496.448863636364,511.627906976744,513.449367088608,567.153792623521,510.893246187364,535.299374441466,541.920041633101,554.870530209618,541.604754829123,562.434390465105,560.861423220974,563.739835522014,590.371621621622,598.067632850242,581.844888366627,560.796645702306,530.11026293469,559.483550804288,578.703703703704,620.91079779759,594.114691953424,618.131868131868,613.997879109226,637.151191874375,665.641025641026
"Thurston","WA","Olympia","53","067",238,159.918577981651,160.374331550802,158.047839506173,158.442453480358,159.156050955414,162.416666666667,163.653273809524,165.039201645934,162.143559488692,161.931818181818,157.773952954676,153.16091954023,146.670428893905,140.512048192771,138.968723584108,132.632632632633,135.331676220744,141.192402441073,145.36443148688,139.929742388759,140.075757575758,139.980547762036,138.849206349206,135.300729138362,125.451807228916,128.030289435956,125.451807228916,128.625994280559,135.975609756098,135.411509633194,134.885290148448,134.074297473744,136.652748557438,134.291698400609,142.397730904442,145.316217150761,143.741403026135,149.267399267399,154.214559386973,151.65107927485,149.103407053198,146.022727272727,146.435546875,145.878245528981,144.957014967791,144.089275511897,142.857142857143,142.806158866116,134.137418885911,136.306847939944,140.522088353414,141.943705101039,147.713830755232,152.670130552221,156.504549261684,156.198347107438,154.108208353491,142.857142857143,142.898816469412,140.250905718782,144.037112010796,146.498371335505,146.476318247403,148.824451410658,158.555327868852,160.899586512084,161.605937921727,161.089494163424,163.009510869565,160.283018867925,156.408345752608,162.433392539964,162.968430648458,165.771879855888,165.896736413943,165.487316421896,167.687595712098,175.371120107962,170.580416482056,171.521486643438,170.114824440594,171.875,173.154394473839,172.658840570709,168.455821635012,172.578139980825,183.08631211857,187.514547351784,194.193134735291,199.162817551963,201.802884615385,195.9755078709,199.652777777778
"Kitsap","WA","Bremerton","53","035",239,198.915009041591,202.09637790283,200.652447506127,199.691991786448,200.090865296209,200.48973880597,201.413934151187,197.926093514329,194.866920152091,189.889549702634,188.496673959754,179.504990362527,177.491644120264,167.559296097934,163.388911027387,162.134935438931,161.964486363386,162.914691943128,162.47886342344,165.185950413223,174.321705426357,155.522168803419,152.803929235233,151.854349949119,149.70110491482,146.950102338358,146.780303030303,152.674079675393,164.456233421751,167.025862068966,168.067226890756,156.993154863503,149.72759244373,149.309012661413,157.080715321411,155.256557130921,157.067437251194,155.658785474166,158.620579655233,154.694623223384,163.470374584281,167.969821673525,162.678600233274,162.678600233274,166.666666666667,163.164893617021,150.954541681653,151.063829787234,149.521531100478,151.909722222222,155.263157894737,163.449367088608,172.438672438672,172.408611037261,169.309173272933,163.316761363636,164.429530201342,159.130618087693,148.936589726063,140.978422619048,145.106861642295,153.510033231084,164.470934313362,168.724279835391,176.031650641026,181.025208024078,184.929549114332,188.984881209503,184.640358641092,183.417774086379,184.673913043478,184.666501976285,184.466019417476,180.288461538462,181.923522595597,181.25,183.946488294314,193.84651092042,202.488687782805,207.685185185185,210.708377643862,206.801470588235,213.325540619521,209.996448863636,207.930367504836,209.684137003311,214.51588957732,223.394050230782,231.256186077202,242.410130648353,237.712678786694,240.349946977731,234.454673650282
"Brown","WI","Green Bay","55","009",240,100.32967032967,100.319275319275,100.546517041421,100.319275319275,100.319275319275,100.319275319275,100.321673307872,100.789473684211,99.6848739495798,99.3928881179532,98.3100715007945,96.5773809523809,96.7762349601762,94.4741532976827,93.7669558527186,92.7197802197802,91.6340444628556,89.8037365101749,86.9477911646586,87.5,86.28727388355,86.4754098360656,88.6752136752137,87.9807692307692,86.3128491620112,86.8669859985262,86.4817723553477,88.1557539056114,85.6672660480716,86.4822134387352,87.2107538667641,86.5278298350825,84.3276424515059,81.184668989547,85.1692800093963,83.1945495836488,86.3059593023256,87.8005451809712,87.4512429971989,86.0991379310345,86.8530411786929,88.1811994369422,89.1917293233083,87.6430205949657,87.3442012216189,89.1862007961079,89.1768702482463,89.4312789635838,88.6587771203156,88.3377218428765,91.015625,89.6581196581197,87.7106741573034,85.9020310633214,86.6546975546975,86.4878205128205,87.540192926045,86.5333333333333,86.4126232741617,89.5933014354067,86.8117145728447,88.3663489902428,90.6424581005587,88.3480825958702,92.4768518518518,90.0031565656566,91.1744791666667,93.7105562593844,93.5219933507605,97.1849446849447,94.150641025641,96.2491415766075,96.2491415766075,92.9521276595745,95.5804749340369,96.2083950950007,92.9399407532392,95.0276243093923,96.6666666666667,94.4608567208272,92.0622119815668,91.8395658056061,91.015625,96.7270194986072,91.7837837837838,90.7828282828283,96.0913753799392,104.330708661417,111.878185984948,111.515151515152,114.597173578961,110.080128205128,108.953297919433
"Alachua","FL","Gainesville","12","001",241,107.426045053725,104.058913033417,103.117944845547,101.388888888889,100.202429149798,98.8227804463337,98.3267716535433,99.1594786275637,95.830269157229,90.1284753137835,89.0958646616541,87.5,86.9040445883859,85.0782415895621,84.5588235294118,83.0913851406217,82.8571428571429,82.8025477707006,79.3499043977055,76.4262648008611,74.9771480804388,74.9220820011436,74.1726426439802,74.3006993006993,72.1971066907776,71.9257200815558,73.5789473684211,67.2682467891175,70.01414427157,68.0272108843537,68.2003841229193,66.6816918760454,62.5953728698672,64.8809523809524,69.9588477366255,70.7950631458094,69.375,71.6617226457423,75.390625,71.2129260734838,70.7692307692308,73,73,73.5766304441027,75.2608070964518,74.5659722222222,75.0250501002004,76.5758091993186,76.8666689890836,77.422480620155,77.615298087739,79,79.3070469798658,79,79,78.8561525129983,80.3825431034483,79,79,78.8011695906433,78.0381944444444,80.9222423146474,84.3439911797133,86.2663906142167,90.5077231121281,89.4414690130069,89.5284268141957,88.1306187555478,89.8145163102085,89.765625,88,87.4179325999651,86.5895953757225,93.3782081616746,93.4895833333333,91.4788732394366,95.956547978274,92.7857142857143,90.558912386707,93.9812329226787,93.3599068942452,95.8333333333333,95.8333333333333,95.9401709401709,95.5194939247375,98.3606557377049,102.202989771833,107.932489451477,103.118370915125,103.062392892117,99.5568127830938,103.513621794872,102.817931060314
"Hinds","MS","Jackson","28","049",242,,,,,,,,,,,,,,,,,,,,,,,,,,,,,,,,,,,,,,,,,,,,,,,,,,,,,,,,,,,,,,,,,,,,,,,,,,,,75.1693873938292,72.7028957749508,71.2710765239948,71.3333333333333,71.1428571428571,71.126077906631,73.096913203969,71.3333333333333,71.126077906631,69.7864211767304,71.2413768888193,76.6839378238342,75.2827071649869,80.226904376013,73.4477124183007,72.3731884057971,73.4477124183007,72.4119967073708
"Harford","MD","Baltimore","24","025",243,151.720647773279,148.930296756384,148.328784741828,148.930296756384,148.328784741828,147.340527119939,147.340527119939,149.839449541284,151.912955465587,151.912955465587,148.198199169806,147.743622777356,146.316374075571,135.990357681534,127.551020408163,133.348220155912,139.428607686072,139.605578033683,137.822529893014,137.898995007857,138.088853656855,141.753246753247,141.691503801778,141.62976085031,135,133.369103353981,133.206397562833,133.094262295082,133.689839572193,132.135714285714,132.135714285714,131.552596819697,127.673247778875,127.673247778875,130.130262345994,130.761994355597,118.226785980227,118.226785980227,120.527069457659,123.5,120.785386358216,124.024822695035,124.278606965174,127.579162410623,123.574144486692,122.964960037139,119.583191532065,125,128.364389233954,133.939414011614,132.022356187845,129.129706762418,129.952158869697,125.905797101449,127.811860940695,128.172081146262,128.599801390268,124.647224835372,128.723701859968,127.364513383146,124.254473161034,129.595728451564,132.993078175896,131.25,132.906227883935,136.322873404092,136.881224086488,145.758541176087,141,133.587786259542,131.499202551834,135.047951176983,134.649910233393,134.40828845003,134.791666666667,139.022556390977,142.764880952381,134.724516704204,137.955056179775,140.178571428571,134.555831826401,126.701030927835,125.83596214511,125.234358569926,128.567906768265,130.264561115669,131.58524028235,131.58524028235,130.611927013796,131.125711474949,140.242792792793,141.126126126126,141.350210970464
"Yakima","WA","Yakima","53","077",244,118.055555555556,116.86143572621,118.478260869565,116.177957532861,116.177957532861,114.806017418844,114.806017418844,114.638336672598,114.775590095564,111.44883485309,105.490196078431,104.938271604938,105.480238970588,107.665805340224,107.665805340224,104.989495798319,104.989495798319,103.65296803653,104.879328436516,104.934412117418,104.989495798319,104.804804804805,101.279910962716,101.025505157553,100.860534124629,100.733665120567,106.55737704918,106.727430555556,109.245511049724,107.932823858341,112.727732793522,115.690238079934,106.973058637084,112.35119047619,109.905698315036,113.866396761134,111.98754110425,109.121621621622,111.364421115985,111.78671655753,111.920667183076,111.886816761684,112.105263157895,112.052631578947,112.105263157895,112.229643765903,106.382978723404,110.461844063188,105.865920496871,107.719298245614,110.334448160535,109.604297234427,110.334448160535,111.507582515611,113.636363636364,117.041198501873,115.629984051037,111.940298507463,113.182769420919,106.481481481481,105.341246290801,112.848407281001,117.272727272727,117.272727272727,116.826018808777,117.313915857605,117.1875,115.862732095491,118.933982683983,115.346153846154,112.400455062571,115.357967667436,112.047765410073,110.840964283918,111.36712749616,112.371134020619,112.141308780289,115.995291345705,116.315995065789,118.560915780867,120.332903703439,120.482031196317,117.276438982871,111.662002487562,111.804615329583,111.865671641791,118.135808951045,122.716894977169,126.736179908857,130.375782881002,130.978808845004,130.978808845004,133.864795918367
"Norfolk City","VA","Virginia Beach","51","710",245,144.791666666667,144.955200087951,148.170399515738,162.895569620253,160.176282051282,158.881578947368,156.518168273552,150.996978851964,152.854511970534,146.974489600385,139.782675178715,138.023431846746,136.951754385965,135.702875399361,132.488479262673,127.819894829097,126.149631324689,127.749360613811,125.490196078431,124.073018115759,126.795977011494,128.330003330003,123.984962406015,123.151408450704,118.24244966443,121.340336134454,124.591189039718,131.481481481481,128.755364806867,131.805555555556,138.194444444444,131.625441696113,132.413568166993,137.630639097744,136.213991769547,135.033129459735,136.908603685934,138.138888888889,137.683823529412,138.936725375082,139.042609831881,138.936725375082,134.52380952381,134.098958333333,131.436009020755,133.254901960784,130.260707635009,136.09756097561,130.875876232364,132.926829268293,140.752864157119,143.031040779063,144.323224852071,146.334072431633,144.323224852071,144.323224852071,143.198090692124,142.039225166556,139.365864325243,139.268233472749,136.446910511364,134.548611111111,137.069737781084,139.31475029036,139.262295081967,129.723529411765,137.002802975822,137.588286713287,137.236962488564,127.504553734062,124.228675136116,126.077506839226,125.9765625,128.748707342296,129.05630633387,133.839285714286,138.668779714739,136.209935897436,133.839285714286,135.152108630369,135.294117647059,136.779505946935,136.779505946935,139.964994165694,141.666666666667,142.857142857143,142.857142857143,143.149284253579,147.113815924482,147.000812159183,148.334045357122,144.472789115646,147.985602603559
"Mahoning","OH","Youngstown","39","099",246,49.6517412935323,47.6190476190476,51.9381009615385,59.1264061989451,59.1264061989451,59.6019900497512,59.0277777777778,58.9139344262295,59.0729783037475,56.6169154228856,54.2145593869732,49.6517412935323,45.5503378022174,45.4211996743635,45.2628391472868,45.5503378022174,49.8533724340176,50.3322285353535,48.635477582846,50.659381246198,52.6072413972617,53.1496062992126,56.6737288135593,55.2523272124458,58.7641117052882,55.4166666666667,54.2327500838226,56.6737288135593,54.1557941158518,56.4291101055807,58.531746031746,54.32,52.7597402597403,51.8711018711019,58.1944444444444,57.8496588693957,56.433450626364,56.433450626364,56.6733103497809,56.7935094361269,59.2372881355932,59.1597796143251,60.1750547045952,59.2143021120294,62.3244929797192,60.2838543444133,57.8252032520325,56.0165181384463,55.0411522633745,56.6964285714286,61.1607142857143,64.7222222222222,65.8263888888889,65.9560293137908,63.3507042751982,61.153556836098,58.8345913511516,53.3829565901934,52.0833333333333,49.6031746031746,51.8772997032641,49.5567375886525,46.1805555555556,49.5567375886525,54.4467761333235,58.5635416666667,61.3439306358381,58.2666666666667,61.1693534673333,59.4594594594595,57.3401254569624,54.9978037961923,54.7138047138047,57.7922077922078,58.0246913580247,59.5270405303307,60.4032258064516,59.9837662337662,59.6770837437453,59.5647193585338,56.7234848484849,55.1428571428571,54.1666666666667,55.1428571428571,54.4633700542543,57.6241134751773,59.1064814814815,59.6467391304348,59.9837233448988,60.4602510460251,60.7057733050847,65.1086956521739,60.2083333333333
"Buncombe","NC","Asheville","37","021",247,126.178451178451,120.265830346475,118.6,117.645890075096,117.561424205051,114.508161512027,116.084060093077,116.194483981473,112.091647649263,112.552966101695,111.293859649123,108.440514469453,107.743560868561,106.010928961749,98.9884393063584,95.383275261324,97.9358805445762,98.2035767110394,100.519206853255,100.962666365892,99.6417464046946,97.4790499994991,98.0392156862745,94.436134953684,96.7016491754123,94.8041237113402,95.783217176259,96.2897526501767,95.4565321456074,96.6188010748147,97.7969451134601,99.7536945812808,99.072808320951,99.8944444444444,103.135313531353,101.754385964912,100.380812712147,100.380812712147,99.269588313413,99.9408284023669,100.027639751553,100.365408720566,100.429135922235,100.065778704675,99.4821477241755,95.734126984127,93.4013522010742,93.2753451286613,93.2251241938361,93.5351087470036,96.7174677608441,102.536665640626,104.593468232334,105.287637698898,105.377906976744,105.769230769231,106.70409492225,106.768350810296,103.850855745721,103.850855745721,104.954954954955,104.954954954955,111.016949152542,112.798690904933,113.524185587364,116.338391308171,116.148579685342,116.059995381741,112.71676300578,118.722253690229,123.239436619718,126.157218493329,125.974866268817,126.447859163047,130.012404441558,131.596269884805,133.891493636973,137.632225856285,139.847630068952,137.735006252992,133.536818008394,139.357429718875,136.876006441224,135.508621465434,138.13155386082,138.13155386082,146.163063777943,150.229967610731,149.098750258129,151.147888727542,151.467395349332,151.646447140381,165.426520604287
"Washington","MN","Minneapolis-St Paul","27","163",248,121.796657381616,121.193666260658,118.841316942207,120.124521072797,119.487577639752,116.914893617021,117.613636363636,111.852727307858,107.421254801536,104.733727810651,104.166666666667,102.373247033441,99.5647130647131,97.9848998066022,92.3970432946146,92.2671353251318,95.1587301587302,92.1749684741488,92.2646110108797,91.3822115384615,90.3100361280153,86.2515413070284,82.6768873340784,78.996282527881,77.7467411545624,77.6175338880425,80.3182989117846,80.7937285644292,82.9349269588313,86.71875,86.5841584158416,87.4640200024393,89.2761394101877,94.5271491168632,110.713134500543,114.114903509455,109.879213923332,109.659714599341,111.18474672444,111.018518518519,115.057573073516,115.747621268797,115.391711771677,117.142857142857,118.500948766603,115.485362095532,115.307692307692,112.416666666667,108.702951654437,111.041666666667,117.438668311094,119.685536016437,125.934065934066,126.156433978133,126.175079199162,126.156433978133,125.532461014519,127.2,129.395163237709,128.787878787879,128.571428571429,133.917475728155,129.169849758085,133.606110201855,133.565621370499,131.82527301092,134.839650145773,138.218478535375,138.384470882905,134.5894673848,138.88952100014,144.333333333333,145.132329869716,130.679837303893,134.644638548496,135.416666666667,140.281030444965,139.05325443787,142.817994356414,141.162227602906,152.770653257207,145.507487520799,155.086206896552,162.403297108123,177.918816903489,183.066361556064,170.393600322247,168.707156607562,170.849609375,172.574626865672,179.434447300771,181.292517006803,183.736059479554
"Cumberland","PA","Harrisburg","42","041",249,117.44292873475,117.409465640598,117.227319062181,117.754477713973,113.560606060606,113.076461769115,113.450619328241,113.872180557441,113.5579004329,113.014910376979,113.044624956218,113.201600555382,112.876506024096,112.86580983023,113.313609467456,112.163934294743,112.995337995338,113.991841491841,113.245141107561,113.356441917102,111.464733320769,111.723660291245,112.744061996779,112.570450885668,111.486486486486,110.863095238095,110.516994266994,109.392655367232,108.257575757576,109.609250398724,107.758620689655,106.220472440945,105.984848484848,107.91174863388,109.618441971383,109.897360703812,108.40108401084,109.717832623106,106.3284233497,107.804049395336,108.506944444444,110.539977274391,109.126984126984,110.577441985969,110.72491728904,112.071240105541,109.896496815287,111.886660272324,112.652708101078,111.886660272324,112.198795180723,112.428355071612,113.032121985405,111.972945924662,109.030303030303,108.34594577647,110.220588235294,111.772644260528,113.721432495536,112.012550425818,113.466135458167,112.293991815476,110.083210964268,110.232534033584,110.265006385696,110.16359508547,111.714975845411,110.414570378745,112.213836519102,110.553278688525,111.146496815287,111.714975845411,109.837962962963,109.895833333333,110.57569098151,111.642611889647,110.630342506053,111.496793854358,112.602459016393,112.541390728477,111,110.101600985222,108.023872679045,108.023872679045,108.420138888889,106.40045382794,109.561403508772,112.760416666667,114.743938288646,114.831814702583,119.54261954262,119.460641399417,115.199161425577
"McLennan","TX","Waco","48","309",250,,,,,,,,,,,,,,,,,,,,,,,,,,,,,,,,,,,,,,,,,,,,,,,,,,,,,,,,,,,,,,,67.4261603375527,62.6854599406528,64.8427102385099,65.1670262034186,66.9280189313779,69.4062593988288,68.1054204767514,66.247582205029,65.2439024390244,67.5913396481732,68.46447324289,66,71.1318795430945,71.7195925704014,71.1318795430945,71.4285714285714,69.9912510936133,70.5301178205373,71.2041351308735,71.3095238095238,72.8125,73.6895367903259,74.6918337283187,71.4285714285714,77.7898737773613,75.9607513189012,84.9489795918367,84.8214285714286,78.0487595942982,75.5494505494506,74.2138023658247
"Oneida","NY","Utica","36","065",251,93.823329831013,89.9882407312314,89.9230769230769,93.3978448653863,86.8115942028985,85.7243319268636,86.2850971922246,86.7871269093653,85.2373887240356,85.1186943620178,81.7916666666667,81.6346153846154,82.712215320911,81.5217391304348,82.7529761904762,83.2142857142857,82.2928921568627,82.2928921568627,88.1617647058823,88.85848785396,88.9391979301423,86.7972883597884,86.7972883597884,81.9224467504096,81.6346153846154,82.5929752066116,82.1440190741295,84.2261904761905,82.3260073260073,82.131861682918,87.0390149829402,87.5700934579439,85.998517881048,85.6401384083045,90.7944514501892,88.9265069790821,85.3351966873706,79.4978013728014,79.8474945533769,80.9150579150579,93.5285160575858,96.5073529411765,95.6172490132831,93.75,89.9569632495164,91.2302070645554,89.0196078431373,87.7825121984278,88.2488479262673,83.1944444444444,80.8786422221701,79.265873015873,84.2261904761905,79.9678436330196,82.3692358872,84.2261904761905,85.782967032967,84.1130952380952,87.8661899614756,88.890754492232,84.4748858447489,80.808168368848,82.6403326403326,92.3344947735192,84.7101449275362,84.5679012345679,85.1742031134173,85.7385492181786,82.0420223243598,81.6736985125858,81.1339198435973,79.9,77.7138157894737,83.2407407407407,88.3550548683963,84.1711956521739,87.7233877233877,88.6801205223139,88.4326117852628,87.9833707958708,88.7321763602251,86.5885416666667,85.5928239409856,85.5928239409856,82.7380952380952,76.0969976905312,78.2361308677098,80.9027777777778,88.9705882352941,95.3607174988754,98.0293214521544,99.390625,97.5260416666667
"Weber","UT","Ogden","49","057",252,107.675438596491,105.846774193548,106.388012618297,107.157298827335,106.591205891907,104.428044280443,102.283890887761,99.5532468526384,100.538751047671,101.78380297073,98.134328358209,95.5357142857143,91.5089749134948,92.28515625,92.1488830798479,86.1097380128522,83.6501901140684,82.0945945945946,81.1612903225806,80.7130004498426,77.991452991453,77.6970954356846,76.8912657255354,79.6436469738516,82.0592286501377,79.4892915980231,79.050395256917,86.9565217391304,82.7046918123275,81.3291900561347,79.8319327731092,79.58984375,82.0968733386497,82.038813742966,85.7379039008873,86.6279894774759,86.8686868686869,87.9249706916764,87.79296875,91.4962325080732,87.9249706916764,88.3325043775678,94.1280241935484,92.7083333333333,94.3014705882353,95.7905026559119,95.4555860805861,95.371140537663,93.6594202898551,92.1411650239012,93.5180923381957,92.2909880564604,94.5767195767196,94.5098875661376,95.9839860886293,95.9743824336688,95.9935897435897,100.372023809524,99.2902208201893,98.5804416403786,101.549773755656,100.781285487168,97.7496483825598,99.6277915632754,106.466876971609,108.14364133693,111.01537147737,108.64457926752,111.159944190766,110.887096774194,111.068702290076,110.909090909091,104.954954954955,106.904326123128,106.643356643357,117.157471431781,113.151927437642,111.111111111111,119.933429747137,122.809349798387,123.598208213832,131.578947368421,131.723002520965,135.313186154215,135.938138785602,138.958019105078,137.443996415771,139.86013986014,145.563081554461,145.833333333333,148.380717418546,149.325892857143,149.57264957265
"Lake","OH","Cleveland","39","085",253,91.719802215636,93.4814095022673,93.9655172413793,93.6658270792639,89.7875816993464,88.6290322580645,88.2062146892655,88.4877384196185,87.3655913978495,86.4197530864197,83.7080964226487,82.201646090535,82.0034419603385,81.6973415132924,78.491207249973,78.6247877758913,78.4757505773672,79.7608424607368,78.0133928571429,78.1527531083481,78.2915360501567,77.6909722222222,75.465351182808,75.4884547069272,75.4227053140097,73.852140077821,74.2132867132867,74.0287303058387,74.9166666666667,74.0853658536585,74.3820790491229,75.5144032921811,75.273390036452,74.9900210084034,77.2727272727273,75.8744855967078,75.2688172043011,75.1344086021505,75.3228120516499,76.8005494505495,79.1139240506329,78.8944723618091,80.5376344086021,80.4172274562584,80.6901615271659,79.0348101265823,80.6901615271659,80.6901615271659,78.4401226467062,77.0258236865539,78.7433464858853,80.5751568100358,79.9428571428572,78.9889415481832,79.3843963751259,79.3775720164609,81.3314833601878,79.8857142857143,80.7369101486749,76.8938536953243,77.4402068519716,78.125,78.1211797066015,79.265873015873,80.7070707070707,79.0778657616893,79.4056637806638,78.9194144640823,80.9027777777778,80.3977272727273,78.7968441814596,79.1939375450663,78.8973384030418,80.9734513274336,83.7528935185185,83.9452517793104,84.164126222251,85.171568627451,84.304452834379,84.0214067278287,86.1111111111111,85.6428571428571,86.8831491876801,86.3617013894449,87.2141372141372,87.7090301003344,87.7090301003344,87.5409836065574,88.4132420091324,90.301724137931,88.8081191383867,86.2096774193548,88.3708467309753
"Montgomery","AL","Montgomery","01","101",254,,,,,,,,,,,,,,,,,,,,,,,,,,,,,77.7037037037037,71.7157214644652,61.77378676861,60.1450749632226,59.8250336473755,56.8576502043666,49.8991935483871,55.1758793969849,51.9366197183099,57.6719891102372,60.4444444444444,56.782334384858,57.6719891102372,57.6719891102372,62.3131308506797,56.9857617870236,54.4520547945205,56.782334384858,59.581881533101,70.1795472287276,68.359375,71.9016083254494,72.0926089509383,69.281045751634,69.8610871316759,72.3145654608216,73.3922434953363,73.2663316582915,65.1754385964912,69.2944677871149,65.1754385964912,66.7793744716822,72.007722007722,65.7238139728018,66.0185967878276,66.1764705882353,65.8073180132004,67.2764900662252,72.3456484688548,66.2739322533137,63.464447806354,64.9834437086093,64.2239457574816,65.7644491270319,64.9834437086093,59,64.9834437086093,67.3701298701299,65.8917418459403,66.9337863308251,73.2600732600733,65.3423305081201,65.4205607476636,58.7526115859449,63.4333925399645,61.5811300817845,65.4205607476636,66.1193712829227,66.8181818181818,69.1394658753709,68.0522428932351,67.8168266612859,66.8181818181818,66.6836698358437,64.5817044566067
"Chesapeake City","VA","Virginia Beach","51","550",255,139.633036352637,140.130194041954,139.400278940028,139.485294117647,138.59649122807,135.955882352941,135.040322580645,134.125766871166,131.081081081081,130.732375085558,129.298831385643,127.665198237885,126.940298507463,126.536514822849,124.526873580621,120.812215107213,120.240737531096,119.354444591203,117.621145374449,116.493955094991,115.618221258134,114.605929139552,114.908370480436,115.295460390947,114.678899082569,113.053725579282,113.204225352113,111.953561576006,113.458806818182,110.490557346845,110.576923076923,109.081086119051,111.351297584516,110.576923076923,112.100611828688,110.465415746873,107.626715636481,111.772136900259,114.527286702537,114.605929139552,118.801458717556,118.952380952381,118.643099932019,115.030674846626,116.726171912807,116.933658536585,115.153002332137,114.284761904762,117.615384615385,115.699192334903,116.08138238573,116.162420382166,114.832535885167,117.03511053316,117.713004484305,115.686396531515,114.628820960699,114.723285282251,113.390928725702,112.965425531915,110.268378063011,115.439672801636,113.733905579399,121.985294117647,122.083981337481,122.977566281441,122.730311666074,121.702081715781,120.751988430947,119.305856832972,119.298463522144,117.631263031528,118.061674008811,120.106761565836,121.008179213761,119.479962230291,119.961514164118,120.216103618445,120.457604306864,119.822485207101,120.391969320335,122.083981337481,119.668357621842,122.579671471148,125,126.457055214724,127.953084591538,126.715945089757,127.473285506447,127.527216174184,127.485830309314,127.07182320442,127.449882596896
"Clay","MO","Kansas City","29","047",256,101.323606829935,101.437356979405,103.350090837846,102.189333007465,100.915105311793,100.428789777203,100,100.883838383838,97.8898007033998,96.2145110410095,95.9367945823928,95.3646898432174,91.9563735514656,91.4187643020595,87.4296580806822,89.8457583547558,89.2857142857143,87.6567975217104,86.8421052631579,85.673318759843,87.6288659793814,88.4364370748299,88.2337345944397,86.2068965517241,81.8501170960187,79.4927536231884,81.7698561601001,83.3152587519026,85.1136363636364,82.5,78.9275634995296,76.7411545623836,75.7408683666437,75.2479872985542,82.171835839599,79.1583166332665,86.4639151750086,86.6622518823456,85.2941176470588,91.1016949152542,92.0506912442396,93.1990488307974,95.3513097072419,95.4125470809793,95.2971316726259,96.9827586206897,90.9090909090909,90.9090909090909,93.0599369085173,93.5580524344569,91.015625,91.3052262931034,91.8741668553032,92.2273176625659,91.5948275862069,90.4732139756621,90.4561094326955,92.8423236514523,93.1477516059957,92.8423236514523,90.1225666906994,95.3279575989286,101.183780435119,103.125,100.953955350643,96.9467267561878,97.3096338124572,93.5714285714286,95.0523311132255,95.4861111111111,95.2467537919069,93.8110782265553,98.0379901960784,100.174216027875,101.227066871057,102.910003375599,105.392731535756,109.427609427609,107.421875,105.381620702064,105.89106942788,106.565064478312,109.52380952381,113.636363636364,121.046603747589,115.02557544757,117.331994514107,118.821738970993,120.432303335823,127.609512463343,134.488448844884,137.032710280374,131.88202247191
"Butte","CA","Chico","06","007",257,,,,,,,,,,,,,,,,,,,,,,,,,,,,,,,,,,,,,,,,,,,,,,,120.121951219512,116.584158415842,114.503205128205,112.381094267041,111.607142857143,114.423076923077,116.428571428571,122.746110784647,125.872093023256,125.933333333333,125.933333333333,125.153562653563,125.592417061611,127.115111580327,126.713241185897,128.205128205128,126.915708812261,125,125,121.730769230769,130.503476679504,130.264611984283,129.409906025568,129.335634167386,128.764731558272,126.157407407407,130.325581696147,128.291753291753,129.651968011437,134.892086330935,137.205600408315,139.325868822551,139.88951213307,139.678510998308,143.129770992366,143.2,142.965204236006,145.899893503727,143.700787401575,145.335199009893,141.104294478528,144.952526319011,151.017738801136,153.559322033898,157.570422535211,154.862577421171,150.880541463576
"Saratoga","NY","Albany","36","091",258,158.25,160.282258064516,160.426314867199,158.234660925727,158.25,156.15866388309,154.662655779974,157.364341085271,157.261346247625,156.152125279642,158.457263295496,155.535607420706,157.53064798599,160.12157078873,160.269474637681,154.532677442024,155.535607420706,157.180293501048,155.669144981413,158.210250816846,157.199397824398,153.617203144665,155.196722963187,155.974165769645,154.532677442024,152.911808404953,154.587767292441,157.519396658849,157.545605306799,157.545605306799,160.146862483311,151.720647773279,153.60539868467,156.700882183197,161.636853448276,161.147660818713,161.270253809982,156.081808396125,157.072691552063,161.996863565081,162.494926948052,163.37176480806,160.9873024864,159.477523141352,159.987195902689,156.322795341098,155.043636371334,154.574978169405,151.186825053996,146.754250386399,146.754250386399,151.15634110946,153.86983289358,157.189277010561,156.365201947637,158.907141590042,161.680181558548,160.526315789474,157.52480380117,155.462933836636,156.685913720863,166.597077244259,168.308823529412,169.928162034881,168.177787622443,169.001610305958,164.512844611529,162.760416666667,162.67539756782,162.222975262623,159.007989895699,159.082397003745,155.701754385965,155.975877192982,162.162162162162,163.849899811572,161.107008592911,158.709016393443,158.709016393443,163.187554610527,168.952491026637,165.598290598291,170.055693069307,169.56637368841,169.237254910696,171.892189218922,168.503289473684,173.076923076923,173.791250959325,173.939014677438,175.735714285714,178.125,184.042492595124
"Niagara","NY","Buffalo","36","063",259,,,,,,,,,,,,,,,,,,,,,,,,,,,,,,,,,,,,,78.792258181405,72.3522982512434,71.25,72.0108695652174,72.0108695652174,72.8805198191933,75.5508551673945,73.0129390018484,77.4463007159904,79.1666666666667,71.647619047619,68.7121062992126,71.1797307996833,71.8090892330383,70.8216417910448,68.3490566037736,70.8216417910448,67.9046870320455,69.6875,70.1939655172414,70.9280303030303,72.7684985632184,69.5931814489929,64.2605314675174,65.5361050328228,63.671875,63.6656746031746,65.5361050328228,67.3376941299217,68.9969604863222,67.9139887651542,65.2763888888889,62.3998397435897,60.5050505050505,61.3563919095087,62.3611111111111,62.300887505763,59.3031875463306,60.5050505050505,62.300887505763,67.629179331307,73.4905650228075,71.0232476940038,73.3522727272727,69.1368078175896,66.9861111111111,70.8138149814537,72.0338983050847,70.8061002178649,65.0651465798046,71.6278409090909,67.6041666666667,70.8061002178649,81.0138888888889,87.6865671641791,93.59375,89.9586886993604
"Barnstable","MA","Cape Cod","25","001",260,264.054514480409,262.538614298323,260.300925925926,253.818181818182,251.798561151079,246.666666666667,243.592057761733,242.117117117117,240.838918073201,242.117117117117,241.048824593128,239.423076923077,235.016835016835,231.996500370616,231.04145163109,231.141199226306,232.230392156863,234.274069319641,235.404896421846,231.697819314642,232.071428571429,229.978432782171,227.975637424373,231.06936416185,230.006577502197,228.1171875,226.120178840767,226.071428571429,227.374571183533,229.894344313238,231.42509135201,233.511348464619,238.895558223289,240.617070895522,242.44966442953,243.485342019544,247.747747747748,250.686813186813,244.9375,247.246696035242,248.125,252.524410774411,266.006097560976,264.891261043283,267.125,265.449438202247,268.465909090909,266.729421684645,264.583981740844,267.125,265.729500381388,265.645805592543,264.98277573643,271.747572815534,265.450698418857,268.811668234978,270.971110337626,275.558875424462,278.182597513931,275.622839295607,273.623592010842,269.22515060241,267.4375,265.185185185185,275.25270103232,275.902335456476,276.671388101983,276.676109537299,279.455882352941,281.190178942988,282.801418439716,283.375796178344,280.193236714976,283.495873968492,288.757748875653,286.637931034483,286.885245901639,285.010201825819,288.378143972246,289.190792623287,290.431840551181,289.434523809524,288.020536223617,285.026041666667,284.567577030812,287.009041749404,287.698412698413,289.249146757679,287.730061349693,289.202194820546,288.365384615385,288.678674328174,290.840517241379
"Lackawanna","PA","Scranton","42","069",261,,,,,,,,,,,,,,,,,,,,,,,,,,,,,,,,,,,,,,,,,,,,,,,,,,,,,,,,,,,,,,,,,,,,,,,,,88.7902370003537,88.7902370003537,93.1770833333333,92.0554435483871,92.0554435483871,95.7916666666667,89.5454545454545,88.7307692307692,90.9052987062405,83.4553440702782,77.0708478513357,83.3333333333333,83.3943387018058,84.688995215311,90,89.0208333333333,85.8901515151515,89.9038461538462,89.9038461538462,87.3015873015873,99.4029850746269
"Cherokee","GA","Atlanta","13","057",262,,,,,,,,,,,,,,,,,,,,,,,,,,,,,,,,,,,,,,,,,,,,,,125.900805426028,107.649695508169,105.178281107325,108.608695652174,111.191566384554,102.840193738725,101.432384897135,100.276816608997,107.253886010363,116.330202041581,117.544684854186,115.109427609428,120.954268536809,118.299246501615,115.068191362109,115.154541182502,111.872731830366,111.607142857143,108.605072463768,107.686453576865,112.131837307153,112.759548611111,115.635661609606,115,121.402877697842,124.131082423039,125.20030372853,131.163235998085,119.497450402358,126.4597194832,136.074872376631,137.930459770115,134.989200863931,129.966887417219,129.831386463529,132.919738863287,139.694323144105,138.388923851479,141.902173913043,149.122807017544,144.199060752823,145.596590909091,149.122807017544,146.529368690484,143.436768149883,147.823547562373,150.167426185886,149.925870904704
"Warren","OH","Cincinnati","39","165",263,105.033103371537,102.882636910415,101.31845841785,102.332677165354,99.3377483443709,99.2703234475478,97.4115615940072,96.8680089485459,99.3492718994582,99.3607954545455,99.9405122436619,98.2851985559567,96.6412213740458,94.4838455476753,93.8985736925515,93.1800158604282,94.9730292672506,93.1291390728477,91.5521628498728,91.4569031273837,92.318618679555,91.905818839027,91.1764705882353,90.0578908734351,89.9774774774775,91.1779617537314,91.8079096045198,93.1445603576751,92.1044365279094,93.1372549019608,92.9140832595217,94.0847004015401,93.9863064092579,94.1508159837555,93.9863064092579,95.0082587537848,94.9111470113086,94.0847004015401,95.1342486356665,95.105370496261,95.4163483575248,94.8102678571429,99.97033676017,95.3205995041695,97.0439189189189,97.5734348322571,98.2757999197573,101.124437781109,101.311577738836,101.133603238866,101.11412937217,98.5691573926868,99.2549668874172,106.547152360588,102.180378377881,106.375969146818,107.512060647829,110.530973451327,111.562299357945,111.037037037037,111.822479066772,110.664479081214,112.661562815579,115.307692307692,113.043272725788,111.92,109.311740890688,108.684960798289,117.309039943938,111.111111111111,113.309330894324,114.25246433368,118.867924528302,110.325850438819,104.749178720924,109.628275441804,114.375655823715,113.636363636364,119.913686806412,111.65991902834,112.86868942572,112.783839342188,112.033195020747,112.323908122215,122.468113654302,120.055865921788,124.321266968326,125.953813426979,123.179139072848,124.717765894236,130.334051724138,130.779246016323,129.209737827715
"Linn","IA","Cedar Rapids","19","113",264,103.155339805825,99.6357012750455,100.694444444444,99.6357012750455,98.6293963878327,100.694444444444,105.871407675099,107.231002381468,99.403281949279,99.4043186895011,98.828125,98.517427709968,96.1977186311787,96.4200934353716,96.6424682395644,97.8053435114504,95.1875407697325,95.983379501385,96.961038961039,97.8997660280383,95.3947368421053,91.4547304170905,90.5170939343479,95.4427083333333,94.233317998598,94.5195715275352,91.2074439470499,91.9520547945205,92.8677563150074,95.5911166795489,96.8975360576923,92.3454446854664,92.2585227272727,92.1124593799753,95.2813067150635,93.0007446016381,93.0838864006021,93.4803451581975,92.7734375,93.5738980121003,92.9289437293905,92.8571428571429,93.6631944444444,95.3919604700855,94.2307692307692,92.1474358974359,92.1474358974359,93.9704356846473,94.527027027027,92.1898047722343,91.0943096524085,92.0379828258719,91.6708770157046,91.4835164835165,91.3999653890994,91.1910133632046,89.8395786718794,95.3362255965293,100.521221146687,101.049618320611,98.5534050488577,99.1412213740458,99.0566037735849,96.8781939305057,95.748502994012,94.281045751634,95.1776649746193,93.75,95.9615384615385,99.2788461538462,104.358935080442,109.589183301058,106.478034251675,110.236220472441,119.766839378238,119.798868636078,115.384615384615,115.579846870427,119.798868636078,123.069001029866,124.223907209743,123.572902338377,123.572902338377,123.90873015873,123.567266647572,124.788669064748,127.535337114923,125.961538461538,126.466648334381,126.681614349776,126.681614349776,125.576471726761,127.985611510791
"Yavapai","AZ","Prescott","04","025",265,,,,,,,,,,,,,,,,,,,,,,,,,,,,,,,,,,,,,,,,,,,107.174887892377,111.368243243243,112.781954887218,118.333333333333,112.954545454545,114.365433673469,125.935398313915,125.379939209726,118.621628072508,121.829112357697,132.560127664425,133.393829401089,133.254172176839,131.687242798354,118.291598248495,113.602550478215,121.323529411765,122.762008733624,123.53515625,122.552574329224,121.742112482853,132.502175914302,131.400417368561,129.253112033195,135.726327058899,138.493975903614,144.75271411339,145.958920480008,151.838025449906,147.78412132025,144.75271411339,145.08064516129,148.980453044492,152.429683763749,146.625290923196,152.420343137255,147.279182816926,147.046632124352,145.851851851852,146.717665820478,154.416846277112,151.100329740859,147.333333333333,152.418431674076,158.586382177748,166.07481700468,166.07481700468,167.327922721901,169.051878354204,165.393645699962,164.073767671369
"Trumbull","OH","Youngstown","39","155",266,66.9991687448046,64.7517767225445,63.3286318758815,62.9201680672269,63.3286318758815,60.2812718378756,59.1377591706539,60.9375,60.7913306451613,59.9759615384615,59.9379807692308,57.6036866359447,56.7045454545455,54.3260362649219,52.3622047244095,53.4523809523809,51.5419020715631,52.6685393258427,55.2895394881851,54.8908586695824,55.6101190476191,59.3609074678563,59.8557692307692,60.78125,59.8758012820513,54.3445611279083,54.4597299785317,57.5961538461538,53.3393866020985,56.6202090592335,53.5714285714286,53.2475490196078,52.175031903879,50.6756756756757,58.1325301204819,55.8039552880482,53.9354608240057,51.9285871721402,53.8461538461538,56.7307692307692,56.4971751412429,56.6579545454545,56.4971751412429,56.2453258547009,58.1632653061224,58.1632653061224,58.1649659863946,58.6764705882353,57.6923076923077,58.2010582010582,58.2229437229437,58.1666666666667,57.0884146341463,55.8467246547742,55.7530189109137,55.9290382819795,56.8461155961156,56.3536221060493,52.5,51.4705882352941,51.6241830065359,51.1284486042336,52.3919991623204,51.854713554565,55.565371024735,57.349537037037,57.511676048295,57.5641025641026,55.2884615384615,55.0750511318335,55.3822407907054,55.1167582417582,54.6785334977817,54.6785334977817,55.6218905472637,55.9290382819795,58.0282950526271,59.0277777777778,58.0645161290323,56.4484126984127,58.8395285584769,59.0277777777778,55.5,55.8581349206349,55.8581349206349,54.5441630912248,54.1516245487365,54.7675380349945,57.027972027972,59.5238095238095,58.8942307692308,54.9773755656109,55.4444444444444
"Dona Ana","NM","Las Cruces","35","013",267,122.367346938776,123.372739144254,123.429416112343,120.327835880933,119.115144639818,119.427336574824,117.762023347343,114.916598206718,114.255464926591,114.539449541284,113.435237329043,111.836734693878,115.47619047619,113.435237329043,110.763273345868,106.87432867884,107.671503957784,107.406585312225,106.422018348624,103.492471538744,102.752293577982,101.432532347505,104.166666666667,104.166666666667,105.167493796526,104.972375690608,105.167493796526,103.901098901099,104.612993623795,104.724993815453,104.477611940299,101.130257975162,100.661411074034,101.153504880213,104.14969938598,104.524033930254,104.972375690608,105.15368164183,106.752136752137,108.207587199878,108.599109966599,105.41805274551,106.155686500159,105.13468013468,105.13468013468,107.956303526797,104.910106527806,103.957075788062,103.796916548305,103.027436140019,105.917159763314,102.59319286872,101.679929266136,101.791698147684,99.5475113122172,100.965724305474,100.920810313076,102.040816326531,99.2626205331821,97.3918575063613,96.4041640580521,95.6136553186067,96.0866526904263,95.9028831562974,99.5451998250506,98.932384341637,99.5024875621891,100.557103064067,102.13556174559,102.63085326404,104.035146509539,106.937269372694,107.615679832531,107.450076804916,106.576862123613,105.494417375113,108.395291201983,107.987816258209,108.904388252313,107.677571470675,104.794129579926,102.558111503241,102.311169032831,103.510028653295,107.800829875519,107.800829875519,107.977988284353,106.881851400731,105.349794238683,104.804853170129,104.675596022317,106.435730592362,109.963099630996
"Washington","PA","Pittsburgh","42","125",268,71.3488778298619,62.1650589496249,61.3553113553114,68.9583333333333,74.9103179684166,81.4384920634921,85.3866120536963,86.7015967622341,84.0261560018683,86.2939065067815,89.8358092259578,87.7702702702703,83.7331237410855,82.8445153725112,81.711654855683,78.8257269809826,78.7456445993031,81.4685314685315,78.7093495934959,80.1451703678266,79.2683256820811,76.4969809693245,80.7382382382382,77.2606230261269,77.2606230261269,73.6563964709126,71.6034271725826,74.4608373397436,77.0987654320988,81.5789473684211,80.1393728222996,79.6650717703349,75.836820083682,74.037037037037,73.4375,69.183155360134,69.3518518518518,69.7268659422953,73.0019493177388,73.4375,77.3883189739097,74.1341991341991,74.9,71.5017211703959,69.1835216229349,68.7116564417178,68.1911262798635,69.1056910569106,66.1214953271028,68.4075342465753,71.3486607142857,68.9338235294118,72.0806794055202,68.9338235294118,67.3847708894879,67.7325581395349,68.9522058823529,69.1970202928333,67.1875,67.4394572025052,68.5294117647059,68.0278532608696,69.95,73.967653225895,75.8010118043845,78.2129383387965,75,75.1612903225806,72.202166064982,70.1027372262774,67.5925925925926,70.2554744525548,72.0986791863371,74.9133148404993,74.4922646477946,73.4512979695536,75.649678716165,72.463768115942,70.4952670723462,74.0779974890144,71.5488215488216,73.1290302579365,68.224387328153,66.9713927298879,64.7668393782383,66.6180758017493,66.0481465397002,68.1707317073171,72.0945349293564,73.8476010687212,75.5921052631579,72.96689489897,68.4923335622796
"Arlington","VA","Washington","51","013",269,376.106194690266,390.356947008418,386.851545253863,395.232558139535,391.634980988593,383.55408388521,372.869318181818,375.053935185185,380.320254008075,383.169934640523,382.111111111111,379.33743556701,374.711316397229,383.653421633554,390.471950133571,372.265977180079,380.246478873239,381.325104493208,381.400208986416,381.093227282037,371.249300492533,356.609519069573,347.928436911488,338.627747076211,332.666658448794,346.074115056717,360.552340171905,364.448051948052,376.838235294118,380.838894184938,375.754527162978,365.309608691962,362.456140350877,369.399428026692,400.036599621986,385.72806171649,384.187082405345,386.869098779761,376.0710553814,381.764705882353,398.419349147758,408.515535097814,428.599492560843,414.437086092715,401.771336553945,401.276147220614,401.977622299961,399.816176470588,405.15350877193,408.090844570617,397.232142857143,399.459459459459,397.526501766784,396.425943445811,391.733776844071,404.661791074012,405.882352941176,408.61925074184,419.126294593792,406.860465116279,422.794117647059,419.378574760046,431.603773584906,422.149122807018,419.540229885057,415.66265060241,366.62817551963,397.38430583501,410.796948356807,399.000830170778,397.783719027583,409.711586461661,406.498015873016,391.845612582781,394.233134920635,419.857834240774,425.453112687155,428.819640837104,428.21455505279,422.285308729595,408.407185242518,409.007352941176,407.899275351356,421.370967741935,428.839869281046,436.944278608866,454.21511627907,465.934257409741,465.081060357104,467.479674796748,469.9,465,461.417717319177
"Gaston","NC","Charlotte","37","071",270,67.6068284125513,69.0789473684211,69.3672839506173,70.5689400532743,69.9112426035503,68.530081030081,69.453125,68.4704184704185,67.7601809954751,64.7252747252747,61.3095238095238,58.6071603727317,53.156146179402,51.4428387334315,53.156146179402,50.625,55.7599730920965,56.2727272727273,56.7775974025974,59.2290585618977,56.296992481203,55.2738336713996,54.1801075268817,52.2486772486772,53.7398557442102,54.5832314744079,53.495115995116,51.1247443762781,50.6396588486141,50.4424778761062,50.4424778761062,52.5862068965517,52.3060796645702,52.5027808676307,59.5238095238095,60.5769230769231,60.2549246813441,63.2511068943707,64.3916847041847,64.6400632447012,63.7755102040816,64.2705332429532,60.595567867036,57.8807814992026,59.1017087681283,61.3839285714286,64.1406876385417,62.5,61.8112244897959,60.9444895382395,60.0368305159643,66.8258647798742,68.8199827734711,67.7277545675625,66.2393162393162,68.6148255813954,67.7601809954751,65.9229208924949,63.4140871538489,62.7896242961322,62.6811594202899,64.8538961038961,65.4844290657439,68.3053278688525,65.2852364407771,65.4235122427956,63.9957264957265,63.0252100840336,64.1547861507128,65.5241935483871,67.9444526563579,69.2203577410864,72.3026315789474,71.9337533021744,68.585451007326,73.75,74.6666666666667,76.8028846153846,74.6666666666667,74.1346153846154,69.4444444444444,69.4010416666667,76.4313581155686,74.9690934065934,76.0556318681319,80.7182141701715,82.6286179742194,85.5840280409246,85.5769230769231,83.3988816114681,86.515037593985,89.5470383275261,87.0300751879699
"Richmond City","VA","Richmond","51","760",271,,,,,,,,,,,,,,,,,,,,,,,,,,,,,,,,,,,,,,,,,,,,,,,,,,,,,,,,,,,,,,,,,,,,,,,,,,,174.490983129727,173.850308709743,150.006584379716,152.101449275362,158.18431911967,165.479318824845,156.620785514033,143.841439827142,152.828142900563,143.885114300568,148.584905660377,146.211195612877,163.115802943058,169.088843402002,167.368421052632,167.209507042254,160.311640696609,168.03629994037,178.571428571429
"Henry","GA","Atlanta","13","151",272,,,,,,,,,,,,,,,,,,,,,,,,,,,,,,,,,,,,,,,,,,,,,,,,,,,,,,,,,,,,59.851825449361,67.6336796798816,67.6336796798816,70.5735406919985,80.7323105298457,74.5735607675906,72.8125,69.9800784214521,72.0869565217391,69.5621468926554,72.0869565217391,74.1749174917492,75.0338873173032,77.0723523914226,77.0723523914226,77.281746031746,76.412289395441,75.8176412289396,76.5496936303428,79.2452830188679,84.2105263157895,86.1875,84.6073298429319,86.1875,86.1875,82.4175824175824,85.397414921466,83.2787686559058,81.9502074688797,81.8768619662363,90.1384366246499,87.3682447116778,91.4984044585271,91.1989795918367
"Jackson","OR","Medford","41","029",273,,,,,,,,,,,,,,,,,,,,,,,,,,,,,,,,,,,,,,,,,,,,,,,163.239723239723,162.503163916169,152.840909090909,160.332331058283,146.38671875,153.439153439153,144.675925925926,150.167101284194,150.061500615006,155.038759689922,152.580828133863,148.887844611529,148.376259798432,143.266475644699,145.207033465683,153.521242179372,163.442940038685,164.633784523703,163.404162327035,158.27183106179,157.531380753138,160.311640696609,160.988074957411,161.853786881079,159.703196347032,158.579535644939,158.863954742694,156.488549618321,164.689265536723,169.890224777836,166.65848446344,173.270558895855,184.078947368421,174.676433958452,174.636346657218,177.469135802469,179.087466587467,176.687988506142,176.354332638804,182.688172043011,187.641329575597,190.586975664425,196.030789872991,209.822602342513,211.483472326957,205.625,206.217616580311
"Washington","AR","Fayetteville","05","143",274,,,,,,,,,,,,,,,,,,,,,,,,,,,,,,,,,,,,,,,,,,,,,,,,,,,,,,,,,,,,,,,,,,,,,,,,100.402010050251,100.826005025126,103.042328042328,89.9807692307692,89.9807692307692,93.8609842719432,95.1293759512938,89.9807692307692,89.9807692307692,99.1304347826087,99.1304347826087,96.9899665551839,89.9807692307692,101.010101010101,108.829494422715,102.094160966346,103.356063075343,102.640156453716,120.277777777778,119.444444444444,123.895652958153,108.21554770318
"New Hanover","NC","Wilmington","37","129",275,140.383942116933,137.758743186133,141.271607180698,141.304347826087,141.489361702128,140.033682008368,137.881679389313,136.063362561363,127.786162366466,122.855648535565,122.617051013277,119.9,118.364116479925,115.061728395062,115.979381443299,113.666523050409,113.490378443642,113.163972286374,113.825608798115,111.647783740807,111.940298507463,111.086932488208,111.445670818107,111.214109926169,121.84095937167,120.064377682403,119.63601532567,121.095571095571,118.817204301075,116.69921875,109.375,113.438839149066,111.531986531987,111.396963194173,115.842349304482,117.68145791196,114.702482687024,114.985715234868,115.566037735849,114.942528735632,116.161616161616,116.603415559772,116.666666666667,115.249042145594,116.101033573807,116.363180549213,116.970278044104,118.263473053892,114.984052091601,117.700729927007,116.111091769948,119.347133757962,126.621128616481,124.825886524823,121.537369551872,120.791245791246,117.805799573942,116.44901157852,113.922773618797,110.508678957266,110.420650095602,111.58388180447,111.619047619048,113.650765184122,116.450216450216,115.6241673328,119.712103407756,119.667545934146,121.672077922078,123,125.355579868709,132.624113475177,129.989734975737,134.965432098765,140.274182724571,145.285935085008,138.565891472868,130.078125,129.689838371745,140.673223020621,148.260125499144,155.092592592593,153.294573643411,155.297492468545,156.532708777291,160.807778608826,163.829043763254,162.866449511401,157.576584536733,154.408866995074,150.5298382599,155.579399141631,166.332702698168
"Union","NC","Charlotte","37","179",276,,,,,,,,,,,,,,,,,,,,,,,,,,,,,,,,,,,,,,,,,,,,,,,,,,,,,,,,,,,,,,,,,,,,,,,,,,,,,,,145.483336908145,132.978723404255,138.47099861467,140.789074355083,137.7278840547,145.826580226904,125.200803212851,133.865664631282,144.343381062119,137.135506003431,159.638409209838,142.608134280181,142.568056606845,139.583333333333,146.85110776271
"Whatcom","WA","Bellingham","53","073",277,202.840909090909,205.912123303428,195.217391304348,195.13721276244,194,191.744186046512,191.321339495305,191.252297794118,189.100280504909,185.722155448718,182.291666666667,182.263480392157,182.235294117647,177.302100161551,175.094696969697,171.723272202166,169.966231793268,173.647660818713,169.843863471314,168.82010801828,170,167.948530444204,164.796219728293,165.497430739548,164.543269230769,166.283084004603,170.700636942675,170.700636942675,175.191300845751,167.894056847545,168.478260869565,167.445482866044,167.441877235491,169.523060550574,170.138888888889,167.25982374761,164.991139290356,167.896702211292,175.294117647059,179.748427672956,181.372549019608,186.165877950806,184.534270650264,177.498634625887,172.888888888889,171.048295104575,165.089216446858,161.935110081112,161.825539568345,163.243209149777,164.421208412724,170.480549199085,171.520007969566,175.980502899235,179.525862068966,186.781588665711,192.694063926941,193.76404494382,186.550958719072,181.980068542569,183.075671277461,190.454545454545,193.998309382925,190.972222222222,190.730337078652,190.805542662475,196.62359670171,196.472687442584,196.602088380996,196.062992125984,199.997916666667,197.57082094483,194.704049844237,197.516930022573,202.797202797203,210.569105691057,209.119472459271,213.563152701402,218.49593495935,211.737446835523,208.333333333333,216.266408524194,218.888888888889,220.12000386799,223.010564314912,228.141423793598,234.347826086957,229.205968735897,236.418511066398,235.807860262009,240.07534862798,241.452991452991,249.166666666667
"Champaign","IL","Champaign-Urbana","17","019",278,110.710595969945,109.512937595129,109.234972677596,107.615384615385,107.769276941546,105.562937062937,103.265074056684,101.067415730337,101.133603238866,98.0373831775701,96.114845119813,95.5652173913043,95.5652173913043,94.3251533742331,93.5454545454545,92.6977563316862,93.0167597765363,93.3387370311253,92.6977563316862,92.3510765174816,87.5095201827875,83.7182448036952,88.2852292020374,83.8438552262751,86.8695652173913,86.8695652173913,86.8695652173913,86.8695652173913,89.2261904761905,91.4406779661017,92.2307692307692,92.4184988627748,91.5384615384615,90.5508474576271,92.0376712328767,89.3858984078848,89.3858984078848,91.5384615384615,91.4406779661017,91.5384615384615,91.3290346352248,88.547784151637,88.3709803921569,87.4878251245158,88.5647482014388,89,94.6153846153846,94.6153846153846,93.6805472218889,93.6805472218889,98.6227621483376,94.6153846153846,92.8870292887029,91.5492957746479,94.474358974359,91.9736842105263,91.9736842105263,94.3333333333333,88.2578466015381,89.2523364485981,94.3333333333333,97.0152761457109,105.711263881544,97.8848413631022,97.3913043478261,100.689061154177,98.3732876712329,94.2684550989346,88.4059829059829,87.7824267782427,88.630343823904,89.4782608695652,82.8448601662887,82.4489795918367,80.1282051282051,87.8191865884513,90.1840490797546,91.282093033028,87.8794831838428,87.7824267782427,88.5416666666667,94.017094017094,91.5540378624491,95.2536715620828,106.896551724138,93.3644859813084,89.4535783365571,90.0524475524475,94.5090579710145,98.7421938636981,98.3464566929134,98.3464566929134,91.6666666666667
"Yolo","CA","Sacramento","06","113",279,,,,,,,,,,,,,,,,,,,,,,,,,,,,,,,,,,,,,,,,,,,,,,,,,,,,,,,,,,,,,,245.484400656814,233.787620670074,214.322469982847,220.383840095614,229.043239994928,246.666666666667,251.60145877538,245.664739884393,235.104529616725,211.406096361849,216.313782753306,213.392857142857,228.365384615385,249.169435215947,256.998516870597,273.200233418291,268.625033789381,270.919442922829,276.736953120392,279.352226720648,269.451269451269,266.075388026608,242.44966442953,245.714285714286,272.658035034273,286.133139248811,289.236111111111,289.747399702823,300.64420404177,304.203539823009,289.178759371878,281.427707617887
"Broome","NY","Binghamton","36","007",280,81.25,84.6425419240953,81.3363259668508,83.1944444444444,85.6571428571429,81.8452380952381,79.4722356561194,79.0683171108448,79.68984082397,76.2548262548263,73.302752293578,71.9879518072289,71.3141025641026,69.2115389420554,63.9303471464597,66.8523102310231,70.2244143625192,76.6908212560386,77.3305084745763,73.6923651762361,72.7501251668892,71.5026395173454,69.7170841765316,62.5,63.7812861124329,63.75,63.8178913738019,63.60518753781,64.6469696969697,67.9507612909252,68.6015831134565,71.875,68.7490674187972,66.6636874205534,71.3492063492064,68.5971698802948,70.2380952380952,70.4931972789116,71.6850141767314,73.4121788537549,72.8125,72.1913236929922,71.938907967033,71.9591346153846,72.1009333966145,71.9591346153846,71.2857142857143,72.2652826468011,70.9372312983663,72.2598697598698,72.2598697598698,74.1934435272847,75,75.2292340884574,75.2292340884574,73.8068181818182,72.992700729927,72.1236044657097,73.0908521303258,70.02457002457,73.6547619047619,75.7261410788382,74.9,75.6198347107438,75.6198347107438,75.4120879120879,75.5857898715042,73.2160312805474,72.3502009950904,71.9814099641519,71.7079530638853,70.5128205128205,64.1741071428571,61.3157894736842,62.0725388601036,64.2512077294686,65.7698912421294,66.5641025641026,69.1411935953421,69.4423916694659,69.1411935953421,70.5868715402614,67.1963937621832,69.2929292929293,71.1538461538462,67.2820126039153,68.906501610306,69.1372370501701,70.9673880145278,78.4285714285714,78.2407407407407,79.4581881533101,81.7141259376929
"Saint Louis","MN","Duluth","27","137",281,168.382352941176,164.544648989403,166,158.931277056277,158.863636363636,162.046033035856,158.863636363636,156.200941915228,154.8828125,159.139150943396,160.25641025641,160.327320172453,158.10126996596,155.979397681452,152.638888888889,153.302208667558,150.367149758454,151.977339181287,154.118276159339,153.798076923077,147.730373431044,140.607523259952,139.78102189781,147.375,135.294117647059,137.935277980576,148.245614035088,139.575551782683,138.888888888889,143.744318181818,145.01953125,148.673767752715,151.565557729941,144.529337728082,150.275651092789,148.387096774194,145.641025641026,146.666666666667,144.977678571429,147.81746031746,152.221625667057,152.132544371664,148.942307692308,150.54347826087,149.478563151796,148.086419753086,141.370738636364,138.582621082621,133.445945945946,135.078955597248,137.278253692054,146.904008438819,159.322033898305,161.259541984733,160.417654890631,159.179968667965,155.048076923077,152.441993981628,151.586368977673,146.614583333333,142.747252747253,145.694444444444,156.198770491803,158.536473726885,148.026315789474,155.872934746328,163.088264154646,153.632230961202,150.755735492578,152.848101265823,151.015490533563,139.836448598131,136.62109375,138.786008230453,145.37037037037,149.088541666667,153.973489434295,154.845717022441,156.196120689655,154.811715481172,145.607000285144,150.762195121951,146.927557209815,142.371582892416,132.331975560081,131.061884389172,140.330580643682,149.888888888889,164.041994750656,162.119696969697,168.167823614276,166.134049773756,163.333333333333
"Mohave","AZ","Lake Havasu City","04","015",282,,,,,,,,,,,,,,,,,,,,,,,,,,,,,,,,,,,,,,,,,,,,,,,,,,,,,,,91.5119363395225,93.078561451092,87.3151478816946,87.0209161175974,86.3927966443494,88.7028975822721,90.4426559356137,90.5928110949878,91.5119363395225,86.5564330079858,81.265664160401,83.0524697169397,85.5654761904762,89.2219387755102,89.6975425330813,85.8158693452811,86.4411956568126,89.8692810457516,88.3545970105846,95.3818681318681,92.9414957670413,94.6549391069012,93.5082219431084,94.4368131868132,92.9104783973143,91.4571876819564,92.7147766323024,98.9569988897429,105.477309422212,105.263157894737,100.784380692168,95.8295855610563,102.702687804555,105.603890708246,110.220440881764,114.752567693744,113.871635610766,104.805377815835,103.658536585366
"Saginaw","MI","Saginaw","26","145",283,,,,,,,,,,,,,,,,,,,,,,,,,,,,,,,,,,,,,,,,,,,,,,,,,61.5953947368421,61.2742794486216,61.9230769230769,61.6373194014448,62.813525053727,64.1016483516484,69.3055555555556,68.3760683760684,65.6882591093117,59.688995215311,58.3143682065217,57.7787456445993,56.9654869286042,56.3205417607223,54.6692230386504,55.6069408347348,57.9077842219319,60.8647450110865,62.987012987013,59.5275590551181,56.2796208530806,58.1564645420884,56.7598452883263,55.4444444444444,52.6354319180088,54.0252220193223,52.944640753828,55.1876379690949,60.4032258064516,63.6418269230769,60.916179337232,60.1398601398601,59.4047619047619,55.8065301744189,55.5198594589351,55.4738562091503,55.5658627087198,57.0786231884058,51.2367491166078,59.5465393794749,61.7299538595835,69.3609195402299,61.4093959731544,65.948275862069,69.3495321013978
"Elkhart","IN","Elkhart","18","039",284,85.9231263528139,83.0888605442177,83.7742504409171,84.3359307171384,88.6015325670498,85.7452156007752,84.5248147744607,82.4766355140187,78.9993759101311,74.9414245548266,73.1210884602716,70.3125,72.0326224381155,73.0318823647532,73.0300568643379,71.4508047700288,75.1602564102564,75.8666666666667,75.0836120401338,74.1875580315692,74.1097922848665,68.3574879227053,72.1003134796238,67.9994526648847,64.6692233940556,63.1029340196772,65.3282828282828,61.7984429577882,62.3052959501558,64.0224358974359,62.6969457761348,67.1953696840415,65.5157342657343,68.287037037037,69.7311827956989,69.1050277979212,69.4746114489816,72.7571738606221,72.3758741258741,73.385518590998,73.802304186068,75.4485363550519,72.9166666666667,73.9487228247534,74.2294254658385,73.3552631578947,67.9622648035418,69.9333972608451,72.3244147157191,72.1111111111111,77.3603603603604,81.447963800905,81.7669172932331,81.2589150637562,78.0462465434892,77.1210230491228,75.1506024096386,72.8370641252955,74.5149911816578,71.7948717948718,71.0382513661202,72.5806451612903,72.1241916729565,72.5806451612903,73.5560588901472,79.694571430198,75.2228496844456,74.5721393034826,76.3934426229508,79.4270833333333,77.0057306590258,75.6711068026234,72.972972972973,73.3298925859178,80.3977272727273,83.4984142305571,88.1179790095459,89.3448861461921,88.4615384615385,87.2767857142857,85.5962219598583,89.534622627843,88.2144165598095,87.0250896057348,88.3871860905767,84.8142506558348,86.5146815550041,90.75,86.3166376937563,85,92.0138888888889,91.7242600741621,88.2853403141361
"Clermont","OH","Cincinnati","39","025",285,,,,,,,,,,,,,,,,,,,,,,,,,,,,,,,,,,,,76.9570707070707,79.1433891992551,82.641196013289,81.4538043478261,84.2269530745155,81.953642384106,80.632555337744,80.7726864330638,79.4529262086514,78.9102486498722,78.9102486498722,80.7089238616932,82.8,82.8,81.0683364254793,82.8461316936638,82.421875,81.6862199385608,84.9056603773585,86.640976236352,85.7664233576642,85.0517290249433,85.0340136054422,84.9558823529412,84.3978102189781,85.0340136054422,90.29449819982,90.0144958785572,95.1595621502611,96.8035130718954,96.0576923076923,95.4198473282443,91.6666666666667,94.9599992398905,85.3025333916868,84.0601569821931,84.3847551622874,88.7777777777778,83.8200325233186,85.0967604783849,87.5610672679444,88.3612662942272,84.375,86.6898148148148,84.6458333333333,85.3174603174603,87.6747141041931,85.5792637727569,83.5393311730017,82.0244107744108,88.310854206808,91.9079984239559,93.9496429913566,100.401606425703,99.7941515315804,104.946727549467,105.442176870748,104.946727549467
"Sussex","DE","Salisbury","10","005",286,177.358490566038,173.385876418663,173.509433962264,170.334148329258,168.824771287825,166.586283654865,168.105309715486,165.396188565697,165.187324929972,163.305988515176,165.156427616182,163.130389131057,164.418601186042,158.889582692319,157.916666666667,155,156.25,152.310717797443,157.255244755245,156.369107321966,155.222222222222,154.712282398453,151.504605400879,149.949226305609,150.943396226415,146.818066694808,147.783251231527,152.769739952719,152.92735042735,149.898452611219,148.152734778122,150,152.965605822749,150.162601626016,149.958333333333,147.568576388889,151.327980234713,150.942641509434,148.544271883824,149.9,152.941970310391,153.559215401942,152.310924369748,149.916666666667,150.96,150,149.958333333333,149.916666666667,152.071832291636,154.135338345865,154.32,164.405222437137,160.524864328399,159.69228917806,153.846153846154,150.986219667944,150,149.082568807339,149.105344694036,152.425860023725,158.018867924528,161.594556942155,164.831359058022,166.583333333333,165.329757146841,163.96,165.376495425757,166.583333333333,166.583333333333,166.337820512821,167.906642134315,167.816207351706,166.707692307692,166.707692307692,165.376495425757,165.885865958859,168.01724137931,166.666666666667,166.037735849057,167.728887061199,170.023386612881,172.916666666667,172.776515151515,171.192216117216,167.064439140811,175.546774430566,175.015035971223,169.598715294367,168.408620689655,173.218160681994,167.803203661327,167.803203661327,171.445041608877
"York","ME","Portland","23","031",287,171.712292002147,168.92545982575,171.752620119603,171.150971599402,174.31865260014,174.206349206349,175.303197353914,176.155330012583,178.125,176.2044653349,174.206349206349,174.501246882793,171.602288984263,171.885336273429,172.146488740696,177.074898785425,175.933860915204,171.497097793092,173.501584101382,176.282051282051,180.722891566265,180.722891566265,167.544910179641,163.931591749115,161.083123425693,160.438502290951,167.590601965602,170.822359273294,170.696721311475,179.123711340206,178.72852233677,179.153489136239,180.128168877543,180.084745762712,188.085317460317,183.641975308642,180.914069557362,179.521276595745,178.452380952381,182.017136025505,186.055279735212,187.5,184.413580246914,179.521276595745,182.477629296752,183.075671277461,182.915057915058,179.6875,178.176390676391,179.710327455919,181.905678537055,188.356164383562,187.065972222222,187.771739130435,190.461717630196,193.843984962406,192.176870748299,189.954061895551,190.133607399794,187.168247093864,190.885416666667,187.919463087248,190.885416666667,189.126733956911,195.112624943845,196.867551462622,193.518518518519,192.923976608187,192.955890743118,196.939245119842,195.338244229997,196.524144869215,198.146834156768,200,204.726890756303,202.894051535088,208.204365079365,211.865292712067,209.100392734413,211.572047384325,213.936627282492,218.420454545455,218.090909090909,219.966666666667,221.825396825397,221.683546345424,222.383286647993,229.477040816327,223.102678571429,225,236.903094512597,230.997449961509,238.059701492537
"Yuma","AZ","Yuma","04","027",288,,,,,,,,,,,,,,,,,,,,,,,,,,,,,,,,,,,,,,,,,,,,,,,,,,,,,,,,,,,,,,,,,,,,,,111.572662601626,113.098345975558,116.70906759693,116.471019809244,115.800365981178,112.365063788027,108.681672025723,102.364066193853,102.489019033675,98.8142292490119,99.4071146245059,97.4976419425385,99.4071146245059,105.711610486891,105.929487179487,102.880658436214,103.757389548125,106.132075471698,107.919356305119,107.339758159833,107.647058823529,104.625550660793,104.625550660793,103.544914874552
"Racine","WI","Racine","55","101",289,,,,,,,,,,,,,,,,,,,,,,,,,,,,,,,,,,,,85.0550810929076,85.0164654226125,85.6428571428571,84.4009264793784,80.9001097694841,83.7964790400253,98.5280591974573,92.9457364341085,93.9575581395349,89.5681834534708,89.5687177385439,90.311986863711,93.7834742776603,86.2893815635939,92.45,86.832190781797,87.0714285714286,90.7311738648948,87.0714285714286,84.6153846153846,86.6955892986262,82.0197044334975,86.6955892986262,87.1759858934011,82.1659233262655,87.4158815612382,88.3289124668435,85.060421153386,88.9830508474576,81.9546223436059,84.6726662737453,83.9416058394161,84.0182648401827,83.9416058394161,85.4037267080745,89.2142857142857,91.5254237288136,90,92.6784591194968,95.2920143027414,95.9785522788204,99.9090909090909,99.8168498168498,104.031354983203,102.95834644018,96.835861275746,96.835861275746,95.0751934235977,94.3351691581432,87.8889941077441,94.6738285467502,94.4545454545455,99.3373094764745,101.989795918367,95.5281418658443,104.775522755228,110.375,112.719298245614
"Brazos","TX","College Station","48","041",290,,,,,,,,,,,,,,,,,,,,,,,,,,,,,,,,,,,,,,,,,,,,,,,,,,,,,,,,,,,,,,,,,,,,,,,,,114.74358974359,101.020444410238,109.638389760894,110.810191496644,112.265917602996,119.229981703974,122.337601362981,126.651982378855,129.537037037037,125.957661290323,120.740740740741,136.27730294397,125.826462660536,117.1875,120.740740740741,124.653739612188,120.097926628764,116.331929157041,135.149750415973,135.149750415973,134.722222222222
"Tuscaloosa","AL","Tuscaloosa","01","125",291,,,124.929577464789,122.622699386503,122.622699386503,129.807692307692,127.955896627032,139.423076923077,131.522893772894,126.826923076923,123.636675824176,134.615384615385,141.346153846154,135.577889447236,126.826923076923,123.575810692375,121.227436823105,129.629638577503,124.771153846154,112.893229534316,110.335195530726,110.217126138914,106.411398040962,108.702408702409,114.155251141553,119.92,121.447344322344,117.068207865754,118.849206349206,118.849206349206,129.547738693467,119.037902777061,119.037902777061,129.711538461538,119.144027428811,125.527638190955,107.138392857143,110.157480314961,111.937945933654,107.638888888889,108.225285516427,112.319138077261,108.956386292835,106.553515274034,106.053459119497,113.305613305613,105.015923566879,118.613138686131,119.8738170347,119.904761904762,119.857142857143,119.78021978022,121.027804410355,120.137247051047,121.380952380952,120.952380952381,119.714285714286,120.599232981783,122.980769230769,122.980769230769,127.087910707383,125.403685410334,127.087910707383,125.819230769231,122.980769230769,122.980769230769,123.039372026441,122.980769230769,117.521367521368,126.494835786508,132.724991163264,123.212909608442,119.647887323944,139.065606361829,132.673597404741,147.45529290853,142.03946040819,148.371647509579,146.649653757374,147.428571428571,155.172413793103,153.312561386743,152.2030651341,154.418604651163,153.16091954023,135.872239856133,143.582375478927,139.595719381688,138.793103448276,148.371647509579,151.77733977507,154.285714285714,151.245210727969
"Kanawha","WV","Charleston","54","039",292,71.078431372549,71.0227272727273,72.0246329006171,72.2972972972973,72.4389712292938,70.6521739130435,69.2052469135803,72.4389712292938,73.9001831501832,73.094688221709,74.1228070175439,72.5806451612903,72.0299345182413,71.0227272727273,72.0299345182413,72.7916666666667,72.6666666666667,72.0299345182413,72.6666666666667,71.5494791666667,71.2809917355372,70.5467372134039,71.3314075630252,70.9351333125843,69.0711462450593,67.8640776699029,69.6217494089834,69.6217494089834,69.3493150684932,72.1627131786636,72.7788929779562,71.625525210084,70.3694594034797,72.4804864555005,70.508662724349,70.5467372134039,71.6603322072072,72.2833854587033,73.2998169147177,76.4155982905983,77.9947916666667,74.1057692307692,74.834502387856,74.6867216687422,72.3214285714286,70.5467372134039,69.9327280242195,68.9935064935065,68.0421708915908,68.1341719077568,69.5043103448276,73.1593586387435,72.5,71.2,70.0431034482759,70.9013484740951,70.4910714285714,74.1097922848665,73.7246555512238,72.0608108108108,73.3805668016194,73.0846774193548,72.5806451612903,73.3041158536585,72.2341460622711,73.0436991869919,71.1326860841424,69.4951564828614,72.093345957947,72.0486111111111,71.2070410729254,69.6965302927418,67.3611111111111,68.1239388794567,70.0402794893671,71.8005952380952,75.2314814814815,78.7531512605042,79.8497123089414,74.9029605263158,75.0968992248062,74.5232371794872,76.7948717948718,74.8921996124031,76.3392857142857,76.5986394557823,77.9947916666667,77.962577962578,78.9141414141414,77.6448965024982,78.3816425120773,77.6840277777778,77.5757575757576
"Clay","FL","Jacksonville","12","019",293,,,,,,,,,,,,,,,,,,,,,,,,,,,,,,,,,,,,67.3913043478261,68.5404339250493,72.0192307692308,72.2833347886832,74.8945147679325,76.1538461538462,76.3888888888889,76.3731273476136,73.2273838630807,71.0227272727273,73.226346252528,75.2138653161785,75.9698996655518,71.1538461538462,78.8900979325354,80.9027777777778,77.2904542515357,73.2273838630807,76.1697497279652,81.8381786186937,76.1948529411765,79.54788584766,81.7214700193424,80.4924242424242,77.3474264705882,80.4924242424242,76.1948529411765,80.7133236560072,84.615140488341,88.5416666666667,85.1148753894081,89.5061728395062,86.6790582403965,83.8667794396961,82.7452527622027,86.4188712522046,79.8611111111111,83.1331923778591,85.0504451268689,89.429012345679,87.9109565269129,89.2337536372454,90.2053264604811,91.5833333333333,90.9769951289386,88.0623638344227,90.8140856057523,89.5036615134256,88.1617647058823,88.6674718196457,84.7321428571429,86.9712872627574,89.1975362236152,89.3754246669466,86.9712872627574,85.2045177045177,87.2938894277401,91.0108024691358
"Saint Johns","FL","Jacksonville","12","109",294,131.212121212121,131.9,128.585476550681,121.811785400176,120.795047046305,120.795047046305,119.930606791761,122.150735294118,125.961538461538,117.885220125786,121.969696969697,123.695384615385,123.368074602304,123.814133591481,128.350515463918,121.469907407407,119.802756764283,118.89259970499,120.946004319654,116.818614664845,116.463021224558,114.808997030054,116.169800028892,113.442994895065,116.382153249273,119.442242437214,126.056338028169,131.491826970532,122.5,123.33726608001,121.893495562852,114.660114660115,117.524339360223,118.821434712828,128.173326414115,129.636835278859,132.5818622466,123.860145826869,136.452064380686,134.176394293126,140.113039364361,133.418907044259,134.050415468201,137.514384349827,138.620457604307,139.755460229544,128.864583333333,135.200863930886,139.348419022899,138.620457604307,139.855815637066,143.808315735129,144,144.074877536739,143.741567202906,143.981651376147,141.683511978889,141.647728256711,139.160039761431,143.181818181818,149.5,146.907999837195,142.588674181595,147.727272727273,146.862745098039,145.348837209302,148.458691777106,151.089248067463,148.423817863398,148.423817863398,148.137213471813,154.412056811452,159.839876033058,170.053596455466,176.431424766977,171.232876712329,169.662234371762,164.529914529915,163.206757715854,163.126704545455,164.130841414701,165.229408512991,165.196990312749,165.492102065614,164.277035236938,165.339704256495,165.054545454545,164.277035236938,165.492102065614,164.277035236938,167.697368421053,167.697368421053,167.697368421053
"Litchfield","CT","Torrington","09","005",295,158.464285714286,161.302490096208,161.236559139785,162.291866028708,165.03416856492,162,160.699023199023,160.796957671958,160.493827160494,161.192214111922,155.180265654649,154.440154440154,156.630170316302,152.898550724638,152.125502861352,152.776362710138,152.705283259071,152.997448979592,152.705283259071,149.306760620122,146.997549019608,144.758620689655,144.758620689655,139.593908629442,139.184057435708,140.443505807814,144.282946802829,140.759909733124,146.911764705882,144.30185190988,145.89905362776,141.013839915374,144.560185185185,141.203703703704,140.902679830748,137.905275513117,132.575757575758,137.322695035461,136.879856545129,137.862068965517,144.753476611884,146.15859335327,142.467477968947,141.54684758072,143.633018599967,143.233944954128,138.047619047619,138.047619047619,135.205747877204,135.205747877204,133.481044980909,133.21248801534,136.003070153937,138.047619047619,135.825242718447,134.154083444011,134.144295302013,133.306985618417,133.051948051948,133.109346365302,134.486545853926,130.904761904762,130.904761904762,130.904761904762,133.486736847348,133.928571428571,132.686414708887,133.23022467071,133.604997943233,139.287268101092,137.529635431966,132.130895731558,130.904761904762,131.90599932211,131.937461123782,134.214591686278,134.519230769231,137.347427659907,137.35235069406,134.563725659439,133.759124087591,132.523148148148,132.40302869288,132.258797923649,132.772877947864,133.125357744282,136.585365853659,140.406976744186,137.5,137.936499504179,137.375,136.494763427858,133.06887847097
"Muscogee","GA","Columbus","13","215",296,,,,,,,,,,,,,,,,,,,,,,,,,,,,,,,,,,,,,,,,,,,,,,,,,,,,,,,,,,,,,,,,,,,,,,,,,,,,,,56.8850902184235,56.144578313253,47.0864387814274,46.7709211271208,48.0494148244473,48.4342696242052,49.3967661691542,50.2018842530283,48.1905910735826,48.58382622495,47.9846824686941,42.1795495057527,41.3223140495868,40.6038956315094,40.6883849980865,47.1736231604653
"Canyon","ID","Boise City","16","027",297,,,,,,,,,,,,,,,,,,,,,,,,,,,,,,,,,,,,,,,,,,,,,,,84.2665456012914,81.9016646730462,82.1271929824561,81.0904872389791,81.0904872389791,83.5084033613445,82.2899505766063,89.1186151584234,89.3661222809305,86.1680308338639,83.7678936605317,79.7595246652889,80.4877694859038,81.7777777777778,87.4661857529306,95.8012596221134,96.4047056648479,95.8012596221134,92.4287118977385,93.6604763274053,93.5162094763092,94.7477164674593,95.7661290322581,95.1613941363885,95.9098497495826,89.1504737426605,89.5982783357245,91.8306143326334,96.0737179487179,101.417878582373,106.525997150997,103.787878787879,106.78818353237,106.707317073171,107.223476297968,104.342851801275,106.691919191919,107.475062962302,111.747964706417,112.178418803419,108.116843650933,110.403960680204,115.21613832853,121.629213483146,123.294858342078,124.259909803132,130.208333333333
"Anderson","SC","Greenville","45","007",298,78.5191956124314,76.5765765765766,76.5765765765766,75.8134490238612,75.0750750750751,73.5422106179286,72.1363636363636,72.1363636363636,72,73.3279917938827,75.0501002004008,71.7579250720461,71.8789625360231,72.0832343787108,72.2727272727273,74.9310285895652,81.2104787714544,79,79,70.4549842485969,70.4549842485969,69.1644398961472,65.9856390433401,65.0865312264861,66.1375661375661,68.0668273951606,68.0349344978166,74.6030290325962,78.1061649959503,75.9118541033435,74.6079163554892,75.0246791707799,75.4682666370617,74.6079163554892,71.8979903591554,70.2626641651032,70.5394190871369,70.9146867125182,72.6646248085758,73.0519833417458,73.5873882820258,72.3848098894924,76.8292682926829,76.8292682926829,78.4797630799605,76.9749518304432,73.2015543319583,74.8875562218891,72.2998630792993,76.902110061563,78.1739130434783,77.7777777777778,77.7665089024115,77.3043690774592,77.5135291044317,74.3156591239628,74.4147157190636,73.121387283237,70.7004687396844,66.8476060078002,64.9481583319013,64.7448015122873,66.5555555555556,65.4143795272828,67.8456242643234,69.1182233349855,65.136476426799,65.506602800785,65.1515151515152,65.1515151515152,68.3005243867665,65.0586701434159,68.6037197016734,68.463784934584,69.0817261570711,72.8511530398323,76.6229213224135,76.6229213224135,75.9375,75.2369881254552,75.633483790195,74.8502994011976,74.8371335504886,71.0317044112941,79.3456733698964,80.2919708029197,80.7825984946277,83.5369774919614,84.8637592546832,88.5329168875839,83.0997276308222,86.1652376814322,89.7419902185847
"Harrison","MS","Gulfport","28","047",299,,,,,,,,,,,,,,,,,,,,,,,,,,,,85.8230524981488,85.499316005472,86.5212264150943,82.9347123464771,75,82.9347123464771,90.0735294117647,104.545454545455,107.608695652174,115.009076081238,115.595075239398,104.545454545455,103.448275862069,106.053459119497,106.167755200774,90.889537366548,86.2622549019608,91.3962040332147,103.967168262654,98.4044149682916,98.7912087912088,92.5754060324826,92.4768518518518,91.8054005272282,97.9074889867841,97.2512225634027,95.8333333333333,90.2890695573622,90.5990802332266,93.9046966930412,93.5483870967742,95.414201183432,95.8674863387978,96.025641025641,96.7741935483871,96.551724137931,98.3606557377049,101.331360946746,100.737704918033,100.607638888889,100.607638888889,102.629346904156,102.810650887574,101.46484375,98.3606557377049,98.75,101.98210553814,102.128963461637,104.166666666667,104.376811280765,105.070123370577,101.880877742947,103.125,108.183834876543,109.402699198491,111.888111888112,115.318795787546,115.318795787546,111.071432240302,112.284644194757,114.60178666061,116.379310344828,113.146263379205,113.887697936317,113.176311456128,108.543417366947
"Peoria","IL","Peoria","17","143",300,83.2407407407407,81.9984201506659,81.9444444444444,82.5034340659341,83.3333333333333,81.5646258503401,79.5343137254902,79.5391554500661,80.4895320197044,76.0071620411817,76.4861294583884,73.5883401419718,72.8125,69.4879832810867,73.6586603953016,76.4536733273685,76.6447368421053,79.9020910427001,77.6672694394213,72.344715398121,72.8125,70.4742525800617,72.6060606060606,70.3979591836735,74.6728971962617,69.8979591836735,73.4243697478992,74.3255813953488,74.3470149253731,70.5386683209264,68.1818181818182,67.424766634104,64.0802416953256,64.0022037912007,73.2740126884955,72.5171555334599,74.3013114336644,73.1217616580311,73.8648363252376,74.8879162560565,76.7156862745098,77.6516927083333,77.281746031746,76.593625498008,76.4861294583884,75.2314814814815,74.526678141136,75.7426948051948,73.4243697478992,74.5738636363636,75.5725224872666,74.6865302117561,75.5873340143003,75.7148104613576,75.1157407407407,75.1157407407407,73.7084870848709,75.2710843373494,74.3074633699634,73.5789473684211,74.4677820777655,76.9230769230769,78.1045809659091,77.2968197879859,76.4129045996593,77.5227026294389,77.6156859639643,73.7341772151899,73.3877551020408,71.7953752181501,72.2668810289389,72.8125,71.9240837696335,70.6356409669936,72.4409925410039,76.2486510505935,73.6979166666667,76.3701707097934,76.9977168949772,76.3620386643234,75.4048582995951,75.2602995201679,73.7989296099664,73.2793522267206,71.3062098501071,70.5210943410677,70.5092956271275,70.2905059539239,70.9233111849391,74.6900429909412,77.6536522368687,78.1541618663595,78.0040922619048
"Hawaii","HI","Hilo","15","001",301,264.356435643564,274.878663603447,280.195691982991,265.070921985816,253.763012557644,249.674193462592,251.004016064257,248.271092669433,241.114313160423,244.500846023689,237.096510105556,209.114791167864,216.551724137931,226.732673267327,226.634945047903,206.19558223241,206.847528831021,213.806128855852,223.319077469877,235.147601476015,243.714124641246,235.131396957123,221.423905943828,215.045001434309,218.518518518519,217.828418230563,217.828418230563,218.518518518519,215.749190938511,213.360724820902,206.154227280157,211.41387195122,214.432660362893,215,219.325153374233,227.623762376238,245.874736112362,239.797651131708,239.797651131708,244.293154761905,241.721854304636,240.353697749196,246.811058889201,241.045137543588,253.607723577236,248.137717121588,254.166666666667,276.851851851852,284.184184184184,288.772241799356,283.919015169015,286.95652173913,303.386316516932,298.43356918239,304.911169601125,304.893350062735,294.079124773682,286.95652173913,296.039603960396,300.572519083969,304.347826086957,312.460790464241,307.87037037037,310.041407867495,283.278327832783,278.200582768337,300.938337801609,302.964254577158,302.55884330473,302.964254577158,302.047212910561,288.148517578897,301.487862176977,305.038023981522,316.391359593393,324.019884858546,322.014089016971,321.287779237845,316.941224591628,312.907405253065,318.776118557748,309.691928697963,311.197916666667,303.532008830022,322.391559202814,325.220639991337,324.234870726607,320.472756410256,311.881188118812,320.51282051282,319.030252825258,326.633165829146,327.586206896552
"Ulster","NY","Kingston","36","111",302,172.413793103448,172.413793103448,172.232177450601,172.149915757688,169.556299212598,166.666666666667,163.157894736842,163.157894736842,165.433300876339,160.960947654496,160.860655737705,160,160.099067599068,158.094399731724,155.582476265823,155.582476265823,153.75,149.788161445922,146.256123163051,145.687645687646,142.767857142857,142.821428571429,140.735602271191,136.666666666667,140.132724252492,137.841697485737,141.117478510029,139.5085995086,143.146900370105,143.075898801598,145.318676854326,145.569620253165,148.264984227129,142.617514443694,144.683853373922,142.404079787535,142.045454545455,140.449438202247,141.573033707865,141.572501702417,145.322376738306,143.622200584226,141.763422500474,141.428571428571,140.04004004004,137.5374981797,137.532439051135,137.614678899083,138.888888888889,138.888888888889,140.495562130178,138.191330343797,138.447971781305,140.075757575758,139.830508474576,137.376491160316,136.35477582846,136.134391249776,135.530402930403,132.298975063398,132.560068136991,132.62599469496,134.371957156767,133.885102239533,137.63353069248,138.376068376068,139,138.713023088023,139,139.707847707848,139.707847707848,138.284132841328,134.212962962963,132.144187981773,133.339455231931,134.391801075269,139.802631578947,142.019925638877,142.636363636364,142.636363636364,145.363636363636,143.487179487179,142.636363636364,142.36272866918,140.897435897436,140.016233766234,141.042680947744,141.47619047619,145.705279747833,146.934460887949,145.217879228513,145.320128717266,145.261494252874
"Baldwin","AL","Daphne","01","003",303,,,,,,,,,,215.834932821497,213.634077503027,214.772727272727,212.991801678704,204.274041483344,200.310559006211,199.367088607595,198.433783644038,199.136276391555,195.11875,198.754359740907,201.365238595348,201.535508637236,203.779457697052,204.995352374514,203.737259343148,198.666666666667,195.836129753915,195.261437908497,194.305555555556,202.54034938274,199.155172413793,195.367258910914,198.529411764706,204.247990815155,213.270142180095,210.430622009569,204.247990815155,200.124894514768,199.902972399151,201.535508637236,201.714724015588,207.236993554328,207.236993554328,209.932279909707,205.882352941176,205.71398505735,203.791469194313,201.75983436853,202.860614818707,206.258712015612,206.734068627451,208.057222222222,210.062893081761,210.021551724138,207.620528771384,210.621752722576,214.823863636364,217.687074829932,217.50366813392,213.783850471902,211.864406779661,211.864406779661,222.636815920398,222.935267857143,223.206148282098,225.711299892125,222.568407960199,222.722028602331,222.806107722208,223.22034003321,226.02793040293,223.183301395374,226.707660773764,230.322580645161,233.9593114241,235.012376237624,232.4125,234.102051545383,238.474370639976,242.438764643237,247.251619590568,243.397435897436,244.812834224599,243.333333333333,244.499440368113,239.520202020202,242.901925660546,239.423076923077,249.295774647887,256.49917265629,266.073871409029,266.073871409029,266.073871409029
"El Dorado","CA","Sacramento","06","017",304,,,,,,,,,,,,,,,,,,,,,,,,,,,,,,,,,,,,,,,,,,,,,,,196.796652662962,197.847553963199,192.757009345794,192.307692307692,212.005173189384,213.436385255648,216.685112990617,214.609925853518,216.616161616162,226.851851851852,224.654377880184,204.493087557604,204.466169947026,177.865612648221,207.000360750361,211.310418405243,213.158777246388,213.651319624164,220.692978045919,218.914470014947,220.936329588015,227.54854368932,234.223549424764,223.926380368098,223.29650092081,219.453103822174,226.272387896304,230.616059484435,233.818770226537,230.898236034301,237.910841363768,253.579952267303,240.177439797212,245.984098538353,251.622206200433,250,248.41132293472,251.90784737221,250.930243669374,255.591500918604,268.890449230954,270.322580645161,261.692844677138,262.001002491241,261.950951120414,265.868375615505,263.081416777237
"Livingston","MI","Detroit","26","093",305,82,94.3355119825708,91.6138125440451,88.9677419354839,92.814371257485,93.5512928881546,90.0979001452027,89.7857142857143,94.3355119825708,95.6442403058228,92.5338572785489,92.5338572785489,86.4718614718615,85.6751199451679,80.6580191720758,80.2440481981293,80.6122448979592,82.0197044334975,81.2790697674419,81.2790697674419,76.5661417770451,73.5294117647059,72.0930232558139,63.614744351962,67.1532846715328,67.8754228235713,75.2324598478445,77.8571428571429,80.6122448979592,80.0880065394252,85.5499640546369,85.325743200506,86.2829137463511,82.0633133133133,84.4199924503723,90.0494864612512,83.1081081081081,82.3713617463617,90.5041605482134,96.537558685446,108.61801242236,110.124287190478,113.702186934841,114.31696900625,113.207547169811,107.724550898204,104.152005629838,102.44708994709,109.099117554365,117.324350336862,110.473684210526,118.928571428571,124.195227565874,119.058686809994,113.992395437262,120.603448275862,116.889721978805,117.005813953488,115.740740740741,126.173708920188,127.619474679495,129.329004329004,131.07128982129,131.984829329962,129.329004329004,124.325232470654,125.229741019215,123.90873015873,124.013839933651,123.90873015873,131.40243902439,136.866079951285,136.347160174973,129.090763589803,116.216710165816,108.216560509554,108.216560509554,125.688622754491,118.014602343134,118.059071729958,118.875722986187,125.773651635721,116.438356164384,120.671439944839,119.949494949495,131.077694235589,129.816017316017,128.08285312611,142.903645833333,144.712928541925,129.347232207045,136.764882864099,136.19427269769
"Newport News City","VA","Virginia Beach","51","700",306,123.153387533875,121.601382620122,121.44248447205,121.801696712619,117.547432122996,119.433962264151,119.433962264151,121.652173913043,120.019441134574,117.873093088418,116.525423728814,114.14752660264,112.552966101695,111.026781073221,107.837355877191,105.3125,103.77358490566,104.0625,102.445380226407,103.181253170979,101.307519640853,101.119885145398,96.1538461538462,96.486151716471,97.8902953586498,96.8812924029976,98.122866894198,97.2495088408644,98.7821402482064,99.2845786963434,98.326841852614,93.75,93.997641509434,89.3397524071527,89.2857142857143,91.3984957808487,90.3276251025431,94.2452830188679,90.6321401370906,94.2452830188679,92.5751678834578,93.1297709923664,90.1906312865217,91.8570009930487,91.4336045077383,91.9451232406776,89.1964285714286,91.1153119092628,86.0869565217391,86.7381172127365,85.6722966414289,87.1818181818182,93.0338283636025,91.2787271655863,93.6398724618224,93.75,94.5603147859393,94.3396226415094,94.7689075630252,94.1450875856816,93.4269957983193,93.1932773109244,93.8967136150235,92.8433268858801,91.639419852448,93.3374844333748,88.0567792462066,86.9439071566731,87.8481663376168,87.3860182370821,90.5720338983051,87.0273707638907,89.0544554455446,87.8492084399619,88.8951165371809,94.7801675918695,99.3484937618898,98.0945659844742,93.6978509134706,91.6311127825399,89.3086669114947,89.1021247429746,85.0284784377543,84.8765432098765,82.0754716981132,81.1913671339728,87.4403815580286,92.5742574257426,93.2871476349737,98.8461538461538,96.1538461538462,95.824114088159,100.953984287318
"Vanderburgh","IN","Evansville","18","163",307,,,,,,,,,,,,,,,,,,,,,,63.703007518797,66.5254237288136,63.1622242491808,63.5454545454545,63.8192119899437,66.128536722746,64.5133505598622,67.5278219395866,67.0772676371781,63.9957264957265,64.446227929374,58.6056342374032,64.1114982578397,64.7553190045863,60.7201061267438,62.5,65.1388888888889,65.2111448493027,66.2539972395617,68.8581577266922,70.1303338628396,69.6642172184021,68.1302043906132,68.4499807987711,67.2839506172839,68.4523809523809,69.5407388663968,65.5048076923077,65.1548398835517,67.8135089114818,68.4523809523809,69.7211155378486,68.4571428571429,68.4571428571429,69.2485549132948,67.4527193076183,66.5393518518518,66.5509259259259,65.2774560228206,67.4418604651163,71.7818181818182,72.724777975999,72.4388032638259,66.7037861915368,66.341645245255,66.7293695887446,68.7340153452685,69.9353448275862,69.0684133915575,67.8899082568807,68.2016129032258,68.5483870967742,66.8154761904762,65.7366071428571,66.8238993710692,63.5736196319018,64.9739583333333,62.0215773809524,60.7476635514019,59.8021582733813,64.3243243243243,63.5454545454545,64.2345305832148,65.5241935483871,66.4271541950113,67.9012345679012,66.9659085796554,63.4833333333333,63.2470119521912,67.8307077816882,64.5070338578922,67.0698924731183
"Cabarrus","NC","Charlotte","37","025",308,83.3333333333333,84.0628507295174,83.287037037037,83.0556839780141,81.3789359391965,79.480697817685,79.2619681840503,78.125,79.480697817685,78.5106712032168,74.891684612831,73.7924865831843,72.9755178907721,70.0203458170484,69.5546064673581,64.5882352941177,62.6134301270417,63.9755011135857,64.9452861952862,65.8217358299595,62.0300751879699,58.0749354005168,52.2517981691369,51.8233025363898,60.0925925925926,61.6255144032922,63.1648936170213,62.6134301270417,56.5331010452962,56.1304836895388,59.7908745247148,62.4990384615385,64.8616125150421,61.3157894736842,69.4444444444444,69.5582877959927,70.21484375,71.6110019646365,71.687459070072,71.3685978169605,71.2749302730424,68.5185185185185,65.9340659340659,67.6464604070472,65.2394775036284,67.790899795501,68.3014455782313,67.9767385109173,67.9767385109173,70.9375,70.9789915966387,75.9120314792584,75.6802721088435,77.4410774410774,78.0853426395939,78.0456852791878,75.1177024482109,74.8185998498498,75.2764326069411,72.4057804940158,72.7848101265823,75.2486007462687,78.7251984126984,79.3529411764706,83.2560941043084,84.1938883034774,85.7348111658457,84.0745560920372,81.9288389513109,79.3529411764706,80.4741823199868,80.0341779479872,84.7701149425287,82.0714285714286,81.5555555555556,84.1990291262136,85.0639806492026,85.8127384315888,83.6120401337793,87.0122942491363,88.866930171278,86.2068965517241,89.1434771825397,89.4557135151795,88.8825757575758,92.2291021671827,91.734693877551,94.4911698168284,97.1554129464286,99.4124903935607,92.3529411764706,96.9072164948454,102.290076335878
"Shawnee","KS","Topeka","20","177",309,76.8939393939394,77.5069071247239,77.1275510204082,75.4827384435342,74.1080481622307,73.406862745098,73.406862745098,70.9503631961259,72.3758780332056,71.427380952381,70.6761006289308,66.4839467501958,66.228084486209,67.9029381793478,69.3287037037037,66.4280031821798,71.836758970964,73.9258270184729,72.7151636242545,70.2733785822021,69.3061224489796,65.9450954861111,65.0081006979063,62.3219373219373,61.8037135278515,61.9212962962963,64.3382352941177,65.2610441767068,66.5054413542926,63.4785601888277,63.4533898305085,62.4297314178638,63.37890625,63.9450867052023,64.6387001278342,62.7094972067039,64.0350877192982,65.0177003172472,68.3607413733231,69.0677966101695,69.0042032810077,69.4548369855692,65.8972111215588,63.0331753554502,60.647095959596,60.7638888888889,62.5,63.5202271114265,63.8176323160843,65.7894736842105,62.7363445378151,63.4765625,63.5242817458412,66.2429378531073,65.1013513513514,66.540404040404,68.2376529422454,68.331767668692,71.1616576953748,69.3813131313131,67.9029957203994,67.6524782523566,68.3962264150943,70.6335616438356,68.6366421568627,67.6820888685295,66.6819052594915,66.89453125,69.7115384615385,66.3743646794494,66.1163927844217,65.0956748188406,62.1580558134138,63.2530120481928,63.0366972477064,66.5,66.5,65.4106193340307,68.2453449005502,64.7138278388278,66.0501798285889,62.6373626373626,63,66.087962962963,61.2446143744559,62.6373626373626,63.5640413683373,62.6262626262626,60.3553921568627,62.6262626262626,61.5530303030303,62.1148123066086,63.6067708333333
"Berkeley","SC","Charleston","45","015",310,,,,,,,,,,,,,,,,,,,,,,,,,,,,,,,,,,,,125.741935483871,130.539241857982,124.909747292419,132.140950347037,132.039537957868,125.668918918919,117.727272727273,110,106.826428497873,108.830818965517,103.096911987185,106.901311249137,115.70150922303,120.815249266862,119.614309670207,112.623855571808,120.192307692308,118.529094827586,114.856755710414,115.079365079365,115.619834710744,115.126990526104,115.619834710744,119.831718510964,112.876506024096,114.313181818182,131.618233618234,135.549703752469,140.311687460608,137.524687294273,120.543671903408,135.786278335191,143.251404494382,133.897435897436,143.208728077449,144.107965766952,143.251404494382,133.446788560713,138.001812415043,118.182345815482,118.182345815482,117.890835579515,116.63900078064,113.58875625722,108.996078726041,108.191655459164,117.063669008587,120.02615479327,125.394321766562,116.567619047619,117.559718969555,118.433048433048,130.283653846154,122.409839231401,131.050484446711,135.41935483871,136.800228963938,140.110220797721
"Onslow","NC","Jacksonville","37","133",311,118.854511951923,120.285423037717,120.285423037717,120.285423037717,117.903930131004,118.951612903226,118.951612903226,118.951612903226,118.951612903226,114.818548387097,113.911290322581,110.887096774194,112,108.546768707483,109.432025547445,110.887096774194,110.25390625,110.25390625,108.935483870968,108.25,108.366935483871,106.854838709677,107.601809954751,107.182835820896,104.895104895105,107.182835820896,107.685098406748,107.685098406748,107.182835820896,107.182835820896,105.898777521761,104.57343887423,99.9553571428571,102.814423922603,100.788288288288,102.814423922603,100.746966724789,101.438848920863,99.9553571428571,100.645791330645,102.814423922603,102.919154696924,102.814423922603,102.814423922603,102.814423922603,102.814423922603,102.238209432454,99.663582842725,101.476014760148,99.2424242424242,99.2424242424242,96.7712177121771,94.6177077876052,92.7951388888889,91.4149443561208,90.7258064516129,91.6265412654127,92.741935483871,95.3509024577573,95.1669456845238,94.8304789752158,97.3801296169717,97.379642287537,97.286299050412,95.9002353014346,94.5151033386328,93.9147607086198,91.2361623616236,92.741935483871,89.9503363742031,89.4063570269783,91.2361623616236,92.2098569157393,94.9920508744038,97.9539641943734,96.8085461288663,93.0902368449255,92.741935483871,84.7533349277211,81.3802083333333,87.758346581876,82.9810049019608,84.6322260569457,84.3840638946578,83.3333333333333,82.1712802768166,82.5858997475658,83.8387978142077,81.8852459016394,81.8652419984387,82.8313253012048,84.8651458534233,92.3
"Shasta","CA","Redding","06","089",312,,,,,,,,,,,,,,,,,,,,,,,,,,,,,,,,,,,,,,,,,,,,,,,122.602409638554,119.517543859649,121.173469387755,116.175156389634,119.391025641026,120.948907732107,124.775985663082,125.185606060606,128.451923470013,129.373787132408,129.098360655738,127.790178571429,124.551971326165,124.310369617237,117.96987599355,120.659722222222,121.545757631116,122.685185185185,127.262346781836,129.830457463884,113.195532915361,128.708133971292,128.768844221106,129.579982126899,133.815109621561,131.651216108453,131.480164374901,130.095880681818,124.720982142857,123.224852071006,126.201923076923,124.194847995695,127.48744807902,130.235042735043,130.281690140845,133.587786259542,134.453781512605,133.224915246775,127.380952380952,132.371794871795,127.840909090909,130.597014925373,138.042414648383,141.680657305657,150.225903614458,151.691274972334,145.776913372582
"Outagamie","WI","Appleton","55","087",313,93.2580337690632,95.3100158982512,92.836285253143,95.6431334622824,90.8297682709447,90.6912878787879,90.9019607843137,99.9375,90.7051282051282,89.8686138619024,88.6914983164983,85.3632478632479,84.111057382334,84.0909090909091,83.239281683328,85.85915182454,87.3034997598444,85.8901691857934,85.8901691857934,85.8248955587488,81.4311594202899,84.5811603650587,83.4253218267958,83.0376940133038,82.3412698412698,81.4395965640775,81.0492898252284,82.9807692307692,81.337251672866,81.4480337078652,84.841628959276,83.652312599681,82.8742707720676,85.6966795144427,87.9544970161978,86.3095238095238,83.5284280936455,83.5417805867467,82.6898411774337,83.6938810253417,82.7864275390882,83.5284280936455,86.4590667424899,86.2630208333333,86.1733823378489,86.2717543191057,84.1203084868886,83.6985206161658,83.9457537913828,83.9982269503546,86.5938325991189,88.0333951762523,89.4791666666667,88.3882149046794,85.1320667861053,87.1143375680581,87.3435314685315,87.3435314685315,87.4015748031496,85.0752497706188,82.3266165986265,84.9489795918367,88.4302968766575,87.8100165562914,92.972838173731,94.2722371967655,93.75,92.8719008264463,92.9315476190476,92.8568905841633,92.7515853322305,92.1792618629174,92.6612903225806,92.8418803418803,93.2345651830273,93.4210011687511,91.015625,90.9569597069597,95.2339688041594,91.146442210272,91.0840932117528,92.1792618629174,95.3708506732859,93.4491978609626,96.1538461538462,97.2943722943723,100.072931690049,103.899480069324,103.979868263638,103.331287614824,103.838191758325,104.56887290798,101.523947750363
"Forsyth","GA","Atlanta","13","117",314,,,,,,,,,,,,,,,,,,,,,,,,,,,,,,,,,,,,,,,,,,,,,,,,,129.553699255053,126.021841397849,126.979166666667,130.111082295989,123.879540598291,128.645833333333,128.290322580645,124.48132780083,120.000987947046,124.34554973822,129.685755988667,130.58595521542,120.231085632854,126.345840130506,125.33185840708,133.333333333333,134.465854252841,137.123745819398,135.772807840684,137.531328320802,135.079946312526,142.400542495479,136.892022601034,137.61013215859,145.360110803324,141.992882562278,142.972354018566,147.738967569787,146.625911046716,152.624062834702,142.255005268704,151.614495073892,160.533610533611,162.488012786361,159.035916276482,155.200239648516,156.474809673086,156.474809673086,158.020274299344,160.558986249689,158.812295160979,156.281673084089,162.235960844925,162.679899184941,165.198237885463
"Delaware","OH","Columbus","39","041",315,113.009049773756,111.500172362848,111.898744911805,112.227680279919,112.425243770314,113.063063063063,111.111111111111,110.23276474769,112.675635240228,111.62813283208,110.742122719735,107.278287657225,105.902777777778,105.799373040752,106.504276370954,105.515208475735,106.292134831461,102.492012779553,102.953296703297,103.111703943538,103.27011118378,105.327868852459,103.921568627451,104.828036497633,103.683035714286,100.504980213889,103.436857393692,104.315528829148,103.603603603604,103.436857393692,102.644117250219,103.603603603604,103.509722593881,105.627419657959,106.56275635767,102.356557377049,103.603603603604,107.602986785329,104.633920296571,109.94470316351,112.137203166227,112.221950736314,110.392798690671,113.886113886114,111.162790697674,118.381877022654,121.276595744681,119.78021978022,119.797154899895,120.487530083275,121.826855742297,124.792406274976,122.643004570249,124.057988093699,123.308953210914,119.774590163934,121.117424242424,123.249299719888,123.631508911476,125.999359177151,122.478991596639,119.579899267399,119.047619047619,117.296918767507,118.775995246583,121.117424242424,119.392011096764,121.841915995397,121.383315733897,121.25983968513,117.784907597536,117.5,123.150030248034,131.538461538462,129.842519685039,140.625,140.610665137615,138.795882936508,135.044642857143,136.039205892147,135.472370766488,135.743178390237,138.033097431922,137.058909507703,135.904499540863,130.410289115646,133.847402597403,136.654783125371,145.099713214207,151.123414484452,150.167593094722,156.507616487455,154.287598944591
"Hernando","FL","Tampa","12","053",316,75.4189944134078,73.3333333333333,71.9919716400792,71.0219459635218,70.8028206897358,70.2197802197802,68.0886990360745,68.4128225175919,69.3981481481482,65.8536585365854,65.5339805825243,62.7240143369176,61.5530303030303,59.4811401263014,58.165548098434,59.1856875371055,59.450563204005,59.6052275647528,59.024428517894,56.5540706983619,55.1744186046512,54.6875,54.9832117146482,52.4971623155505,52.7027027027027,50.9419152276295,52.1461716937355,49.3305144467935,47.8140180430257,45.7194899817851,46.1459403905447,45.1916124367317,45.3787878787879,47.0941883767535,54.2986425339367,53.1674208144796,54.2132579543562,54.3514879281303,54.2986425339367,55.5805335968379,55.6681995540691,57.0938215102975,56.6905615292712,58.4491587417703,59.4047619047619,58.3630692562795,57.3930395913155,57.6923076923077,57.7321877034694,60.7967449751789,61.2684729064039,61.1381109240129,60.5252525252525,60.0839219260272,59.1786714685874,58.6181471200555,60.1805259957434,60.4125752814873,64.2211055276382,65.3076923076923,65.3000248791686,66.7471889693145,67.8067318132465,68.1220678056121,67.65899864682,68.928553386083,69.0428500607689,70.7125603864734,71.7860156050293,72.9086722947045,74.9166666666667,74.8337028824834,76.267029972752,77.0605722779636,77.6450381387378,76.163369269044,76.4687396218989,76.3219741480611,76.635551948052,76.6477272727273,77.8678304239401,78.7037037037037,78.7968441814596,78.0487804878049,80.6795101553166,83.8366890380313,84.7619047619048,84.6452629291612,85.2965069049553,87.1913580246914,91.6557161629435,91.4611490860132,91.4874482201482
"Medina","OH","Cleveland","39","103",317,94.9686196348203,97.5576661729264,96.3322475163497,101.254826254826,100.378502113101,101.305984555985,101.960784313725,97.1638655462185,95.6140350877193,93.2155477031802,91.4249684741488,90.1960784313726,89.613142554319,87.7066115702479,86.6091847341847,89.3766937669377,93.135593220339,92.7857142857143,90.1808964781217,90.1328273244782,90.1757188498403,88.1176470588235,89.0419520547945,88.1176470588235,87.5288296122654,86.1980830670927,87.7666248431618,87.0473614963027,86.4197530864197,86.1980830670927,86.1980830670927,85.7843137254902,86.0041987403779,82.2560975609756,85.7462686567164,84.34375,84.1380427170868,85.7843137254902,86.4950386077147,85.5882352941177,88.1372549019608,90.7171306435671,89.1453141453141,88.8697409530743,91.4079822616408,88.2352941176471,85.1761642156863,85.3092301943199,88.2023586300334,91.2162162162162,91.6988416988417,92.4035098155859,91.8088737201365,91.7384024782982,93.3786078098472,92.2224023634529,92.6915395787945,92.8971486634469,92.5,93.0016617162314,92.5,95.0980392156863,95.1092605716986,96.3740458015267,97.1142520612485,95.5147058823529,97.3480920333571,96.9323806309814,94.2857142857143,95.4842931937173,95.5598455598456,98.5745614035088,97.8092190421401,99.5642585527859,99.9149659863946,99.924149659864,98.8909426987061,97.7457768516204,99.8833333333333,95.7969389151948,100.3861003861,100.684931506849,102.604717340701,100.190839694656,100.803571428571,101.571164510166,100.972147193711,100,103.889943074004,104.497354497354,105.699425555038,104.212219676577,106.300341486953
"Beaver","PA","Pittsburgh","42","007",318,71.4562271621711,72.3992572987339,75.1672240802676,78.8676236044657,80.7738996609277,82.3248051003722,83.6018760620348,83.5866261398176,87.6067503044286,88.2790616246499,87.9883923492605,87.6315789473684,86.9283418525403,87.2395833333333,85.7323232323232,82.7522559474979,70.6521739130435,74.8873873873874,77.4431590544872,76.3646076146076,70.9701402321083,73.6235119047619,72.742474916388,74.5400432900433,78.125,80.510752688172,79.6875,80.95703125,82.7499393351128,81.8050193050193,78.02734375,80.510752688172,76.1210359343356,76.8484340954177,80.510752688172,78.8898057043218,78.2776654411765,76.5548561909582,78.7240198975571,80.7770961145194,80.8855291576674,81.8681318681319,81.8681318681319,80.803147028186,80.9448758641046,76.3736263736264,73.968253968254,76.3736263736264,75.6048387096774,75.4859611231102,78.0107047279215,84.0544871794872,80.5871566791511,78.8706739526412,80.4534483395175,78.843537414966,85.4365831842576,83.4887955182073,79.2592592592593,77.0949720670391,76.3626120839397,78.211112570028,80.2996973772697,83.1842576028623,88.6999536070517,88.6999536070517,87.1212121212121,82.6746323529412,80.0860544217687,79.7685483870968,78.0208333333333,75.4657133646495,78.0794332079022,82.6470035659554,80.7770862552595,87.3681907445355,91.9144981412639,90.1883929118891,88.324363478052,89.9006133155989,90.6652360515021,91.6372699386503,89.4009462759463,86.9563971097266,82.7890338827839,85.3365384615385,89.5161290322581,89.4009216589862,96.045197740113,93.8380281690141,96.9470609866486,94.3361753958587,97.0266040688576
"Monroe","PA","East Stroudsburg","42","089",319,124.895833333333,124.022804263406,122.210972850679,116.491666666667,116.333333333333,114.666666666667,114.37779344959,111.931667988369,111.994268148625,110.451197053407,105.828220858896,106.527391679448,101.542959448256,96.6498458088029,97.6386545431821,96.0385521371891,93.3253873659118,90.6533575317604,91.6725476358504,91.8543693764386,90.7766282097629,91.7368018362663,91.7368018362663,93.75,90.4136040644587,89.5140664961637,89.3371757925072,88.2094017094017,87.9669971955128,86.71875,85.2541866028708,85.2541866028708,86.6569978245105,85.8658283077485,83.376379348213,81.7388309977243,84.4880445974916,85.7083333333333,85.7400722021661,85.5392156862745,84.1346153846154,84.0347222222222,86.402972027972,84.3672456575682,84.5283508018221,82.9941753182132,82.8635204081633,80.8477237048666,79.4306184012066,79.5343137254902,80.2865612648221,79.5343137254902,80,82.8144292893037,84.2749529190207,83.0895513714551,80.4484304932735,80,79.5165394402036,79.7582697201018,76.530612244898,77.1398578811369,80.6463414634146,82.1263000392465,84.375,88.7777777777778,87.495864551912,84.9773242630386,84.3470638454585,86.033411033411,84.9610051993068,82.8433565275017,83.2222222222222,80.9228650137741,83.500837520938,82.1322378716745,84.3108504398827,83.0257283853015,84.4594594594595,84.5588235294118,86.8055555555556,87.5634517766497,87.5634517766497,86.7940821256039,84.8214285714286,83.715698508319,87.0680894308943,86.5519072251661,90.5262896120506,87.6811594202899,88.8624273467015,86.8055555555556,87.5712250712251
"McLean","IL","Bloomington","17","113",320,71.3151927437642,82.0422535211268,78.5708104633338,82.0422535211268,82.3236477689667,84.6354166666667,82.6509102478587,83.8172454115958,81.9041299917131,80.426622786854,77.9004994107467,78.5839160839161,76.8230001161036,80.1282051282051,80.4455445544555,80.7688195469914,85.859375,89.2199508008331,85.5302631578947,83.7322850418148,83.1932773109244,80.4163749708304,78.4523809523809,74.9756572541383,79.7478991596639,73.2626092744223,79.9974063699554,72.8882833787466,76.8099547511312,71.1671612265084,77.7135812019533,74.0999713138267,75.1994807179699,76.552033492823,79.6001474700995,81.9967971671839,84.5141700404858,86.2962962962963,87.0010235414534,87.0010235414534,90.0186227996275,86.9565217391304,86.494455201549,81.8926553672316,83.303100677881,86.9565217391304,89.4378842494765,83.5514407468263,83.5005574136009,86.0383649637547,85.5462650128241,83.6023240800516,92.0600967659791,93.1611793358718,91.4835164835165,90.3841541808832,91.0335386721424,91.7224786931818,92.1363636363636,87.9598662207358,87.1749408983452,89.428263214671,89.4672180270886,89.0413466211397,89.2151722043019,87.7781232725263,91.7015931372549,91.5833333333333,84.8441926345609,90.0888554216868,87.037037037037,87.037037037037,92.8617452135493,93.75,91.304347826087,90.8391608391608,90.8649398704903,90.1408450704225,88.4649511978704,88.2154942331522,82.8947368421053,83.6836051861146,83.0188679245283,82.0554993252362,84.0338770388959,85.9714710419238,83.9622641509434,82.465495608532,85.2459016393443,87.8787878787879,84.6961701094097,87.3965813799049,90.0611486622007
"Minnehaha","SD","Sioux Falls","46","099",321,130.46875,124.392712550607,124.21875,120.748299319728,120.070200645291,115.552699228792,112.135768465692,117.647058823529,111.018518518519,110.615112187199,106.275303643725,105.085838491011,108.850096226257,110.062636165577,114.408396946565,115.118325398044,111.050877795538,110.544217687075,106.951871657754,107.088792672048,106.439878775565,107.487922705314,103.362068965517,106.926162073221,108.517871017871,112.86836935167,113.484848484848,113.484848484848,114.528795811518,110.933120008462,106.385135135135,107.450076804916,106.785714285714,113.888888888889,109.970583542739,105.700712589074,106.958073148974,121.162280701754,120.593869731801,124.930555555556,128.821681701031,132.566371681416,133.603238866397,136.785714285714,136.283936651584,132.761155682581,132.281059063136,126.966797707574,130.859375,129.707792207792,131.891464527908,128.088597210829,124.502617801047,121.412037037037,117.838541666667,124.481032665964,127.332599706549,130.69088399879,126.997578692494,120.798319327731,135.29871752094,127.709719422043,138.514357053683,140.343698854337,143.525404297628,143.665158371041,142.984893284394,151.785714285714,141.623711340206,140.134330759331,140.178571428571,143.810289389068,146.339362618432,135.842449145479,144.149795896888,147.102076124567,150.835073068894,157.298701298701,155.162454873646,159.93265993266,159.191176470588,152.917660131873,149.532948369565,148.465393705218,147.988806810695,147.844463229079,153.935185185185,155.418604651163,164.418859649123,166.150206888159,161.272321428571,155.622837370242,161.064425770308
"Johnston","NC","Raleigh","37","101",322,,,,,,,,,,,,,,,,,,,,,,,,,,,,,,,,,,,,80.3853781208796,76.2547724938713,74.0726451454133,73.6405529953917,75.8574246349505,78.1713927668249,78.125,80.7265419218007,67.7366286057692,69.4171915374677,69.9,64.4956140350877,71.7905405405405,71.5649131274131,71.981981981982,74.5330704021034,71.7905405405405,72.8125,75,77.4332472006891,76.1574074074074,81.5412186379928,77.8035801220837,77.0820082157291,81.3098387503149,81.6456595102428,85.9865796908759,84.8039215686274,84.1595365418895,80.112269446672,82.9828242995101,79.3359360478393,84.2005676442762,91.3149350649351,84.2005676442762,82.8348214285714,82.2818260368664,83.6788319015873,75.363765769453,85.6340970889315,90.1502504173623,89.2848214285714,91.4990859232175,90.0974025974026,96.5909090909091,99.8744019138756,99.7837201436228,99.8333333333333,96.7873372115521,89.2857142857143,87.2200022848706,87.7718996062992,94.3258893182719,95.0059453032105,102.327746741155,110.416666666667,113.333333333333,111.636025422207
"Bay","FL","Panama City","12","005",323,130.61797752809,124.580536912752,123.353909465021,118.545994065282,118.810714803538,121.474878444084,122.863247863248,121.527777777778,121.685927940177,121.440972222222,118.819776714514,121.457925333153,113.594276094276,113.065843621399,120.421686746988,113.849431818182,120.361445783133,121.129326047359,119.706840390879,117.100694444444,114.56842435656,111.545138888889,106.301145662848,105.039768271801,100.764976385782,96.3926174496644,100.08347245409,100.08347245409,100.226249604703,105.188374977849,107.575757575758,111.111111111111,103.298611111111,108.183834876543,116.393442622951,112.73359179198,110.59670781893,113.145448112768,110.859375,114.222775986188,119.565217391304,120.911116717121,123.353909465021,120.783895686565,122.74714341765,122.80701754386,119.816643159379,124.045462034512,123.614512124613,126.178451178451,125,125,134.065040650407,133.515533200643,131.201550387597,127.334465195246,127.352941176471,132.154646066487,125.670103092784,123.353909465021,130.297769360269,130.912698412698,131.499202551834,134.345794392523,132.477216238608,140.308013857108,138.672220350356,134.79797979798,135.834181563713,136.358402728506,142.138085649524,143.013468013468,142.688022284123,152.116402116402,159.95145631068,154.218106995885,163.555770470664,159.628378378378,150.641671745347,147.402033730159,149.5,154.218106995885,153.174692610122,147.222222222222,143.930041152263,148.231879486948,155.133060884831,152.028397565923,154.218106995885,154.218106995885,151.376146788991,151.587985598183,151.082699536673
"Pitt","NC","Greenville","37","147",324,66.9063300727275,67.7325581395349,66.3231825548417,65.2173913043478,64.7858945308477,65.23180171278,66.6490177528364,68.3917847138258,67.8214285714286,65.2462121212121,66.1029411764706,64.8154823893829,65.0036153289949,65.2257444764649,65.2356902356902,64.9074074074074,65.2701648841355,64.8414985590778,64.5395799676898,64.6771973912523,61.2322262802176,60.1961819168828,57.2271005509642,56.6807531949606,59.7507331378299,61.0169491525424,62.4978922489061,62.5451916124367,60.5858999759846,59.5932203389831,57.5593220338983,55.8712121212121,54.9953314659197,55.871476479652,55.871476479652,58.5333333333333,56.2104595304994,57.6271186440678,60.787363213911,60.9830508474576,61.6949152542373,61.6949152542373,61.5782268578879,60.9491525423729,62.4399615754083,63.8939670932358,62.7115062114329,62.9830508474576,62.1442125237192,60.3357817418678,61.6247565585978,61.4933786194593,62.1032158739168,60.5815831987076,60.6428571428571,60.1602279774849,59.6330275229358,57.898773006135,58.8768115942029,58.9033018867925,58.8768115942029,57.5839723863951,57.2872788542544,59.6428571428571,60.1045296167247,59.9090909090909,60.4226705091258,58.9159366576819,59.6153846153846,58.8899311098317,57.7880998355146,59.6153846153846,58.4935897435897,58.4935897435897,59.2185592185592,62.2699386503067,61.3496932515337,61.3113496932515,61.8688197953709,62.3214100031195,60.634216059929,60.989010989011,60.3511338697879,62.099358974359,61.2142857142857,62.3560538598718,63.8820638820639,64.0735967825305,63.8379204892966,62.9400696909246,64.0560416876206,62.3439000960615,62.3460391168567
"Licking","OH","Columbus","39","089",325,93.2706027814723,90.1295212765957,89.9,90.0621118012422,92.0698924731183,89.9,89.8391394212702,89.9,88.9122283958983,85.1159623465046,83.3333333333333,85.5704697986577,84.2122583748797,79.86344873502,76.6071428571429,75.4372019077901,80.4599277978339,83.8104639684107,80.7799442896936,79.6283333333333,79.3766336243034,76.7340071480097,78.9,72.1723367253076,70.8693609022556,73.6961451247166,76.3593035577621,75.8424512298558,80.099770620372,82.9842645546845,83.2557846472989,82.4159021406728,80.3171068796069,75,81.8032786885246,82.75,86.4207113159798,87.5280192444372,86.6962143455943,90.0205761316872,90.0205761316872,89.2006802721088,84.7321428571429,83.3234008740564,81.2395288492972,83.2028112449799,78.2657657657658,79.4978070175439,80.6673684865582,85.6617647058823,86.1572717822718,86.00673232764,87.3067010309278,86.7991551459293,86.5827049294791,85.1250312187812,85.6725209042207,88.3035714285714,83.2692307692308,79.8130889391348,77.8070338198869,77.9029462738302,84.9206349206349,94.8511956102089,90.7051282051282,88.9513108614232,87.857746863066,87.5744680851064,86.890243902439,83.5600907029478,81.6666666666667,81.3118489583333,85.6082502228661,83.3333333333333,83.4969558417134,89.5522388059701,95.1142131979695,98.7158422652731,96.02993836492,99.3538767395626,96.02993836492,91.3019444054471,85.217482481833,92.5416666666667,96.7473073964172,98.728813559322,96.0470085470085,92.6730540701129,103.70282990644,107.059756097561,112.268819875776,119.916974169742,120.75
"Kenosha","WI","Chicago","55","059",326,123.826912799703,123.325499412456,122.417085478782,122.417085478782,119.204655674103,117.264791464597,116.727729457087,116.334564182846,116.167167736432,115.674643241788,115.485362095532,111.649580615098,106.102635228849,106.034398647372,105.191597414589,102.159090909091,101.289134438306,101.810480693459,103.346751831407,103.952843273232,102.149584365051,101.278013165099,100.490596892886,97.4244152128218,92.8737184653447,91.3617886178862,91.3803900518876,90.625,93.2066601516228,92.6716141001855,94.4504746614547,93.2539682539683,91.9642857142857,89.1741071428571,93.4856842113032,94.0391247678697,93.6594537787605,93.3220147142049,91.139908008658,90.8363636363636,94.6284198257883,96.319018404908,100.732041146733,99.3922651933702,99.4696833213228,98.7644151565074,97.8628673196794,93.4146341463415,91.0946825827455,90.7491486946652,93.8674033149171,94.3752456172301,96.9588489066918,99.375,99.750871356147,100.277442026517,98.9112101817917,98.8950276243094,100.177462289264,100,97.7244451656776,94.5661700262927,95.8586998042305,98.7968020003948,103.775462962963,104.017857142857,98.5177777777778,100.462188070603,100.757476818597,99.8888888888889,102.091191353978,99.5020746887967,100.69082710815,101.190476190476,103.472222222222,106.294855586891,108.969696969697,108.846827651515,102.116788321168,103.959158031591,105.340829234013,109.754063328015,107.731958762887,103.51966873706,103.889977726583,103.611686220382,104.960957825821,108.098824566347,111.219946571683,118.234239718615,116.298020954598,115.256907894737,117.253585318425
"Kent","RI","Providence","44","003",327,147.079813942151,149.827160493827,150.456096986817,150.914913083257,150.219985875706,151.108870967742,151.242508878366,144.71403812825,143.913278776143,142.257241040746,141.528063241107,137.455673758865,138.761467889908,137.41134751773,134.499333683867,130.465250329381,130.23050790071,126.704361011782,125.649622799665,127.996340347667,130.947580645161,129.761904761905,130.123697916667,128.115264797508,127.907064216936,126.403162055336,126.842400420473,132.437109882284,132.454128440367,122.528735632184,130.252525252525,133.076923076923,133.622994652406,133.641975308642,133.641975308642,133.622994652406,127.873657032676,129.713114754098,130.434782608696,136.557075647572,136.353711790393,138.104838709677,136.397965995288,138.820879058488,139.022556390977,140.379669199114,139.9,137.225274725275,134.412093283061,134.175681953939,132.570905763952,135.9,137.97619047619,138.804713804714,141.1875,139.63963963964,137.145471180238,135.073779795687,134.611602753196,136.716727084412,137.985074626866,136.802575107296,143.480662983425,139.772727272727,136.012658227848,142.464848143982,143.75,145.759870403858,146.499559525517,144.333333333333,144.137286324786,141.716417910448,140,140.838143382353,147.949886104784,150.236127508855,150.236127508855,151.104651162791,153.246753246753,156.479341765433,155.075187969925,154.72602739726,157.549645660126,158.488805970149,155.018248175182,154.835680751174,158.557692307692,158.576329331046,164.875956291751,175.012113296456,166.501871170054,164.506172839506,169.570135746606
"Middlesex","CT","Hartford","09","007",328,176.609105180534,177.741633075284,176.710171894382,175.324675324675,172.872340425532,169.982993197279,165.770719834029,166.206429748903,162.982998454405,163.965625,162.760416666667,163.007136395852,160.526325809498,160.645161290323,165.277777777778,158.333333333333,156.881720430108,155.366098294885,150.451511201102,152.362804878049,147.685185185185,146.532485444404,146.53719311103,145.640057991709,146.53719311103,145.89905362776,142.738095238095,145.252186444047,146.845262448101,147.368421052632,147.684729064039,150.201539025284,147.80381125817,150.04995004995,148.655892786756,148.432343234323,151.986183074266,149.487179487179,147.903679377003,155.807365439093,160.858704859733,160.607394366197,162.958115183246,156.05493133583,156.05493133583,160.502958579882,156.130458625662,149.954545454545,148.809523809524,149.174596249943,143.536358190015,150.617715631817,152.49653259362,154.005281690141,160.043352601156,161.380274712022,165.31862745098,162.307692307692,159.368686868687,156.477014326598,158.034188034188,154.846220959446,163.690476190476,163.090077615205,163.690476190476,164.622336991607,163.690476190476,156.466512702079,154.021677124929,153.485758013774,156.905702872684,151.482115677321,151.769197207679,147.368421052632,147.232142857143,153.009503695882,153.453947368421,158.351887888374,158.213897756496,158.075370121131,161.547344110855,163.01247771836,167.267353793467,166.428571428571,178.132697044335,174.806215332101,168.149038461538,169.84505363528,171.147260273973,172.662601626016,172.924901185771,171.614625974978,173.076923076923
"Scott","IA","Davenport","19","163",329,,,,,95.3993055555556,95.3993055555556,95.3993055555556,97.9411764705882,95.3993055555556,95.3993055555556,97.4634146341463,91.5551671488267,91.8147467320262,91.7892156862745,93.9455581761006,95.2310886971,99.6105087572977,94.8720787986164,94.5410166043467,88.3838383838384,90.7051282051282,87.0793269230769,87.0793269230769,85.6617647058823,73.2404692082111,77.9061371841155,73.8514198579668,85.978835978836,88.3838383838384,87.2110462181844,84.1887951072937,84.280303030303,83.6853605243991,87.1799516908213,88.8192267502612,90.0876794016576,92.0245398773006,93.7782805429864,96.4134557083923,100.883838383838,103.411513859275,100.328947368421,97.9274611398964,96.4035087719298,95.4022988505747,94.138140364449,95.9803921568627,95.9803921568627,93.0392156862745,93.0392156862745,93.9900019413706,94.5656446540881,94.5656446540881,95,94.617269984917,97.0425138632163,97.0592197435068,93.6458333333333,97.7517106549365,92.7077377549076,98.0290418054014,100.42328042328,97.8073610023493,100,100.211092081595,99.4996170049789,94.6969696969697,95.6316558984194,95.8163265306122,98.3932032115172,95.8163265306122,94.6483686067019,101.598173515982,100.367647058824,100.367647058824,102.859477124183,102.427184466019,111.625757981095,119.025509775268,115.98649656874,119.972634238787,116.226004034858,118.803944824287,120.442708333333,122.420400778515,125.665680473373,124.425671078148,124.53007518797,123.004240535431,125.665680473373,125.665680473373,125.665680473373,126.33539758098
"Porter","IN","Chicago","18","127",330,111.791771214366,108.134920634921,111.791771214366,112.952173913043,113.6460554371,114.196675900277,114.005716286088,115.221987315011,112.682481751825,111.930719820284,110.625,111.383345035498,112.838709677419,104.036458333333,109.237536656891,107.53224666796,107.757902298851,106.50535797728,106.04774535809,104.431818181818,102.882141019043,103.028350515464,103.006872852234,102.856771925223,101.374502418354,98.2418626752198,98.7787356321839,98.7787356321839,98.5355426794799,98.7787356321839,95.7574795371154,96.242774566474,93.9713488645595,92.6236013531095,99.2,98.3701426836673,98.3796296296296,98.5745614035088,97.5171232876712,100.637755102041,108.536585365854,111.095260009204,110.849056603774,111.72997766782,108.161350844278,107.02313553079,108.536585365854,107.73185483871,106.603593272171,108.536585365854,106.286266924565,104.895,109.988109393579,108.536585365854,104.5,104.166666666667,105.068554652315,107.54435209278,106.679035250464,107.266721717589,105.900143770739,109.930222102867,108.776311286044,112.610544217687,119.84011627907,118.620178041543,110.294117647059,110,108.730030755724,111.741214057508,117.363344051447,117.363344051447,115.819793080054,114.799154334038,114.087301587302,110.435926507355,110.24856342653,114.087301587302,114.299610894942,118.559322033898,122.109158186864,121.587301587302,122.595252966896,123.143468683166,123.078056816009,123.553693122069,124.430356027483,124.349680937718,123.880424656749,125.139043381535,127.52487244898,130.965517241379,128.783601257694
"Davidson","NC","Winston-Salem","37","057",331,,,,,,,,,,,,,,,,,,,,,,,,,,,,,,,,,,,,,,,,,,,,,,,,75.0579095117707,75.7219251336898,78.5647501745288,78.857229373486,80.5749128919861,87.687104824293,83.2273814591822,88.5676830676831,81.9753086419753,84.5697329376855,80.0152555301297,78.8150587979094,75.8189655172414,75.5482544358557,75.0037805578512,81.0564663023679,81.7181266186043,95.7854406130268,87.2169665012407,82.6882754342432,80.517578125,76.1948529411765,78.6443148688047,91.5219634641225,89.4545454545455,91.7033773861968,78.9494308167924,79.2307692307692,86.9152970922882,87.9230557438157,90.1197752771966,79.9810606060606,78.6502566639866,79.0731292517007,79.0731292517007,79.0731292517007,76.5221088435374,79.6552048575759,79.295154185022,84.1414161185928,91.25,89.2857142857143,98.4284116331096,92.9315476190476,95.0081625061994,94.9619771863118
"Boone","MO","Columbia","29","019",332,84.7868217054264,86.3317757009346,87.6337633197389,86.4091310937105,86.646021021021,85.7643969026505,82.5238631488631,80.945945945946,84.6628764070625,86.6036249014972,84.4621513944223,84.5665961945032,83.2051282051282,84.4621513944223,80.9201972883175,79.4392523364486,80.1720715531199,82.382762991128,80.5941827085444,80.3373015873016,82.3353293413174,86.390977443609,86.5833333333333,85.9882815145973,87.5118259224219,87.6201923076923,88.25,88.9599421042604,88.25,82.8578780149461,79.4407894736842,82.9059829059829,78.8459552749587,82.2072072072072,79.4407894736842,77.1165772256946,82.2072072072072,76.8335399731524,80.8239983404457,86.5051903114187,87.0833333333333,87.0833333333333,87.540800754549,87.5984251968504,87.5984251968504,89.9872448979592,89.0355560828983,87.3551106427819,87.0301008446543,86.6701791359326,86.4067439409905,87.1969332652059,86.4067439409905,84.5177586313767,89.5229627678258,87.4125874125874,85.4227405247813,84.5103120613325,82.7323232323232,85.4227405247813,84.6354166666667,85.1799242424242,85.2439024390244,90.0270027885446,88.7084919302199,88.4902768464412,87.4125874125874,85.6168660854795,84.8549946294307,83.9151253080016,82.0512820512821,74.604743083004,76.2548262548263,75.4297846689151,83.0564784053156,86.9336143308746,87.4604847207587,87.6494023904382,88.2936507936508,88.5683760683761,90.9314620227068,92.2722029988466,91.2873427900917,90.0838602037232,87.4504750342367,89.5161290322581,89.2299107142857,89.4625922023182,90.7051282051282,92.6640926640927,101.497921100827,103.932584269663,100
"Kent","DE","Dover","10","001",333,116.533546325879,115.833333333333,117.168288314454,112.967914438503,112.63052932327,112.967914438503,115.833333333333,112.293144208038,110.204081632653,109.375,107.432432432432,104.69032882826,104.42128934079,105.800653594771,102.554563492063,98.3952702702703,104.679802955665,97.980668437779,94.5700439266616,100.806451612903,101.01942298955,100.505050505051,99.9966666666667,98.5595147839272,98.4848484848485,101.36980137707,102.905569007264,107.031680440771,111.756736467008,104.0625,102.977448180762,99.9966666666667,102.953296703297,99.9966666666667,98.9084858569052,104.533333333333,103.771296296296,104.533333333333,109.315756014321,100.492086038961,101.598837209302,101.598837209302,99.8888888888889,104.073234811166,107.396694214876,106.469573522532,111.538461538462,118.616071428571,113.515393724097,117.1875,120.739439555525,123.891742770167,120.925266903915,120.78729281768,120.765799488427,120.765799488427,120.240622788393,117.408330366679,116.136597615772,116.071714852213,117.408330366679,119.153571004764,120.732803813845,120.240622788393,119.259522961908,120.287535474464,125.096277278562,119.830827067669,119.444444444444,113.935810810811,113.935810810811,118.819776714514,121.136363636364,121.753246753247,117.71254492363,124.21875,124.256267655367,124.789562289562,124.293785310734,117.417879188713,131.605691056911,132.464415341019,126.36186770428,133.567305252474,123.953488372093,132.5,131.584302325581,130.208333333333,130.208333333333,122.427983539095,130.208333333333,137.532123122901,132.218737639148
"Beaufort","SC","Hilton Head Island","45","013",334,204.376638529782,202.904062125195,201.896800306874,197.237291882791,197.709153855927,197.709153855927,177.857142857143,180.530164533821,172.666666666667,174.690007293946,179.640718562874,173.362628661916,168.108108108108,160.393873085339,152.357142857143,147.034050523627,142.970701794231,138.776232045501,136.837512076276,132.449941107185,136.209511636577,134.162892352452,129.977876106195,132.959268495428,129.977876106195,134.261703760553,138.743455497382,138.743455497382,138.573315719947,139.164547910377,139.043381535039,141.891003806508,141.652613827993,139.480548756924,153.52645233246,150,156,156.751779124934,156.846092767816,163.779219362706,162.841105354059,162.037037037037,157.657657657658,158.960765984026,160.010224435106,160.952380952381,159.027128157156,161.068702290076,162.109375,166.266033254157,166.583333333333,171.515265265265,171.734234234234,171.515265265265,169.21686746988,170.907827698008,172.96322999279,170.907827698008,168.444444444444,165.701881331404,162.292817679558,162.870159453303,168.806306306306,169.587337478802,172.344430273184,171.483746700069,169.518295507179,170.157068062827,172.508409418549,176.56862745098,174.993654822335,177.31379144642,177.31379144642,179.971594684385,181.107648120083,180.832356389215,181.754028158322,184.194587527863,181.302510960542,180.39770397704,180.396545563479,181.78750886183,179.532497149373,176.889355448841,177.805010039846,180.400158769338,181.788139157604,178.980152027027,180.726391028717,183.704710144928,185.061119873817,185.639880952381,187.881803509221
"Greene","OH","Dayton","39","057",335,88.2268485283561,83.9738502238502,83.5954037587204,83.2510563253318,82.3664592212256,83.2211824123589,82.483847810481,83.2352941176471,84.4474153297683,84.3706777316736,80.9947656409807,79.041940566089,73.4539254823686,72.6222826086957,72.9349863667348,70.3003796005942,70.3003796005942,71.1909514304724,70.3595041174557,70.3553835327234,65.6078860898138,62.5099206349206,61.8729096989967,58.2197274924914,59.1939185312679,63.9880952380952,60.6060606060606,67.2667572463768,69.5869222689076,70.0669145720649,72.4368499257058,73.5050597976081,73.4558823529412,74.3069641649763,78.0539772727273,77.281746031746,77.2772366522367,77.281746031746,77.281746031746,77.281746031746,79.9382716049383,77.039544161649,77.4526678141136,74.424124284323,74.3069641649763,70.5294117647059,70.5677361853832,69.7843822843823,70.7060804119628,71.9491525423729,73.1225296442688,77.8005464480874,79.4056048345264,80.9045226130653,81.2906724511931,80.2166934189406,81.2043795620438,79.3686851303703,77.2691908713693,77.0833333333333,75.4113198309627,76.5672881779899,77.0833333333333,77.5382261581264,79.2344497607656,79.3835616438356,80.9311224489796,83.2072617246596,80.8340162988272,81.1111111111111,79.3835616438356,76.9,77.2522522522522,74.1861802567888,77.3568175289658,79.3708851499634,84.853767610303,82.8167155224519,81.0606060606061,80.9413580246914,81.8330605564648,80.7070707070707,80.6100217864924,80.510752688172,81.1265544989027,82.1678753693258,82.1004566210046,87.2176624037666,86.2414438282168,87.2311827956989,87.7976190476191,88.0952380952381,83.1027219466922
"Portage","OH","Akron","39","133",336,93.4137083602579,93.5828877005348,93.922305764411,97.2943722943723,97.6904774505394,100.840807174888,98.3825597749648,100.675675675676,97.3277074542897,96.3184931506849,92.9060939060939,96.3184931506849,92.8884808373445,91.6356628199619,90.1328273244782,91.3502109704641,88.4375,92.7209705372617,91.6496945010183,91.0540948469342,87.1866391184573,87.1866391184573,87.1518262376914,85.5681582225914,84.2485549132948,85.5681582225914,85.6982800387597,83.2407407407407,81.7145672171874,78.6491387935963,81.1298076923077,83.1353919239905,81.5759477683239,79.5647558386412,84.0882000330724,85.5154060037073,85.7616802701942,84.8018474798043,85.8909420887642,88.3015597920277,87.0535714285714,90.2319948057137,91.6666666666667,93.7687687687688,93.7874812874813,94.1007709390062,93.1914893617021,92.5516270337922,91.9117647058823,94.7817836812144,95.5649952471483,98.4413453650533,101.035595689889,101.365546218487,99.7409326424871,99.7409326424871,94.7817836812144,95.1160965721814,93.0026572187777,88.4853852967228,89.0704006223259,93.3211436170213,95.1339915373766,94.7199825876297,90.8535912664043,91.4239826038066,91.3561995643735,92.5,92.7157738095238,84.5296347235998,86.37987650752,84.3189368770764,88.8513513513514,90.9450729484899,91.015625,94.9710293384355,96.6340933767644,96.6340933767644,94.4865668272125,91.1366468558282,94.6118933357479,94.3708609271523,98.5576923076923,93.3374964818463,92.0394736842105,98.5576923076923,99.5705525336165,101.487906990753,104.087797619048,100.694444444444,101.068071840685,100.900017163617,95.1923076923077
"Sumner","TN","Nashville","47","165",337,,,,,,,,,,,,,,,,,,,,,,,,,,,,,,,,,,,,,,,,,,,,,,,,,,,,,,,,,,,,,,,,,,,,,,,,,,,,,,151.675840978593,153.269754768392,151.765536723164,142.802571860817,144.317329332333,144.246061515379,139.990949023994,144.533811426834,148.30832708177,150.714604734256,157.676616997762,156.603551177076,158.39243498818,155.827702702703,158.619188710004,154.631077493727
"Rock","WI","Janesville","55","105",338,82.0835414585414,81.8181818181818,80.6730769230769,80.9156626506024,79.3388188608777,78.0597844784318,78.9528995101284,78.0597844784318,82.4014665444546,79.2347190928159,77.5432816537468,75.5681818181818,76.2354651162791,74.8992757981859,73.5789473684211,70.049504950495,70.3429101019462,71.0308056872038,71.5942740631817,69.2674827107877,67.6957831325301,68.9529220779221,67.5921189698745,63.9481000926784,59.9315068493151,59.9264705882353,63.5909090909091,66.4473684210526,66.5333333333333,67.6567656765677,67.6567656765677,67.9046563192905,68.362843551797,64.4736842105263,67.9046563192905,68.8952323717949,68.1168831168831,67.2929329257328,71.2573568753344,74.261316872428,77.7790692129795,75.2003643946415,77.8720395899611,76.4905149051491,75.1736194839643,75.7854821235103,73.3957219251337,75.0862068965517,75,75.2559296373729,75.5612581117155,75.1748251748252,73.412204234122,76.7178658043654,77.3553459119497,78.2781862745098,74.0047411075799,72.5757575757576,73.3898305084746,73.4010173712983,71.6129032258064,70.4251508295626,71.0610661268556,69.3166433239963,73.4997139106728,73.5872235872236,72.9809104258443,72.0183486238532,72.398326322096,73.5671191553544,72.9422066549912,73.33007768647,69.4056628631237,65.8767772511848,75.2319597772399,76.7543859649123,77.9256505215806,81.4311594202899,83.6842105263158,81.1004784688995,82.1603641456583,85.4057057605651,81.5217391304348,74.5,80.3938060731539,74.8531510759772,86.6,88.1795195954488,94.0559440559441,94.0559440559441,90.7954545454545,86.9844179651696,86.9844179651696
"Jackson","MI","Jackson","26","075",339,,,,,,,,,,,,,,,,,,,,,,,,,,,,,,,,,,,,,,,,,,,,,,,,,,,,,,,,,,,,,,,,,,,,,,,,,,,95.4411764705882,86.3509749303621,83.3521422607243,83.0106421356421,94.4010861606053,97.9901960784314,98.1617647058823,94.3333333333333,96.4303221288515,95.5392156862745,95.056674089194,104.130778547877,97.65625,92.1950097986621,93.3609958506224,93.463885547461,93.548085106383,96.7522143992732,93.9285714285714
"Aiken","SC","Augusta","45","003",340,91.92,91.7832167832168,91.4835164835165,91.4835164835165,93.4210526315789,96.2006405756406,100.559284116331,96.0937286756959,96.0622710622711,93.6894601877172,96.0737179487179,96.5658293905151,97.3313612459547,95.1067615658363,96.3369963369963,95.0173174976692,95.1067615658363,92.6240208877285,91.4835164835165,88.5541474654378,85.423197492163,91.1904761904762,86.2727272727273,86.2727272727273,85.989010989011,87.5172413793103,87.5172413793103,86.8815592203898,86.8815592203898,86.6506561534048,88.9539226905715,88.6654478976234,91.2052723027637,90.9919028340081,89.6830206392131,91.2094433200934,91.4149443561208,89.880059970015,88.5480572597137,90.0375658362327,88.4796238244514,88.4166987869249,87.4649859943978,86.3149847094801,85.2803738317757,85.2803738317757,83.3333333333333,85.6346924103933,83.9124111182935,84.0336134453782,86.1800780481556,84.9956634865568,86.5712338104976,87.355028955721,86.8032786885246,85.0170068027211,85.423197492163,85.8150470219436,85.2860501567398,85.9717868338558,94.4444444444444,96.1538461538462,97.6703042328042,95.3341740226986,94.4444444444444,96.015746922197,94.4794731679978,94.1713833250242,88.6607056230856,87.8205128205128,89.8074416682561,87.8205128205128,87.8205128205128,87.8205128205128,87.5224416517056,87.8205128205128,89.7341888175985,90.9013605442177,93.8820101966497,95.6607447898873,99.6170916727583,95.8751073021442,93.6009563885331,93.6727595853363,101.934523809524,96.7741935483871,105.545774647887,105.643879173291,104.446994466801,105.541095430801,106.207482993197,106.207482993197,106.207482993197
"Charlotte","FL","Punta Gorda","12","015",341,96.9882593159775,99.2196209587514,96.8137254901961,96.4912280701754,93.6619718309859,89.8674242424242,88.830255057168,87.2311827956989,83.5548127140732,83.8374410145861,84.1165413533835,81.9128787878788,80.3977272727273,81.6326530612245,80.8954759998314,81.7272727272727,83.5119606003752,84.0168067226891,83.3333333333333,81.6425120772947,79.7659711755128,78.3783783783784,79.9207593252467,79.270325203252,78.196872125115,80.1666569035206,78.7101836017515,78.0247075584883,79.0020806273151,77.713159966075,77.6338514680484,75.6827961330811,77.1544715447154,80.3334590878605,90.8353609083536,91.582776805737,96.07717732184,94.9194347809823,93.8704893722195,95.5174686882004,95.2346041055718,94.994994994995,95.5174686882004,94.1374757015959,97.1984435797665,99.3032803462363,97.3782771535581,99.6358988214184,99.4837758112094,98.2032565974172,99.6131528046422,101.352553838299,102.941176470588,100.97806162661,101.666666666667,103.658536585366,107.592067988669,110.157367668097,108.63853804614,108.048020186265,112.767336357745,113.965406790519,114.729829755736,116.406966086159,117.48563982555,116.019018861331,114.965397923875,118.788838956571,122.196534321305,120.39586919105,125.125628140704,125.474256805915,128.563262952801,128.874927888059,128.817419825073,127.571115973742,127.282377919321,125.448235974552,129.038287191145,129.038287191145,130.421686746988,133.189526292916,135.48294676209,135.859831871345,138.888888888889,136.73805601318,134.071340713407,134.625921249465,135.656108597285,137.072368421053,138.250243031538,136.694677871148,137.160374478478
"Kenton","KY","Cincinnati","21","117",342,,,,,,,,,,,,,,,,,,,,,,,,,,,,,,,,,,,,,,,,,,,,,,,86,89.5043731778426,88.8888888888889,88.8888888888889,91.043609671848,99.7718649285928,99.6559633027523,99.306802473886,99.9523809523809,99.1983967935872,109.544706527702,103.116075071399,103.503854239664,103.294573643411,102.986208104504,101.435357414778,102.442880456956,101.525590551181,101.726799139483,104.286366755273,102.932476540188,103.294573643411,105.526062419655,106.655214940099,108.279586404586,104.086353122591,102.932476540188,98.4939309072512,94.4444444444444,99.9754310448807,103.084178041964,98.3199207149661,99.1083207261725,95.0532724505327,100.52950075643,100.411522633745,100.155761316872,99.8025355104208,96.4573268921095,93.4523809523809,93.7194622054831,102.333117303953,107.758620689655,99.6183170357049,98.169512195122,97.8932577125563,109.128527841342
"Iredell","NC","Charlotte","37","097",343,89.3230983949756,88.027149321267,88.3846153846154,89.4324655321491,87.9053544494721,87.6696832579185,87.2852318184799,89.1203703703704,91.6857798165138,90.0543358215815,83.4711369353726,83.4502103786816,80.1824095022624,78.4373726650797,70.4705882352941,73.2704402515723,78.4511784511784,81.9125683060109,75.7931034482759,82.1324877501354,77.3399014778325,74.5776594186983,70.8047945205479,70.7762557077626,71.1608646827625,70.8047945205479,76.8668327605392,75.8761682242991,76.8668327605392,71.5881883479649,67.0381098370229,68.8455094549025,67.6510989010989,72.431864651905,73.6464968152866,75.2,77.6262753202264,81.5823716931352,86.4957423176601,88.4430153738279,89.0099441568802,87.4513718702336,86.3792734900001,87.1100917431193,88.5081095854148,86.7583212735166,85.9410819262039,87.0841487279843,83.005230809789,88.2872928176796,87.1212121212121,88.0265308688545,88.7530745769382,89.4047198407306,92.156862745098,88.6695251339102,88.2872928176796,87.9568106312292,81.6964285714286,85.3174603174603,84.6354166666667,84.6354166666667,82.1817175372881,89.62102744097,90.6321401370906,88.8253968253968,90.6533575317604,91.9620065265134,97.4903612012987,97.1387987012987,98.763197586727,94.7145781509121,93.1445603576751,90.6533575317604,91.1697247706422,89.6742655916968,94.1176470588235,104.761904761905,109.581497797357,113.322287677958,107.357924921794,107.142857142857,108.40108401084,108.89262100534,107.962529274005,111.43043921084,114.903403863845,122.975517890772,124.913793103448,122.962368320386,119.846596356663,113.899144609425,112.95
"Rensselaer","NY","Albany","36","083",344,127.352941176471,127.509803921569,129.053084648494,136.054421768707,137.511994002999,142.500343243144,136.158524015667,133.564614050304,136.262626262626,140.255055032621,139,135.579993483219,134.00365630713,135.483797603363,134.00365630713,134.647302904564,135.006142506143,134.439461883408,135.012285012285,135.822906199012,136.060209424084,134.122919334187,131.515151515152,129.591858943958,127.166853748783,126.33805166333,124.61655011655,126.282051282051,121.212121212121,120.357142857143,121.796657381616,121.220162198176,121.873045653533,120.853994490358,120.495867768595,120.495867768595,122.790404040404,122.159090909091,121.212121212121,121.527777777778,124.694589877836,126.761561954625,121.212121212121,120.919324577861,121.212121212121,120.919324577861,120.107736240914,121.357142857143,128.125,126.46484375,126.157814545157,125.082945818656,125,124.753451676529,126.293995859213,126.712328767123,125.399536728071,125.136165577342,123.425312911726,124.528301886792,124.275869693396,126.547842401501,126.547842401501,126.226819751475,122.247706422018,117.750089998518,120.649269511726,118.784153005464,124.841072545341,119.866666666667,117.464315701092,115.634887925172,111.434366522656,112.760049061126,115.513601624713,121.443089430894,116.454802259887,117.087276550999,119.804431461955,124.047492804121,119.698093512804,119.801084990958,120.027547843073,115.348277201725,112.964847259659,117.125097125097,112.100576662144,121.764322916667,124.612809574594,127.869931542917,133.071553228621,135.62712585034,130.740278443555
"Pueblo","CO","Pueblo","08","101",345,100.553902116402,103.085677102839,105.540976901384,104.166666666667,103.360215053763,102.782819116757,101.602216380491,101.387863247863,99.6469549867608,97.4756167527252,95.7239527214549,91.0307898259705,87.922471620227,87.4569262577533,85.0600612167339,87.8703703703704,89.2113095238095,89.2113095238095,89.2857142857143,87.7724704565173,85.127807900852,84.2570281124498,80.9226932668329,82.1739130434783,82.2046035805627,78.1893004115226,70.3705731196023,78.4872298624754,77.7917102347176,83.6008230452675,87.3251748251748,85.0694444444444,83.2491582491583,83.7730870712401,90.0241661355428,93.1174089068826,92.9794951622513,96.1538461538462,98.2805082280143,97.6973105220544,99.4556765163297,99.0854516821956,100,99.5330220146764,101.637619291808,95.5161517320127,93.8674812030075,94.6066283372984,89.9400619846793,95.2380952380952,98.4953703703704,100.117924528302,103.225806451613,104.326213450114,100.961538461538,99.4994588744589,98.7937871777925,97.7184644255875,98.3796296296296,97.7806788511749,98.4845961970433,97.7173913043478,97.3098330241187,101.351351351351,102.266842563797,104.497907949791,104.117260262159,98.6111111111111,104.756924091442,107.276119402985,106.832971800434,111.169962335217,109.857072449483,108.111710963455,108.806818181818,108.573323354354,112.433862433862,112.474437627812,120.881033415842,122.487745098039,118.203309692671,118.811274509804,119.05791543236,113.453815261044,113.787501449798,114.548989144271,115.268329554044,118.887931034483,123.785926660059,130.005839710028,120.012997423418,123.318385650224,124.643874643875
"Sarpy","NE","Omaha","31","153",346,123.220164830882,121.992583631391,119.601096564843,116.238670694864,121.171770972037,123.2741617357,122.183836452479,120.25865261183,119.747305389222,118.055555555556,117.80997918293,115.131578947368,116.634241245136,116.330102571915,116.814023180122,121.848739495798,121.212121212121,122.091994615897,121.552206007851,118.090825063242,118.552036199095,116.507936507937,114.916666666667,112.5,113.747223984772,114.916666666667,116.04774535809,121.130504220853,123.564675133315,120.576118326118,120.096153846154,116.854838709677,116.854838709677,116.854838709677,116.854838709677,116.854838709677,116.929604529719,117.056076116426,119.88554054232,121.418636995828,122.217325954772,124.350649350649,123.035302738415,119.555195271876,124.008053790454,128.900949796472,126.482811768915,124.702380952381,125.390276538805,128.130050606815,130.785114583063,132.717830351991,134.07012195122,135.963980331365,133.358042994811,139.448568398727,139.920324477581,134.169395271792,135.841974811549,137.863182857716,148.11229428848,152.200488997555,147.820405699373,149.449877750611,147.670454545455,139.671268162975,137.704918032787,137.13768115942,135.623409669211,135.623409669211,136.803519061584,137.91681018678,142.399500875507,138.719512195122,143.829653535175,144.048521607278,143.524740378742,148.956482114377,146.361943003317,143.990929705215,141.297366730893,144.046578876199,128.375120540019,124.68487394958,133.760395594516,143.4034416826,147.368421052632,154.943393300248,153.528683450268,147.342332932964,146.671927537226,158.523889356946,154.660724752612
"Hampshire","MA","Springfield","25","015",347,172.372611464968,171.457905544148,166.5625,171.919770773639,172.453703703704,173.579616809796,173.671689135607,171.325246305419,170.679028604541,171.661268631397,172.190319934372,170.626349892009,173.434856175973,172.190319934372,170.937402239276,166.666666666667,166.469282013323,168.096086277572,166.307557673328,166.307557673328,172.727272727273,172.03704922348,166.666666666667,169.134853713064,166.889312977099,163.027010874562,155.457746478873,160.963891721517,166.889312977099,160.691318327974,158.28025477707,156.809078771696,158.592948211889,168.6875,161.13119278406,162.978248480243,162.061838624339,158.18759936407,164.84375,167.594954920391,165.47619047619,167.059980334317,166.923076923077,163.888888888889,163.615769042496,163.373860182371,160.485021398003,158.42647747118,161.585835257891,169.406779661017,160.513643659711,165.384615384615,167.606707317073,166.666666666667,171.028880866426,173.511904761905,168.461538461538,162.118320610687,162.128871843805,165.384615384615,157.547791694133,157.734541659377,163.831967213115,163.669064748201,165.034714569099,162.262038073908,162.423827256132,160.739087301587,166.5625,167.05069124424,167.05069124424,167.05069124424,165.654240419572,170.324189526185,170.094562647754,174.157236342743,175.714285714286,172.202098832093,171.875,171.080398674489,174.794238683128,177.923789919758,177.057791537107,172.066234701224,167.678313773262,167.176993487062,166.33226172466,168.171557562077,165.586753059755,170.723260988779,177.303802582921,184.681181959565,182.044673539519
"Deschutes","OR","Bend","41","017",348,158.516926383665,143.047034764826,151.041666666667,141.580379202176,140.409011139845,140.333773388551,142.082909950655,139.108901515152,136.966057088872,138.527369281046,130.843495934959,123.326286116984,122.504124509212,116.034915123457,114.240170031881,117.462803445576,122.058823529412,122.994652406417,131.147540983607,132.996274614156,135.642857142857,142.113095238095,134.078212290503,136.005999622071,140.591966173362,133.192389006342,132.008601676973,137.672281776417,140.873854827343,144.453964928035,144.761349348157,144.033898305085,144.067796610169,139.74358974359,140.873854827343,141.374193803664,145.487503791147,152.036375989474,154.876066268471,159.58710909737,163.494423791822,162.654746142486,166.37323943662,163.522778920677,164.217443249701,168.803418803419,171.075719445658,169.491525423729,169.193934557063,174.537037037037,176.755447941889,173.694653299916,176.694110196327,179.294175449205,181.226765799256,181.297651669789,182.227848101266,185.714285714286,191.532258064516,183.501361024297,190.104166666667,182.161458333333,186.566819983332,191.742081447964,191.964285714286,190.030270819854,188.836050724638,192.307692307692,195.189586870402,195.468009478673,190.071652063046,186.599423631124,187.296319774857,194.915254237288,200.324736303301,207.28125,212.5,217.475186986028,221.614391493695,223.872354497355,235.007293354943,231.21387283237,227.188552188552,231.819970149133,231.819970149133,228.783151326053,227.188552188552,232.46511627907,233.624082519609,238.715277777778,252.244289970209,242.582509962725,238.843764930721
"Wyandotte","KS","Kansas City","20","209",349,,,,,,,,,,,,,,,,,,,,43.1664411366712,40.4889670514671,40.6210946375824,37.2859890597914,36.8606138107417,36.900871459695,39.0518084066471,44.2333357122466,43.0252583237658,44.3974630021142,44.7443936015137,46.2833099579243,44.7443936015137,40.4739666514564,41.595672462712,44.3207246282049,42.7602687745687,44.6428571428571,46.9411764705882,44.8473137629,48.6884487817324,49.5215693804403,51.0457322617649,52.7678571428571,50.6352654730357,52.4997790738777,53.2690476190476,50.2183406113537,48.2019892884468,45.8604310124968,49.2897298612801,52.8584797166693,52.8738937829847,52.3743932834842,49.5613373583715,52.5334117718044,49.800796812749,45.9210526315789,49.1282968261064,49.2957746478873,52.8007346189164,56.7708333333333,57.1319018404908,54.6324923167522,60.1553778531726,56.8754499640029,56.8421052631579,58.0224080267559,58.4577114427861,57.0175438596491,60.0632244467861,57.7498300475867,58.0331300339353,59.6379373685099,59.9593495934959,58.3579374989161,60.4848484848485,61.4316239316239,63.8133259911894,65.2789198336372,66.8427230046948,66.7929292929293,65.4969922095872,64.3382352941177,63.3482475764355,62.7608901515151,61.5079365079365,62.8551136363636,64.6659451659452,62.4780701754386,64.4165728992874,67.722681359045,69.3948412698413,70.2341137123746
"Chittenden","VT","Burlington","50","007",350,161.616161616162,158.652210884354,156.67097329888,156.263157894737,159.208013956427,157.303370786517,155.237142857143,152.38,154.981203007519,157.303370786517,157.303370786517,155.583907791792,157.303370786517,158.197139938713,158.625,158.625,155.43369890329,153.451492537313,153.817733990148,152.837386742966,152.878846112784,152.860696517413,151.109478404737,149.451645064806,149.568552253116,151.916318877397,152.367991290147,153.969984257274,151.027598822874,150.182149362477,149.501359927471,150.182149362477,154.013599060039,155.439814814815,160.705290736984,159.586287089014,158.653846153846,156.674695740365,156.145833333333,153.782894736842,152.936771591495,153.031761308951,154.482323232323,153.085714285714,153.125,154.761904761905,155.086206896552,153.173828125,155.902777777778,161.239495798319,164.810449007574,164.991743016463,166.170634920635,160.141987829615,160.118870044465,157.418699186992,156.060606060606,153.925736961451,156.145833333333,151.041666666667,155.196534498671,154.0625,153.882575757576,154.742117754307,160.363676929942,165.145554681353,161.605276197717,169.620808770002,168.201188361322,176.372549019608,177.245862884161,180.991064175467,178.57293144208,172.450980392157,177.758204633205,175.213675213675,176.336746302617,171.137755102041,167.714884696017,180.646695197337,175.949255485893,169.780666125102,175.262841832964,179.57957957958,183.974501108647,181.504488482385,186.460020047806,186.363636363636,180.585106382979,179.57957957958,185.044852055161,185.227272727273,186.363636363636
"Maui","HI","Kahului","15","009",351,474.649406688242,496.282850794536,479.100321876336,488.979591836735,492.05565326763,469.670729772162,459.293394777266,435.02538071066,447.57326007326,414.507772020725,368.482905982906,338.835725677831,342.372881355932,362.372665534805,360.745614035088,353.585271317829,354.491725768321,380.231318034716,399.198931909212,424.731182795699,459.821428571429,406.207674943567,412.638861098142,429.100277172525,475.184794086589,474.656810982049,473.800071238813,449.8,451.890034364261,449.8,462.355212355212,466.66,479.727333716695,487.373737373737,506.000970430414,512.679475186491,523.189461416798,536.375661375661,535.121328224776,546.48288973384,542.804027308205,535.121328224776,518.292682926829,515.995656531908,513.698630136986,513.066202090592,523.854961832061,533.651685393258,558.272506082725,568.797399783315,560,599.499374217772,598.888888888889,584.186046511628,571.564885496183,560.112473316707,558.988764044944,563.841807909605,563.078848560701,561.952440550688,575.483330045374,598.557089337875,606.394707828004,601.415094339623,541.927409261577,603.407895601867,610.181818181818,588.821196758459,575.548245614035,571.662488633292,574.04181184669,607.018971526271,617.77566539924,608.161903942159,595.530303030303,581.877729257642,582.846573208723,582.022471910112,594.022834116857,595.866308106032,586.283584571547,600.561797752809,609.915046914391,627.53164556962,631.962573828087,628.421787709497,636.497645530232,643.382352941176,651.455026455026,643.11974789916,632.805907172996,638.298418566441,643.205915178571
"Schenectady","NY","Albany","36","093",352,119.57264957265,117.258804563492,128.1735350242,118.090909090909,122.24654673948,121.212121212121,117.274973290598,117.358058608059,114.457831325301,108.953598484848,107.312770562771,106.120434353406,108.351409978308,106.785714285714,108.540489642185,107.721638655462,103.236607142857,104.753521126761,104.824313010933,99.5317335360226,97.1169686985173,96.5485622065728,99.808282208589,100.130890052356,104.62074978204,105.816104346355,106.095679012346,107.219512195122,107.608547633382,107.264048440948,109,110.012258747977,112.974991485428,115.672398043656,115.311151862193,112.082616324189,113.065843621399,112.111219512195,112.111219512195,117.12962962963,112.5,115.533691503174,112.567454268293,115.384615384615,112.807794057794,106.766381766382,110.120240480962,108.576423576424,108.414868264266,111.025641025641,110.786258012821,109.9,112.052730696798,112.957015810277,109.01185770751,110.449735449735,110.310652038593,110.059523809524,110.059523809524,108.648399142266,111.420780711825,111.38420914283,110.551020408163,113.586956521739,113.635909090909,115.406924861681,110.974632235733,108.242753623188,104.181127149877,101.929440437505,101.842751842752,101.842751842752,103.973509933775,100.925925925926,100.925925925926,104.677440799578,105.202041406757,104.324851569126,104.083333333333,103.305785123967,106.392694063927,105.83661281414,104.015350877193,100.343657524509,100.398212898213,106.194690265487,105.753968253968,104.428976977997,107.097591888466,107.097591888466,108.333333333333,106.465833945628,105.984848484848
"Catawba","NC","Hickory","37","035",353,83.550185873606,80.6079337329337,83.550185873606,81.0876623376623,82.9129791579388,82.5892857142857,82.9757785467128,81.0876623376623,81.0674299888902,79.040404040404,77.6482021379981,77.1187613558937,77.1469850649915,75.1724137931034,73.6885245901639,71.6847439544808,70.1992753623188,69.7207678883072,69.6019900497512,69.1538461538462,69.0559440559441,69.0559440559441,69.0559440559441,69.6215139442231,70.8806818181818,69.1287878787879,69.0579083837511,69.1287878787879,69.2076625928718,70.1424051933111,70.103307254623,69.0989496959646,70.8474099099099,69.0476190476191,71.1338174273859,70.5018140615522,71.1169284467714,70.9342560553633,71.7741935483871,73.7277353689567,70.9078021337637,71.6334661354582,69.7207678883072,71.123417721519,71.9951923076923,72.8888888888889,72.8888888888889,71.9457013574661,71.875,70.4637096774194,71.5760924285139,74.0418118466899,73.700373427673,73.8289070557544,74.0131578947368,75.4467084639498,75.0980392156863,74.0521327014218,74.780814853017,75.2840909090909,75.2840909090909,75.5494505494506,75.6493506493507,77.0925110132159,78.3982683982684,76.5384615384615,74.3589743589744,74.8352750190985,75.8024069356249,74.3589743589744,74.5318254066889,74.7767857142857,75.245669755979,75.0687442713107,74.514678030303,74.514678030303,72.4431818181818,74.3383722899729,74.6069182389937,74.6069182389937,76.3888888888889,78.4700315457413,80.0042571306939,77.717416378316,77.4458591067588,76.5543219666931,79.0833333333333,81,80.0213675213675,81.1167512690355,82.641196013289,85.1658187299793,80.9741379310345
"Centre","PA","State College","42","027",354,,,,,,,,,,,,,,,,,,,,,,,,,,,,,,,,,,,,,,,,,,,,,,,,,,,,,,,,,,,,,,,,,,,,,,128.870175438597,118.830334190231,117.065683471933,129.438405797101,135.075161792414,141.379310344828,139.827856025039,138.842592592593,142.767857142857,142.767857142857,135.790349546769,133.405483405483,131.517747858017,132.946428571429,130.770410874318,126.687956496156,137.133445658141,152.737752161383,149.597341073129,155.589448705949,141.321417856071,138.198324022346,149.163557820115,141.485148514851
"Penobscot","ME","Bangor","23","019",355,100.548769693751,101.653944020356,100.803571428571,100.803571428571,101.994040266798,103.75,106.449106449106,105.6112936302,104.979105090312,105.974755168662,104.377104377104,101.58537414966,104,104.781879194631,110.044642857143,105.561177248677,110.75161515255,111.734868021845,109.577922077922,110.861111111111,108.108108108108,108.108108108108,113.199404761905,113.174114021572,111.545965608466,110.981304731305,111.813822751323,111.574074074074,111.517857142857,109.322033898305,107.02380952381,107.191707180254,107.053571428571,106.177606177606,106.964285714286,104.462965427498,100.848416289593,102.633928571429,102.781593406593,107.692307692308,104.758064516129,106.431440016434,108.911244292237,106.737880032868,105.673076923077,103.862752334924,102.232443482443,104.567589745362,99.400871459695,107.312387442698,105.339805825243,102.727272727273,106.754807692308,106.634615384615,106.25,104.910714285714,103.333333333333,108.309248554913,108.392972991698,110.821334168058,106.690391459075,109.5703125,111.160714285714,111.24896179402,108.465608465608,110.497237569061,111.518874643875,110.677083333333,107.940301283243,106.517857142857,106.378930642284,104.166666666667,104.807692307692,105.03003003003,105.267857142857,106.989107506546,108.497000773994,106.150793650794,107.142857142857,105.639847285068,104.036458333333,104.932898226694,104.021434294872,104.028668091168,105.03003003003,104.00641025641,111.757264575659,113.553113553114,113.976608187135,109.677419354839,114.850427350427,121.510416666667,118.027601991997
"Kings","CA","Hanford","06","031",356,,,,,,,,,,,,,,,,,,,,,,,,,,,,,,,,,,,,,,,,,,,,,,,,,,,,,97.4028074895146,91.743119266055,88.8204032434802,89.2460616725322,89.4607843137255,88.0713119771475,86.5256365431772,86.4276568501921,86.4276568501921,99.202305232456,99.202305232456,94.0777695265727,97.4662211359459,99.7731142049043,103.471896803082,103.593642017968,106.055790960452,108.333333333333,107.737512242899,110.5216622458,106.25,106.407182438193,105.291224580018,106.407182438193,106.407182438193,106.25,112.903225806452,113.269794721408,124.160390239605,123.229166666667,117.232121922626,114.694788855756,112.903225806452,111.073224219084,121.214810989354,115.196078431373,110.722610722611,117.370892018779,123.255813953488,125.635593220339,123.516949152542
"Tolland","CT","Hartford","09","013",357,152.747252747253,149.517982017982,151.418598024316,151.046330135526,150.056742981048,150.671209273183,149.034164770881,152.079323076823,151.456876456876,151.232923858943,150.300751879699,151.552346570397,150,151.041666666667,150.296574770259,149.916666666667,148.826312576313,147.091184605045,146.746471774194,143.37552742616,141.913593125468,141.01956428124,137.954830614806,138.908418031648,138.908418031648,138.789682539683,138.547854785479,138.779803646564,138.789682539683,139.026901669759,140.588798214751,142.461538461538,142.461538461538,145.497630331754,145.564516129032,142.307692307692,139.214285714286,144.257388346969,142.141115789667,142.959334494004,142.060158001733,141.928271599953,142.450994267922,142.126554271281,142.112389979689,142,142.056194989844,142.056194989844,137.249811120724,133.695652173913,131.197478991597,137.646076794658,138.75,140.520833333333,140.818181818182,143.394798136646,139.047131147541,138.14453404656,145.311702102656,146.0064202501,147.779698061561,137.761069340017,135.68144357559,136.024844720497,137.241379310345,138.202247191011,140.340425531915,136.288483805475,133.707865168539,133.59659781288,151.897120682716,147.654799065171,140.422582326902,145.437731196054,146.04353003498,145.10752688172,144.645441389291,143.60632183908,142.361294384831,140.914786967419,143.671847788227,139.678819444444,136.770072992701,129.368932038835,130.004481388358,134.095634095634,137.382545136082,139.080400854892,142.764976958525,147.113997113997,147.113997113997,149.28,149.28
"Monroe","MI","Monroe","26","115",358,,,,,,,,,,,,,,,,,,,,,,,,,,66.778149386845,70.6784792363265,71.4285714285714,60.8121827411168,62.2260668973472,68.9544641043867,66.2650602409639,69.0495532087734,73.4217749313815,72.0556447628458,71.7288581820395,71.7391304347826,67.1296296296296,67.1296296296296,71.1760461760462,71.0227272727273,71.5342477570738,76.6843275771847,77.6,80.0969518716578,78.8476716653512,65.3027823240589,66.571845707484,62.7962085308057,65.8248228963468,76.1185006045949,85.1400730816078,85.2874331550802,86.523199023199,83.2142857142857,86.71875,85.0366222030153,85.0366222030153,87.248322147651,74.6951219512195,85.8043384056647,91.9736842105263,89.1666666666667,93.0830270144116,100.291301468309,102.672578184592,103.327429149798,101.068035332621,100.03335557038,92.2916666666667,95.3368459898311,92.1875,90.3998778998779,90.768801510989,91.6403087044534,96.0622710622711,96.6666666666667,97.816265060241,95.84,98.8571428571429,98.8571428571429,96.8783333333333,99.1071428571429,99.4702380952381,96.6450545002457,101.438240270728,93.59375,98.0392156862745,101.627670396745,110.591378696117,107.925,105.059523809524,102.746183839389
"Santa Rosa","FL","Pensacola","12","113",359,,,,,,,,,,,,,,,,,,,,,,,,,,,,,,,,,,,,,,,,,,,,,,,,,,,,,,,,,,,,,,,,,,,,,,,,,104.351610095735,100.953679931536,110.246036406094,110.812625923439,117.145416357796,116.419491525424,109.49913464145,108.239208742902,107.372549019608,107.372549019608,108,115.190307211002,121.096242270493,130.073469681546,119.598765432099,125.823153142749,118.169273229071,122.701792704271,125.231910946197,137.307567043507,125.231910946197
"Alamance","NC","Burlington","37","001",360,74.0191804707934,74.3620443615907,74.9692761728262,76.0210080474375,76.530612244898,75.9709677419355,76.1753494282084,77.2058438583862,75.8666666666667,75.587550901687,75.587550901687,76.3367498927066,75.6195462478185,73.4522468093948,73.6386138613861,73.75,75.7645523490594,75.5494505494506,72.9582146248813,72.2222222222222,72.0802622342559,71.6188524590164,71.928490990991,72.1726936593519,74.5636878654971,73.7547561895223,71.981981981982,69.7122091560666,65.0887573964497,66.1462780514505,65.1788723691109,68.6647779620416,64.3767655982981,67.3198482932996,71.4285714285714,71.8142361111111,70.0140056022409,70.074981211997,74.4047619047619,74.5233968804159,77.8737794904216,78.0986382474837,77.8958333333333,77.5070422535211,75.4666666666667,74.2297269126537,73.7704918032787,73.6234458259325,72.836979619434,75.0335109532268,75.8913862179487,76.4243364095196,76.0966875559535,73.6234458259325,75.2442273534636,73.6234458259325,75.381679389313,76.7148014440433,76.3157894736842,75,72.3570928087123,75.6357361050502,77.422480620155,76.4505398815744,74.8357228195938,75.0714285714286,74.8134328358209,73.546511627907,74.8847926267281,73.5294117647059,80.1470588235294,76.4278676270726,80.3522134515072,77.602915055898,78.9699856455865,85.9364909840544,84.0144230769231,86.5071283095723,79.0120535150827,82.2146500364322,81.4814814814815,87.421875,93.3292533659731,93.9541387024609,93.3292533659731,93.2692307692308,94.2536911382561,95.8857395037211,93.9541387024609,93.3292533659731,89.217032967033,87.9541108986616,92.0112781954887
"Madera","CA","Madera","06","039",361,,,,,,,,,,,,,,,,,,,,,,,,,,,,,,,,,,,,,,,,,,,,,,,,,,139.52738990333,136.837713808928,137.254901960784,137.79399837794,137.79399837794,147.058823529412,141.547654394299,140.137896825397,139.84650871843,134.892086330935,139.018087855297,139.018087855297,134.703504043127,133.308060986632,132.102272727273,129.251700680272,132.432244445806,136.124872195253,133.969600565571,132.929104477612,138.888888888889,140.020366598778,145.550161812298,146.351030273237,134.20245398773,144.023124297539,147.151898734177,142.208965291552,150.537478210343,151.074956420686,160.472972972973,159.781941031941,153.423848878394,150.272462980328,147.80534351145,145.634920634921,151.098901098901,153.007580358951,154.013999083335,169.823232323232,167.279411764706,169.540636042403,170.032100431413,166.859122401848
"Stearns","MN","St. Cloud","27","145",362,129.319904290882,126.09561752988,127.064984191509,125.766183161671,124.887387387387,123.920790534644,120.313452594541,120.042006803122,114.01792991035,113.009049773756,111.30081300813,108.152958152958,105.036057264013,101.29659643436,107.62769305253,104.874746106974,107.276119402985,105.609756097561,106.160218292358,108.097826086957,105.826271186441,108.112493239589,108.105159663273,105.710538445913,105.815177215806,100.977995110024,101.548137397194,100.959595959596,101.548137397194,101.215559157212,102.536231884058,102.565377532228,104.050925925926,104.886779584408,100.750171107455,103.589002550455,100.750171107455,100.750171107455,95.9895098416499,105.696202531646,106.275303643725,104.480669070513,111.748120300752,116.355349282996,116.826748540693,116.605746288441,110.481678486998,108.280843716143,106.039672666476,113.040585495675,110.427528675704,110.809312638581,117.699665499027,113.945522638972,112.774451097804,110.148641722194,113.614993792818,110.49053030303,110.103817991632,111.038011695906,108.395661462847,108.707482993197,111.95524393227,112.860497059494,117.105263157895,115.773106198961,115.602469267202,118.665158371041,117.830527497194,118.447162518854,118.208051801802,118.391521197007,114.330124173132,115.067866113852,119.78021978022,124.34554973822,127.450980392157,123.083941605839,122.920175931125,123.835867117117,125.942894723252,120.355504587156,119.57264957265,126.750578703704,127.519991582492,130.70184851144,130.439814814815,133.206106870229,131.35593220339,132.596153846154,131.73828125,132.864173228346,131.406393406727
"Sussex","NJ","New York","34","037",363,,,,,,,,,,,,,,,,,,,,,,,,,,,,,,,,,,,,,,,,,,,,,,,,,,,,,,,126.592641105025,138.574660633484,138.377428443415,139.776052121253,136.889901795896,133.719892952721,121.374045801527,131.760835061459,129.801777170198,118.212669683258,126.986237159935,129.259589652096,120.51615901284,126.276183236341,124.799286351472,129.259589652096,129.259589652096,136.704716336295,134.563295668148,129.259589652096,129.259589652096,115.107024179864,113.484933035714,129.259589652096,127.205882352941,125.509049773756,120.508607890271,115.865885416667,112.337962962963,125.509049773756,111.948484848485,126.951357466063,111.948484848485,106.901442307692,106.1875,114.583333333333,109.36875,107.51397699005,109.36875
"Schuylkill","PA","Pottsville","42","107",364,,,,,,,,,,,,,,,,,,,,,,,,,,,,,,,,,,,,,,,,,,,,,,,,,,,,,,,,,,,,,,,,,,,61.3762703534735,61.5530303030303,62.9720345345345,58.6968586968587,50.7725155279503,50.3631275879917,47.6190476190476,48.5930735930736,49.8099489795918,50.4658385093168,59.2122395833333,63.8586956521739,66.6403785488959,64.190093708166,62.6322751322751,62.5,53.7634408602151,59.1715976331361,60.1673924877518,61.8131868131868,61.8576388888889,60.180018750378,61.2397515805464,62.5531045751634,58.6790704305674,53.1135531135531,53.1135531135531
"Yellowstone","MT","Billings","30","111",365,128.689087165408,122.035448152813,122.035448152813,122.690148566036,125.628626692456,134.615384615385,132.38555415881,130.512967286223,129.809612568233,129.310344827586,127.876984126984,126.263399693721,122.296173044925,120.087336244541,117.788461538462,120,120.248586155058,116.285107964325,117.688697172393,114.233193277311,118.75,122.881355932203,120.399590163934,116.886326194399,112.289192442105,117.658607945796,108.179631114675,115.496575342466,114.352061256139,120.694591261452,125,128.373382624769,128.781753407683,127.352941176471,128.517823639775,129.247599602693,127.323717948718,124.375,127.442547531833,132.689975900459,134.758771929825,132.479138422334,134.892086330935,134.931506849315,134.615384615385,138.587849317084,136.311081512428,139.164648910412,145.559858230507,145.391607448288,143.357332187119,141.931818181818,145.089285714286,146.447691947428,146.43064676959,150.659133709981,150.787618928279,142.628205128205,143.934316773053,146.077547339946,147.302899939817,147.660098522167,148.800661703887,146.101364522417,147.614771483306,148.034222343882,150.287709878412,155.369718309859,153.366336633663,163.730225142393,164.874474901213,164.865176839967,161.262798634812,156.145833333333,156.262217078189,159.245008408605,158.169375534645,152.7665317139,158.169375534645,153.587832152903,159.723409967782,160.172626387176,157.87841359513,157.811260904044,159.444364201607,157.990318219345,160.236106500364,159.916314715048,162.67527173913,166.666666666667,162.920276617954,160.884353741497,160
"Rock Island","IL","Davenport","17","161",366,,,,,88.7445546660439,86.4285714285714,86.4285714285714,87.0741482965932,82.8282828282828,82.2471780162842,81.2899573611589,82.8282828282828,82.8282828282828,82.5265643447462,82.8427128427128,82.6918536009445,84.0121981891348,83.0546554118097,83.5827464788732,83.5827464788732,82.3448275862069,82.3303595295376,80.3588796629763,79.5361467236467,79.3269230769231,77.9449756144671,80.1176455972968,83.7526205450734,85.4612996962092,86.0064585575888,80.4983702178761,81.3113260442949,84.3253968253968,85.5357142857143,87.4060929648241,85.427135678392,84.812956357603,84.0404890373416,81.0155524605385,81.1977715877437,82.6923076923077,82.6923076923077,88.492125984252,91.7137274184759,90.7769548240977,89.7205588822355,85.1758650871682,85.3333333333333,75.1716642288315,81.7644730891,87.1964627987782,87.0886149072424,94.7368421052632,92.601246105919,88.2924726345779,83.1869452863157,86.8659420289855,81.1194586530264,79.6165489404642,78.0532598714417,78.0532598714417,76.1842105263158,77.145612343298,77.3516783762685,78.0532598714417,77.8349200911613,77.6165803108808,79.3515358361775,79.7405189620759,81.6358024691358,81.8248524586034,75.4076764779247,77.5473414019436,77.3413204834829,83.4380530973451,82.9470967241112,84.2025221206846,84.2684943429069,82.4030656366205,84.2013888888889,84.4688079136656,85.5855855855856,81.1730314145644,79.7533524904215,78.9511494252874,80.5555555555556,81.1546840958606,80.3714859437751,79.2828973551865,83.7138508371385,87.1452134610029,86.7446393762183,85.6190476190476
"Mesa","CO","Grand Junction","08","077",367,155.712646076795,149.911816578483,149.427005480817,146.862409347301,145.125709301434,139.804096170971,139.43619707896,139.686098654709,139.186295503212,137.271214642263,130.958230958231,128.241335044929,125,119.716775599129,113.51504826803,108.414739565389,105.30303030303,105.03003003003,105.508668461453,103.851273148148,102.232142857143,99.3303571428571,96.9805825242718,92.4768518518518,91.6983179598481,96.6735146239931,94.9561403508772,90.1734104046243,91.6666666666667,94.7619047619048,94.7398843930636,94.9503968253968,94.5644149132521,101.069078947368,119.047619047619,112.515413070284,107.879924953096,111.715598386374,106.686256418485,110.657404505517,115.028901734104,113.707649745285,121.17429402452,121.148610852135,121.329479768786,121.329479768786,121.530384609371,121.634910878918,119.652406417112,124.555160142349,119.652406417112,128.046947945845,128.216911764706,128.964225113122,129.417206290472,130.866900175131,127.620967741935,126.83550976925,127.948235974552,130.581613508443,126.244058229352,133.452950558214,133.333333333333,127.136752136752,135.977564102564,137.395459976105,138.338926174497,135.871739572101,134.071219771459,133.563387831681,133.720567974911,140.520833333333,138.441806710473,137.124060150376,133.916900093371,138.273000652858,142.134314627415,139.796931905971,139.613526570048,139.613526570048,139.33031202544,143.933823529412,143.008474576271,143.035337766604,141.82056588921,143.645134846635,143.45703125,143.122009569378,149.877018848968,148.973420508768,151.838671411625,152.701472055888,161.362569060773
"Merrimack","NH","Concord","33","013",368,128,125.521813515825,125.523566365134,125.591985428051,124.928571428571,122.416341227473,122.229299363057,121.224992644896,122.278879152845,122.526224392746,119.933333333333,118.016585208197,111.847555923778,111.847555923778,108.780732499547,115.796303215824,117.34676048198,120.957095709571,120.874912464986,119.543411164788,115.759181311165,114.585987261146,115.890688259109,110.55204343663,110.618889928188,107.421383647799,112.742718446602,112.771739130435,113.199391452146,114.171428571429,117.981836602485,115.572916666667,121.734357848518,121.770833333333,124.048957988753,121.21126801236,118,118.403790087464,115.506000214293,116.339869281046,118.287166257795,121.118958361226,121.29814238475,123.809523809524,122.536945812808,123.707370737074,123.880149097469,121.672077922078,121.813559704185,120.936957779063,119.419895538939,120.154052782729,120.753423845178,118.356088971012,118.990384615385,118.367346938776,118.990384615385,115.248226950355,114.033270732067,117.635574030611,107.158706677937,110.180012414649,114.119405059772,118.386243386243,120.774173198621,125.740186024171,131.278187312408,126.767598343685,127.813959647518,121.357913669065,121.299257586412,123.127045163765,127.130681818182,127.381130382775,131.952175550306,134.027777777778,134.90464895327,135.336856010568,135.275380067568,134.620952296112,133.064516129032,132.99837586059,133.838582677165,132.509543610307,138.98383048608,135.58515699334,138.535073283259,137.102349319473,140.620572609209,138.719512195122,142.261925599197,132.890070921986,137.142857142857
"Martin","FL","Port St. Lucie","12","085",369,98.2905982905983,101.882352941176,105.454269564888,98.4643179765131,98.0392156862745,97.2396486825596,96.6666666666667,99.288256227758,98.6379446640316,96.7261904761905,100.854037267081,98.7142750439583,94.7712418300654,89.1089108910891,91.5446071904128,90.1826484018265,93.5483870967742,93.0756904982159,92.3241115141424,88.1034682498555,85,87.0060281312793,85.8998623795446,84.2911877394636,82.3065902578797,79.183836996337,76.5973826020015,76.840667388831,77.1544715447154,77.0149253731343,76.1808024377857,78.8817624683009,78.0580357142857,79.0348101265823,89.2142857142857,91.9540229885057,94.6341463414634,92.2704851754345,90.4255319148936,92.6118626430801,92.0198324056819,91.9732441471572,91.6023166023166,93.6689481268012,101.436546711531,99.9375,99.1514360313316,96.9063545150502,98.0828220858896,97.479674796748,98.1804949053857,99.7640241454169,102.140769810223,99.1028031374566,104.583365477752,99.7640241454169,103.170731707317,107.748303745295,111.862643080125,115.721284786148,114.647501711157,116.818100410006,117.132884777124,116.77796327212,118.032786885246,113.91378075132,119.723992732302,123.279969251325,125.098583275527,125.602240896359,129.355367466199,128.160646960844,128.4957898444,130.936295013398,131.154697625877,136.360096832294,133.619866284623,132.185314685315,130.548302872063,134.865134865135,137.401667474498,138.436482084691,138.634907709012,138.888888888889,136.320915926179,138.028169014085,138.546798029557,138.436482084691,139.285714285714,140.544635965215,143.537859007833,142.03233256351,144.60511679644
"Fairfield","OH","Columbus","39","045",370,88.2798982188295,92.7041921423365,89.3874834656085,95.481307144276,93.866439617084,95.2088485154344,92.3687640715725,90.2349486049927,88.8,88.6094674556213,86.8377483443709,86.71875,82.7471798274718,82.5480404631865,80.0473640263741,84.3612334801762,87.4747474747475,84.3612334801762,85.7276119402985,87.5547765118317,88.0323054331865,88.0323054331865,86.71875,84.1627798507463,83.2291666666667,84.3555781966378,84.5531927426956,91.1458333333333,93.75,88.3172652590128,86.73837043379,83.2561120699767,80.5086805869142,81.653042688465,81.653042688465,82.0157574553436,79.6669588080631,87.0325702597903,90.6313763680208,92.3229166666667,92.1111111111111,92.5347222222222,86.6141732283465,89.1341256366723,88.4309730005094,88.2075056353902,84.296875,85.859375,88.4095620627105,89.1369047619048,88.4095620627105,90.0057543419125,92.6935541310541,90.0423728813559,88.8148148148148,97.6702508960574,95.0671188356648,92.9383116883117,85.9259259259259,78.3984375,90.0423728813559,90.0423728813559,84.8847187758478,85.8944050433412,90.6908665105386,87.9283893602997,88.8480392156863,85.4309165526676,85.15625,85.4396446078431,83.8969404186795,85.6855936819172,77.4064171122995,76.7160756501182,82.6321256501304,87.1881049414162,87.5384615384615,88.2575757575758,88.2575757575758,88.1372549019608,88.2575757575758,87.4135348583878,89.1881362523734,87.239265009686,86.8088467614534,90.7935341173977,87.5042056240261,97.0037042582927,95.1587301587302,103.598901098901,106.20422979798,108.713984539705,111.842105263158
"Hendricks","IN","Indianapolis","18","063",371,89.6938775510204,88.6574074074074,88.4877384196185,88.4578997161779,86.8053569623178,87.7769289533995,88.2638027646265,88.0181347150259,83.5029069767442,82.4938067712634,81.7945653416291,81.6100467025158,82.6832151300236,80.3921568627451,83.0332409972299,80.4545238378314,82.9920448520801,83.306641042067,83.222407099279,81.6510933645436,81.5272890503551,79.7749282639885,79.7749282639885,79.3492695883134,79.3492695883134,79.5705213903743,80.2047781569966,80.4621720561318,81.0146443514644,79.6950796950797,79.9501285747682,78.739501312336,77.9914073939092,77.998987822926,79.9428571428571,81.0821184427342,79.7372965925508,78.5762711864407,78.6199095022624,79.7843183843184,82.6520231046093,82.9133374308543,84.2152466367713,85.5574864543412,87.9992493139045,87.2286376240514,86.5384467925223,86.7824773413897,88.6363636363636,87.1818230862793,86.9171885873347,86.7824773413897,88.1798002219756,90.0240384615385,91.8979744936234,91.3084572723127,89.5137642931741,92.3514660493827,92.9970617042116,91.8392439855287,92.9970617042116,93.3467741935484,93.4426229508197,92.2557349362077,92.9048082274537,94.6731497063815,94.5349448239622,91.7199114143163,94.1754240989892,97.7223126544885,94.229035166817,93.199481865285,98.4157324422269,94.2720910642158,97.3499834061181,98.1260219768862,99.009900990099,98.6394557823129,98.6394557823129,98.7898789878988,99.1871284089329,102.77401894452,102.77401894452,100.111885372397,102.460004801606,103.012684989429,102.434336963485,105.066497783407,112.59943977591,113.233041575492,113.519163763066,114.651368049426,114.216027874564
"Olmsted","MN","Rochester","27","109",372,89.7985319978592,89.5104170033072,87.7922680658525,86.2187953642227,99.2685475444096,102.147039687703,108.143059979278,111.638733705773,111.787350101207,109.616625761294,109.154929577465,104.602774274905,106.959314775161,106.959314775161,112.433862433862,113.610888710969,113.171140939597,111.630036630037,106.99481865285,107.590467784643,107.590467784643,107.655502392345,106.971153846154,105.688887454827,105.760267275098,108.59532193159,112.08530411358,112.141148325359,113.747810858144,116.38198757764,116.293103448276,116.216529150775,119.84011627907,120.056612761384,123.363095238095,120.17867882919,121.867544496081,119.756554307116,121.792233675642,127.033898305085,124.747474747475,124.895833333333,123.596294578437,121.522842639594,117.063492063492,121.074380165289,121.074380165289,115.625,117.02120739006,125.680356259278,126.595744680851,132.28602383532,133.524464831804,146.911764705882,131.89027350704,132.569360675513,129.670987038883,128.192715945585,129.670987038883,133.405483405483,141.103086014445,141.242332480907,141.103086014445,143.072882468812,143.072882468812,143.398392652124,142.53355704698,157.283464566929,160.98582129481,161.501901140684,159.619532887655,161.501901140684,157.937664126937,165.775720013657,159.078446887667,165.771812080537,165.288461538462,166.112716763006,166.792249730893,164.930555555556,164.142032396651,162.037037037037,163.053613053613,166.792249730893,143.237247536611,166.326530612245,173.503857194116,170.635416666667,167.85411365564,166.666666666667,166.26746506986,167.978554463133,173.49537037037
"Santa Fe","NM","Santa Fe","35","049",373,256.598240469208,246.406570841889,243.161260468503,237.182558696694,236.766909989717,234.563988144129,234.609932765545,227.647058823529,220.314278744511,220.394736842105,215.785054575987,210.634945497215,210.558751345199,210,205.169692186267,204.678362573099,205.95690747782,208.076448828607,206.162416003061,207.708859334938,207.34126984127,210.045513492152,209.850453466994,210.452191168062,209.580838323353,199.302647441388,194.991832772381,202.602230483271,206.867992809607,210.78431372549,212.740487418246,215.190651906519,211.536836546079,210.120068610635,211.428571428571,206.627340306063,203.677153171738,218.389459679481,216.479942175641,220.29897718332,224.527186761229,221.510575432537,222.219869025839,217.551317401961,220.437496029034,220.771149070157,214.055228048402,207.341352136043,202.848025480758,206.725,216.25,216.925773694391,207.52688172043,216.964980336457,222.525441628264,229.07213740458,220.741032136203,226.868792472556,228.115311466014,226.760447574345,214.53623081464,212.264142148637,212.234042553192,212.307497467072,221.63578742077,240.875912408759,243.136114911081,241.626222035409,237.933378653977,239.482071713147,241.626222035409,238.715683655066,241.508258024307,238.199711723834,235.233980860249,231.492410710515,243.066470852849,240.31007751938,242.015294646874,242.015294646874,236.103467253715,239.272727272727,233.76987839102,229.198767334361,232.438016528926,241.4592760181,241.300527240773,243.431446770613,243.426178418387,240.431795878312,245.29369627924,251.623376623377,253.818660453471
"Citrus","FL","Homosassa Springs","12","017",374,77.2321428571429,75.6048387096774,75.6842105263158,74.71952131638,74.8775367389783,74.4077681577681,73.338485316847,71.4517775921285,70.3734569090652,68.9893675534796,67.3753133658794,66.9540229885057,66.1710037174721,62.8180846930847,66.2834339119118,64.3943018933766,63.953006993007,64.7838214783822,64.3077714873906,62.8174891146589,62.8205128205128,60.5419681241481,59.3898809523809,59.92,60.1996257018091,60.4625550660793,60.4896794027229,58.8014981273408,58.6065573770492,56.8221855216075,57.5961538461538,57.7706323687031,57.8566256335988,57.2916666666667,60.4490483061912,60.4890117390117,60.5726872246696,58.0170410534469,58.911628348383,59.0200445434298,58.6228788512604,57.4644879483589,58.071411792342,59.0243902439024,59.7965943565925,60,58.958958958959,60.472972972973,59.5159481511165,60.1533976919725,59.8313422347154,62.7131782945736,62.5223613595707,61.0431947840261,60.6275303643725,61.3113563453628,60.4249390456287,61.6523748707657,60.5609902074133,61.2344166061486,61.8256421579451,61.8628445388975,62.6504376367615,63.1156185025561,62.964177026677,63.9843952343952,66.9642857142857,66.7200854700855,67.5675675675676,67.0891791646509,68.2397959183673,69.6010132995567,70.4705882352941,70.7010869565217,70.4278328526223,71.3265306122449,71.0588478002991,72.8383458646616,74.1749174917492,74.0909090909091,75.6588999236058,76.0575296108291,77.5187969924812,77.5,78.0141843971631,78.4615384615385,80.5832693783576,83.6879432624114,86.0325633357097,86.4423076923077,88.9281507656066,88.8529886914378,91.3742690058479
"Lee","AL","Auburn","01","081",375,,,,,,,,,,,,,,,,,,,,,,,,,,,,,,,,,,,,,,,,,,,,,,,,,,,,,,,,,,,,,,,,,,,,,,,,,,111.20178041543,104.105916030534,116.412213740458,117.44298245614,110.544217687075,112.066940692895,110.544217687075,110.544217687075,101.013758146271,110.060120539444,111.850890207715,112.81179138322,110.544217687075,107.178217821782,110.544217687075,119.90787241641,126.255380200861,116.885964912281,113.111287124445,109.336609336609
"Houston","GA","Warner Robins","13","153",376,95.7620211898941,96.7953386744355,95.7620211898941,99.6769113014808,97.9618671926364,83.4809424584754,83.1271829571482,80.6390224358974,79.2467948717949,79.2467948717949,77.7472527472527,72.6307189542484,72.6307189542484,68.7964134998954,71.8674211802749,70.5821205821206,68.7964134998954,65.7693682708605,64.343163538874,63.0477326049089,69.6465696465696,69.2140342295141,67.6927686916299,64.8072190319934,64.352183249821,66.9671132967372,62.1794871794872,64.2788203568527,64.2054574638844,66.8934240362812,67.4373795761079,69.200643776824,69.1823899371069,71.2512413108242,72.0352564102564,71.0082304526749,72.2402597402597,70,73.2451824918984,73.3024691358025,73.2451824918984,70.518333018333,73.1878958479944,76.6288375457793,77.0591992279806,76.7870868562644,77.8643803585347,76.7870868562644,76.7870868562644,76.7870868562644,69.1006917755573,69.5820433436533,73.5294117647059,75.3014870886529,72.9302779912888,72.9438893159108,72.7044148380355,73.0596175478065,72.7758902786055,74.7920133111481,75.1633986928105,74.9777060019793,72.0352564102564,71.9482619240097,67.7789363920751,70.2474690663667,68.2240667623833,66.500306142569,67.8851174934726,70.2474690663667,66.5280665280665,72.7054338795886,70.2474690663667,73.8266259611681,66.9195523477415,74.9811819413546,70.4637096774194,67.4353205849269,70.4637096774194,70.355589371893,70.5233742733386,71.7519439566108,70.6682436428149,67.6670441676104,78.5710724703042,73.4477124183007,74.2930954012373,82.1827744904668,83.9399677250323,83.5913312693499,81.5268065268065,81.1438770609625,82.5416036954499
"Johnson","IN","Indianapolis","18","081",377,76.0704516230773,75.8433149058149,76.918191194832,77.7095516569201,78.7096774193548,84.5052083333333,81.7058823529412,82.3020954832482,81.7058823529412,80.9725118283615,87.5034854428676,87.4485596707819,82.9753696762197,84.86328125,84.2448569994982,84.9544369775836,86.2290821501014,83.915770609319,82.9202586206897,83.2291666666667,81.6326530612245,79.4978392755504,81.1298076923077,80.2496452942369,79.4168138773065,78.5622410451256,79.9499212743648,79.4223826714802,81.248471629295,82.2604790419162,81.8274789633582,81.4673913043478,79.2403380902799,80.1349588601244,80.4139624983946,77.0464601769911,77.1611334049661,77.2646536412078,75.2982135797074,73.8263476122156,73.1707317073171,76.1421319796954,80.5875576036866,81.0861423220974,83.9051662281751,85.2610030706244,86.6088631984586,84.5292921749233,83.5907335907336,79.0719696969697,87.5791933007874,83.3333333333333,84.30269913703,89.1868266774557,85.8804513184584,83.5472865106486,83.5672780931402,84.4594594594595,86.3578348254867,88.4114583333333,89.7988505747126,89.5646606914213,86.4223114262213,86.3136157740474,88.3831330617168,89.4375361480625,88.5232084052062,87.4166666666667,90.1960203468443,84.2116128853676,90.6303972366149,90.8991228070175,91.8350504895177,89.2679292929293,88.3974358974359,94.3103276813684,96.0508241758242,95.0650673125771,92.8738317757009,96.6165413533835,101.664267944666,98.6036030941826,100.99685204617,101.175702155454,100.99685204617,95.1923076923077,99.6963562753036,110.54441260745,111.735499783278,111.827357938869,114.050613490899,116.213080168776,117.386359908993
"Kootenai","ID","Coeur d'Alene","16","055",378,127.740301691403,130.104166666667,131.508548866189,135.657385718342,133.008232541335,133.031674208145,134.250035853431,132.003798670465,130.901106580131,130.331753554502,131.656237484982,130.052083333333,127.77707282282,120.452708164915,127.154085460121,122.346971819141,121.527777777778,122.979502196193,126.469443363176,127.771295215869,122.979502196193,129.537767756483,128.378378378378,128.330911852598,125.601087832393,122.808027079304,119.299861814832,125.9,127.590466885043,132.666666666667,132.5,129.537767756483,117.250339673913,117.043992312834,124.930555555556,128.902116402116,125.563063063063,123.255090497738,123.75,135.984343449195,137.529411764706,140.532544378698,139.356082543583,136.077084326816,135.078828828829,133.342456660604,130.887302995512,135.078828828829,131.529850746269,131.804588834673,134.953703703704,138.221153846154,139.655331853731,145.433170048985,145.90395480226,145.725388601036,140.625,140.410539215686,138.14640333872,137.93410507569,139.261718843565,139.261718843565,143.805309734513,146.254458977408,151.335011403168,150.264585449211,154.212734215171,154.02223675605,154.613348861296,157.699443413729,156.876037176452,151.745068285281,156.913502162446,164.472410454985,160.573122529644,163.742480368991,169.921619637332,171.933871930309,171.658527459032,177.260638297872,178.030303030303,175.12351538162,172.018348623853,169.711538461538,167.407852564103,164.31334622824,175.130208333333,187.395833333333,188.106796116505,186.14931237721,189.104016730918,181.818181818182,186.382978723404
"Clark","OH","Springfield","39","023",379,71.8919968919969,70.2892885066458,70.4585537918871,70.7070707070707,70.4311762975731,68.37899543379,70.1754385964912,70.1754385964912,69.1163967611336,64.7535544332491,63.974358974359,61.9741100323625,63.2327853598015,62.6076844285424,63.9423076923077,63.9423076923077,66.260215322343,63.8178913738019,63.5416666666667,63.5774491094148,62.8875968992248,61.3157894736842,60.0436681222707,59.1437659033079,57.3297759693519,60.7720021618155,59.0659340659341,58.7330316742081,57.3891625615764,58.4635416666667,58.0426356589147,56.8565400843882,59.2153284671533,58.9741800706807,61.4927905004241,62.6996805111821,61.43120648814,63.843252256244,63.7692307692308,63.2102272727273,65.4761904761905,64.010989010989,64.1521197007481,64.1474884218026,63.6456211812627,64.5833333333333,62.3958333333333,59.5238095238095,59.244126659857,63.0709426627794,63.9136904761905,62.3843291721199,62.7303182579564,63.6904761904762,61.6763856939825,60.3661636191948,60.9838846480068,59.5446657990456,61.9149249337651,62.3409669211196,62.7349710451328,66.1217346363466,63.8686131386861,62.883015962421,62.5769852087435,62.4307692307692,60.283979178716,60.7757896505376,60.3568022210342,59.0659340659341,61,66.0729431721798,65.4450261780105,64.583537221896,66.6534423133802,69.7441850991894,68.6274509803922,67.4515846472368,67.1112739302505,66.7259786476868,67.8358702845798,65.472027972028,62.1489219315306,58.6777836134454,59.453781512605,59.453781512605,61.9106699751861,61.8859919218996,62.1358905431486,63.5416666666667,59.5129267923386,63.0284926470588,63.5416666666667
"Washington","UT","St. George","49","053",380,115.256315061513,121.844258392482,119.598765432099,115.012510425354,114.056378811105,111.000991080278,107.589658048374,108.112890126465,118.768698215656,123.414511263187,114.484451718494,106.55737704918,102.332015810277,101.020408163265,97.1682398667407,91.4242986181731,86.1206896551724,83.4400606277219,80.9408396250502,77.7525539160045,80.990990990991,85.0860420650096,92.5240054869684,94.0466689334479,103.251289552698,106.022052586938,106.753962784287,104.267701260912,110.677712944021,106.818181818182,110.199862164025,111.526868553666,111.395588573863,114.95,112.107708834002,116.743293947222,117.276995305164,122.443259502324,121.436114044351,127.107652399481,132.755170113409,133.816964285714,127.8304036841,122.015239351693,122.199718528102,126.957955482275,127.095049169709,126.126342312076,123.374202438932,124.789915966387,133.662790697674,139.037932669512,134.190869903187,129.720853858785,128.317130789482,129.710772286261,131.016037735849,132.146490335707,135.853865760408,136.421499292786,126.851851851852,133.001422475107,137.545450314238,134.680617988139,124.195032198712,126.41514880351,125.838630799767,124.442736356649,125.020850708924,124.381070036793,130.571249215317,128.372446762277,132.129537658426,137.896825396825,144.665226781857,148.197825469308,150.159997276642,144.181521254262,144.278169014085,142.505399568035,149.505767149682,150.587438853948,146.539932581356,153.064997754117,161.581920903955,161.209068010076,158.083690186003,163.651315789474,156.348814229249,152.631578947368,155.354058721934,156.838565022422,159.954731829111
"Indian River","FL","Vero Beach","12","061",381,,,,,,,,,,,,,,,,,,,,,,,,,,,,,,,,,,,,90.1925391095066,96.6235632183908,93.2754800041643,91.9165758667896,93.3962264150943,97.8323987972927,99.0449212963845,92.9324240545567,95.3381480904417,93.9242560365016,101.726346809714,99.7503121098627,102.381302193631,101.931330472103,100.161812297735,94.7421521343134,97.1971066907776,91.4665696499313,91.1348241555535,88.2075471698113,87.6315789473684,95.505682003191,99.8810033649434,98.9271020265243,101.471670345843,101.9057064104,101.666612865292,102.478033228645,99.5846599942266,98.7790697674419,99.6922342788859,103.050288540808,101.560216150426,102.66889373172,102.507598784195,107.123951537745,108.340283569641,113.990738990739,112.939578005115,109.89010989011,115.175660992394,115.591295348077,118.125,120.517097581318,117.97643442623,119.385931558935,118.248337028825,120.218579234973,120.218579234973,122.167068344131,124.512478372121,127.881436558914,135.852899374986,135.723392968,132.543500511771,128.123580190822,128.712121212121,130.746761493523
"Monroe","IN","Bloomington","18","105",382,91.4351851851852,94.3548387096774,96.0470085470085,93.422349343717,92.9328390234598,96.0219478737997,93.671875,93.6960328895072,93.4408602150538,91.9369613998234,91.015625,90.5405405405405,91.9478527607362,91.9478527607362,93.9046966930412,95.7081545064378,95.5849689729641,95.4596606466708,93.4622277364213,92.1487603305785,91.5367600589846,92.9468362687541,91.3978494623656,91.1111111111111,89.6212744474777,92.5742574257426,92.4267100977199,91.2162162162162,90.8441558441558,88.7777777777778,90.9863945578231,90.9863945578231,90.9863945578231,90.7312925170068,90.7826496935408,94.1079779054075,94.2982456140351,93.7550387036253,95.5979659007793,96.0407239819005,96.1284700990583,96.0317256273139,93.4635801111914,94.2028985507246,93.3787731256086,95.1612903225806,95.1762523191095,92.3868374329204,92.4731182795699,95.0946704067321,95.5940345790525,94.0188172043011,96.5909090909091,100.372023809524,102.448895190831,98.8095238095238,97.534516765286,94.9640829694323,97.788724622353,91.3747387669801,88.6821804383304,93.4341142435759,98.8888888888889,102.77322379008,103.741496598639,102.923264311815,103.494553531904,105.421415441176,108.432487074108,112.637105403959,108.552631578947,102.462121212121,105.078125,102.746478873239,110.39886039886,108.701160611303,109.304447399527,110.576923076923,109.338061465721,102.391674780915,100.361475394632,103.437699680511,111.121112929624,111.437728937729,119.152272727273,117.057291666667,122.13406052076,126.125652841782,130.491551459293,134.84126984127,134.331797235023,130.389316314041,132.958801498127
"Hampton City","VA","Virginia Beach","51","650",383,129.572731637062,134.93699594548,132.926797856996,132.178680473324,129.844097995546,128.83295525746,127.115252507689,123.72634643377,124.861111111111,126.666666666667,126.438596491228,122.167408779271,120.793247098317,118.968253968254,114.636075949367,113.237266400219,112.38025055269,108.290272285212,103.947368421053,100.562100858842,105.071182906516,106.304176516942,105.819582054997,103.729372824561,97.3003629764065,97.8070175438596,95.4032232939065,98.6842105263158,99.7644143296317,98.7351778656126,97.3532993951337,98.6425339366516,98.2196297491328,97.280701754386,97.280701754386,97.5583575336626,97.8532650845355,97.5039001560062,97.5054229934924,98.9423076923077,99.8783454987835,103.070577451879,102.206197325898,102.232558139535,102.232558139535,104.218188137474,102.110392082223,99.9479166666667,99.9479166666667,102.111319034341,103.690968841285,102.763385146805,106.879525193321,107.147827072939,105.150214592275,106.724683544304,101.334519572954,101.977848101266,99.2542907361456,100.352112676056,98.418206733084,107.250156908949,107.320527022508,107.935865174173,107.741420590583,105.297840289962,103.338632750397,103.338632750397,103.448275862069,99.7605746209098,97.6633483867858,94.1123434849809,94.6123521681997,94.8100768669696,98.4682713347921,98.6571737563086,98.4990619136961,97.6914399087827,104.689564068692,105.479839927514,101.328502415459,101.175702155454,99.0059976216328,95.94126056479,97.5721962870481,99.2145735669052,99.9692230356718,104.166666666667,104.58011937802,104.58011937802,104.675505931612,109.19017288444,110.487195969771
"Florence","SC","Florence","45","041",384,76.5864332603939,76.5864332603939,75.460113960114,74,76.5373871481678,74.1227513227513,74,74.9695264885138,78.9033457249071,74.0740740740741,73.7894736842105,74,73.7894736842105,67.9451388888889,74.2921013412817,72.7116402116402,73.1007315700619,71.3492063492064,68.8965517241379,67.9111111111111,60.2748505147687,61.8055555555556,71.3492063492064,71.84375,70.9290709290709,69.3287037037037,69.2995529061103,69.314128304907,68.4217571644042,69.3518518518518,68.4027777777778,69.2995529061103,67.5929054054054,65,73.4286935286935,70.8780430297672,73.1684981684982,73.5756385068762,73.9396825396825,75.2551020408163,74.7227891156463,79.6703296703297,78.7537551416555,78.7537551416555,73.5294117647059,72.7136431784108,75.3962264150943,76.1138641232981,75.3962264150943,73.0263157894737,69.338196057045,68.2236738857502,69.3476884103863,68.3101851851852,69.898366354159,72,70.8333333333333,69.375,70.6454465075155,64.9724637681159,63.0526315789474,62.1333333333333,62.1333333333333,62.1333333333333,67.4261603375527,67.1698113207547,72.6611226611227,63.7292464878672,66.6666666666667,71.8849840255591,72.1329682032557,70.4761904761905,67.728813559322,66.5714285714286,66.5060532687651,66.5714285714286,66.6995073891626,63.3458882611425,68.2758620689655,72.061191626409,72.217190016103,71.9568548060103,66.7708333333333,65.5685823754789,63.7263888888889,67.8329501915709,67.0666666666667,67.8329501915709,68.6433342420938,66.6222222222222,65.7888888888889,64.7611111111111,65
"Fayette","PA","Pittsburgh","42","051",385,75.6843800322061,76.0416666666667,73.9716935135185,74.5631384211416,81.4965986394558,75.3677721088435,77.9786359901397,75.6693071965628,74.6938775510204,73.5328368140868,72.9815486348123,69.8426573426573,69.8426573426573,69.6001481157731,73.6281736281736,72.9290674603175,69.3576388888889,72.9483282674772,77.4946921443737,77.6365752082312,72.4206349206349,75.5338078291815,72.4547371031746,83.0754484953704,75.5338078291815,82.91015625,90.5092592592593,87.3198863882121,91.398000394011,81.9566630966952,81.351689612015,73.8447319778189,78.3720930232558,78.0346820809249,81.3998832767402,81.8180433723197,77.7961582722261,80.8088235294118,82.0512820512821,86.6071428571429,81.1451525054466,78.469387755102,85.8698593073593,82.1546052631579,87.9464285714286,89.6084337349398,85.0405305821665,79.595540329236,74.6714456391876,71.3265306122449,68.359375,76.0998810939358,78.9791834813021,82.1546052631579,82.7618164967563,83.1750529331175,85.6854838709677,83.5253456221198,83.6693548387097,82.8247602441151,82.1546052631579,83.2199592432207,77.9661016949153,78.6516853932584,83.1944444444444,83.9496527777778,85.4509320175439,78.2028610641892,75.8474576271186,76.0553633217993,79.4642857142857,74.7452470514852,76.54229205051,77.0292207792208,85.3479853479853,86.9955156950673,83.7278106508876,83.8619402985075,79.265873015873,82.7229299363057,84.3982514880952,79.265873015873,73.2621942813026,75.6369426751592,77.9369813278008,78.8216560509554,78.8216560509554,77.6928407028008,77.8207632211538,80.1282051282051,87.3015873015873,84.8972148541114,82.65
"Dorchester","SC","Charleston","45","035",386,,,,,,,,,,,,,,,,,,,,,,,,,,,,,,,,,,,,,,,,,,,,,,,,,,,,,,,,,,,,,,,,,,,,,,,,,,,,,,,,,,104.518646558123,113.918439716312,116.071428571429,121.809951714369,121.090259159964,122.086969785394,124.804267763385,126.190476190476,121.049092131809,124.910714285714,125.550595238095,136.173399909215
"Napa","CA","Napa","06","055",387,,,,,,,,,,,,,,,,,,,,,,,,,,,,,,,,,,,,,,,,,,,,,,,386.424910131807,390.849673202614,338.72271624899,351.95530726257,328.947368421053,376.044102928525,382.924335378323,417.037861915368,418.466522678186,418.466522678186,417.037861915368,403.169557300607,423.59477124183,399.453588483692,379.687474807191,366.391184573003,401.368613138686,414.196698100606,423.071451084768,428.237129485179,403.692221711495,444.005207341081,482.032218091698,458.128078817734,473.179310344828,458.691111232071,452.223160396535,453.389830508475,468.171361238918,466.417910447761,493.269230769231,493.162393162393,464.64691672548,447.818311874106,458.762886597938,459.747935445566,424.150485436893,413.82266763513,445.54554418312,396.440129449838,403.01954530877,422.152974504249,430,440.084835630965,486.381322957198,498.544369588673,447.326283010183
"Tazewell","IL","Peoria","17","179",388,,,,,,,,,,,,,,,,,,,,,,,,,,,,,,,,,,,,87.9521918418031,87.6851818665137,87.8378378378378,88.0081300813008,88.0802286513697,87.8255208333333,91.9956140350877,91.8242640544868,93.3267543859649,91.8785536234969,88.7794889765276,84.1226984126984,86.9619286840031,84.1226984126984,86.1705043859649,86.6898148148148,86.0721801346801,88.6192024886878,87.9327398615232,89.0008090614887,90.625,90.0240384615385,87.6436781609195,85.4959481818524,83.0416666666667,83.3665535764772,85.5988564270689,84.1947115384615,85.6341722775471,84.5734994172494,85.0900220560031,89.1865079365079,89.1581632653061,88.8631090487239,86.5530922774869,83.6848635235732,83.1944444444444,81.5871715658741,83.5877147806545,82.5285895806861,85.0906905594406,88.4928716904277,88.4537529183846,86.6898148148148,85.8782216494845,83.2073643410853,82.2510822510823,81.2403512499115,82.6139088729017,82.9175944000488,83.649253605394,84.46088794926,86.5288461538462,86.5384615384615,90.1559454191033,90.0667114482904,87.808176825898,87.0117647058824
"Chautauqua","NY","Jamestown","36","013",389,,,,,,,,,,,,,,,,,,,,,,,,,,,83.0959164292498,91.8962450592885,88.8339920948617,98.1170585846094,95.4861111111111,98.6486486486486,91.5123456790123,87.0901639344262,86.046332046332,81.2567623803579,94.4859709261728,100.152290448343,103.896103896104,105.266853932584,105.102040816327,92.8102280237938,96.615087040619,103.235140382318,101.041666666667,98.8349252249095,98.0485104669887,92.7147022192029,91.222882231405,89.5410082768999,100.035083636569,96.3166144200627,102.830188679245,97.9756934446684,98.8505747126437,98.8505747126437,103.680773934312,103.587962962963,92.7872845671759,89.0356804172594,86.8478260869565,83.9555110837438,81.1669685990338,81.1669685990338,84.375,85.4807692307692,84.2391304347826,85.016057312253,88.0652019208344,87.3892110734216,87.3892110734216,85.3981704281447,84.1874518335367,84.1874518335367,77.1300437288809,89.3890213338224,93.890977443609,92.3434986720533,89.871875,90.7960199004975,92.2453703703704,89.5052083333333,83.7988826815643,80.4832713754647,76.6964285714286,74.7866506153023,78.4059737667522,80.0177125641478,88.1642546894219,88.7745974955277,89.9412523180343,88.4213152258567,88.4213152258567
"Robeson","NC","Lumberton","37","155",390,,,,,,,,,,,,,,,,,,,,,,,,,,,,,,,,,,,,,,,,,,,,,,,,,,,,,,,,,,,,,,,56.6037735849057,50.1523891343479,57.1729052197802,53.7241299423394,59.0277777777778,60.6934531263044,59.0277777777778,55.7681231193203,49.0384615384615,48.0769230769231,50,52.0833333333333,51.8154311649017,51.891382991508,51.8154311649017,51.8154311649017,51.891382991508,46.1538461538462,46.1538461538462,45.4842931937173,45.2180308412316,45.2440248838609,48.780487804878,49.4104214649895,46.8921221894413,49.9164431227164,53.0100334448161,48.2986232332902,49.792531120332,49.1093406206987,48.3857949959645
"Orange","NC","Durham","37","135",391,135.240915511043,137.303244005642,144.382941855988,146.139705882353,143.259385665529,146.038732394366,152.230495811717,149.17695473251,175.84,157.905580753764,142.551505546751,146.378736396759,150.540902679831,150.540902679831,146.649592845352,151.156812339332,145.55016224576,145.360414177618,146.941176470588,146.139705882353,139.130434782609,139.945684746779,142.182747148289,142.575863090318,149.7113997114,138.888888888889,142.857142857143,145.01953125,147.272727272727,143.504666256099,139.393939393939,136.160714285714,142.917370297401,143.193779904306,143.459532184151,144.030037776447,143.459532184151,146.761133603239,146.622754301619,152.353010905642,156.145833333333,156.145833333333,155.223894055758,154.442553455711,156.145833333333,155.437891778444,154.484380248572,149.189814814815,149.342105263158,157.545045045045,156.100162820729,157.661411411411,157.545045045045,160.592364449786,161.03515625,158.147348212143,155.128205128205,154.983660130719,152.482435037866,143.6875,141.6015625,147.93872530426,144.59765625,149.342105263158,154.246680891418,147.468002225932,146.737044145873,145.16972816979,145.818924533708,145.500889883139,137.521698334506,137.445887445887,136.710498940338,137.445887445887,147.8875,157.35632183908,152.652865274094,146.604938271605,155.172413793103,155.172413793103,157.62675070028,151.401256940777,150.422627282842,147.685185185185,151.618198874296,165.335925535512,165.902426851332,162.724935732648,168.41566531108,171.275105091079,169.864048338369,172.089959248705,172.618661223469
"Douglas","GA","Atlanta","13","097",392,,,,,,,,,,,,,,,,,,,,,,,,,,,,,,,,,,,,,,,,,,,,,,,,,,,,,,,,,,,,,,,,,,,,,,,,,81.383519837233,81.2342569269521,80.5726840190316,77.898199683914,79.3121693121693,77.898199683914,71.9026419728893,66.1324786324786,73.7982396750169,77.8597506246513,75.5912961210974,73.034398034398,81.2342569269521,80.8571428571429,82.5742258652095,82.5742258652095,89.6834342393405,92.5,89.6834342393405,88.8553793745281,92.8171980535987
"Washington","WI","Milwaukee","55","131",393,111.454637607704,112.053258584443,111.98275862069,111.818181818182,111.388475828645,110.317547766765,106.410256410256,106.034482758621,106.503198294243,105.099894847529,104.708222811671,104.687444739169,101.919616076785,100.633802816901,99.94375,99.3167701863354,100.08819534282,100.316901408451,99.9375,97.3425944841675,95.6553755522828,96.1576200945147,96.4765100671141,98.1524249422633,93.9513208243923,95.8472891501178,94.9108974358974,98.2776321694458,94.95,94.0794776119403,95.5906821963394,92.910447761194,92.910447761194,92.9457364341085,92.8571428571429,92.45,90.0826446280992,89.0515595162317,94.7879075656853,93.4351351351351,88.9470735180428,90,90,92.2456541628545,92.2456541628545,91.4913083257091,98.2839856670342,91.8591874116566,97.45,96.311030982906,93.6052921719956,97.65625,100.163967856789,98.945124125847,97.9855633802817,99.5847176079734,100.854037267081,100.075528700906,100.075528700906,100.133184197781,100.075528700906,98.1873111782477,96.6959635416667,98.1873111782477,95.8333333333333,97.0103222557905,93.3236563033678,95.1540695329515,96.4285714285714,98.1873111782477,94.5280182780183,94.5454545454545,93.5137732222934,92.8571428571429,97.7043582035029,95.7764056752496,99.3589743589744,105.22289444356,100.075528700906,105.46875,104.057471264368,103.448275862069,103.448275862069,104.103399294671,109.953703703704,105.28122214795,104.758522727273,106.304176516942,113.428571428571,113.54079058032,109.346279719178,114.996099843994,113.854867535744
"Madison","IN","Indianapolis","18","095",394,,,,,,,,,,,,,,,,,,,,,,,,,,,,,,,,,,,,,43.956043956044,41.5476190476191,41.6666666666667,42.483771191032,45.1357466063348,46.4341085271318,48.3064516129032,49.7546368861024,49.875,48.2664233576642,49.6710188076053,50.4313193297144,50.2039780538887,50.3933866602028,49.8463901689708,50.4656098406098,54.7445255474453,51.6491754122939,50.4550050556117,48.7822556425717,46.2570246683146,47.227597935726,45.0980979077455,42.6966292134831,40.4793487307532,39.6551724137931,40.8248299319728,45.6835844093735,46.2418300653595,48.1517445687953,44.6575342465753,43.5185185185185,43.1658562938952,43.2432432432432,44.6884018759019,43.6197916666667,44.9163449163449,44.9172576832151,47.0972423802612,47.900641025641,48.5142857142857,47.8846153846154,46.3576158940397,49.9166666666667,48.8979591836735,49.9166666666667,51.5873015873016,47.8198480657402,43.7594966761633,46.9387755102041,44.586497000375,46.4110576923077,49.5728131836112,51.0605231748558,54.4318181818182,53.1804653679654,52.3190045248869
"Rapides","LA","Alexandria","22","079",395,,,,,,,,,,,,,,,,,,,,,,,82.5330150068213,82.5330150068213,76.3358778625954,79.8,83.0256679212686,81.2797404470079,80.2819902864506,79.4317363922627,79.5042293233083,78.1230382925298,78.4682988072819,84.1906618975273,85.4241338112306,84.7993827160494,76.9391025641026,83.1055900621118,92.9978118161926,88.5417291150593,84.0883735258244,85.4241338112306,92.9978118161926,77.0833333333333,70.6534199465036,77.0833333333333,82.1496322106078,81.1111111111111,76.9604700854701,89.5279981602852,86.7203836874495,93.9804364183597,92.4755455229496,91.3982282480172,90.2350813743219,92.6615695529186,92.3047793164639,84.9928876244666,85.376969833498,84.9928876244666,83.3600801758697,82.5806451612903,87,83.1202050652562,87,85.9273456562668,88.946587537092,82.4214350688729,80.0536672629696,67.5872093023256,65.5555555555556,65.5555555555556,72.9018492176387,83.9479339014974,90.5367266412587,89.4583657498137,91.4146819219593,96.6356478167502,97.4802419710117,91.2100456621005,89.5966542750929,85.4618015963512,78.6229508196721,76.5204386839482,80.7692307692308,81.7307692307692,81.7307692307692,81.6579254079254,81.3175501801338,86.196980589504,80.6793138239355,84.005376344086,89.8075552387741
"Sandoval","NM","Albuquerque","35","043",396,121.341463414634,118.434603501545,117.56061719324,119.315534540422,121.949152542373,120.285423037717,117.635600173294,116.705607476636,117.635600173294,115.953623032519,113.440860215054,111.143792717215,115.346202146698,115.498894416805,113.464140730717,110.113636363636,111.093583410769,116.658333333333,116.658333333333,116.952543530215,114.617992571478,112.453093331728,113.562953345686,114.314115308151,114.530102790015,108.055009823183,107.15137067938,109.461966604824,109.422672310455,110.212164291662,108.420138888889,107.528949693854,107.32538330494,115.288239815527,106.666666666667,107.326007326007,110.853138191416,109.810874704492,106.630036630037,109.44094488189,112.697220135237,114.377682403433,112.400733048259,110.749555599447,115.183246073298,116.768879186848,116.822429906542,112.612612612613,111.278470473963,115.951386453252,114.539748953975,113.539540816327,112.587006960557,109.080962800875,104.756489326483,109.716901238053,109.41960038059,110.205625481101,112.239755432217,111.212397447584,111.25,110.075914423741,110.626899519563,112.434738955823,115.02781582453,112.994350282486,117.564888483109,117.034017316928,115.68848758465,115.59971824488,115.68848758465,114.609571788413,116.822429906542,116.924728466785,117.936031984008,116.784630940344,118.398058385186,120.248790601244,123.868243243243,118.674698795181,121.970504619758,124.471153846154,126.666666666667,119.405487804878,115.756738078784,117.138908085695,120.195085870143,120.948488933828,124.326192121631,122.719557046437,127.018299246502,124.868972746331,122.781049595566
"Taylor","TX","Abilene","48","441",397,,,,,,,,,,,,,,,,,,,,,,,,,,,,,,,,,,,,,,,,,,,,,,,,,,,,,,,66.5178571428571,68.4301821335646,66.5178571428571,67.4740196382109,67.4740196382109,63.8317937516989,69.234449602067,68.0517711171662,65.9610424867653,68.2409766253654,68.8300910667823,68.8300910667823,69.6588596491228,71.1139896373057,71.9876416065911,76.0230179028133,74.8585238767798,74.8585238767798,76.3347873500545,77.7313304799783,77.4231588741887,76.3347873500545,70.4827154752414,72.5872661213921,74.6381420857716,72.1504772599663,73.4557191731381,74.1749174917492,78.5123966942149,72.4992472902449,74.3617021276596,74.0437725819178,76.0643166226098,78.6806577533128,77.4362615995556,76.329169432066,83.7799897907095,84.0393685525381,77.0975056689342
"Wichita","TX","Wichita Falls","48","485",398,56.4903846153846,53.9271763392857,56.6801331630153,57.6424870466321,56.8331143232589,58.0002503337784,56.4903846153846,54.9870466321244,56.9197893401715,54.9870466321244,54.6831871434705,52.4347331015666,51.7046215575627,49.9334221038615,52.4159663865546,55.1587301587302,54.7100892269661,53.078620464204,54.7354468533246,55.0660792951542,55.0122249388753,51.0204081632653,54.0470869816838,54.8815710343597,54.959779574317,53.4985670734078,55.0814727586517,48.4817813765182,47.1698113207547,54.9163179916318,50.8231561302682,53.8602753979323,53.1965556202885,56.3179389886875,55.4814814814815,56.6568047337278,56.869881710646,55.8160987074031,57.9857682784909,56.6734874587985,56.9767441860465,57.0108397244018,57.044935262757,56.1797752808989,58.0582645661415,55.2600753133264,55.0616996598537,50.2235619813645,52.3560209424084,53.8949275362319,51.4705882352941,56.2441314553991,52.5087514585764,56.737012987013,57.7099156118143,57.753164556962,58.1513828238719,61.6113744075829,57.6666666666667,60.7476635514019,56.4149226569609,55.8775783040489,54.1044776119403,53.4673331455928,52.2421524663677,54.1114873608834,53.4673331455928,52.001144026975,53.0637994996118,52.0134228187919,54.5268682881,51.6111111111111,53.3998760083191,57.0521569725391,57.2344322344322,56.9791666666667,56.8331143232589,56.0642057473043,56.9306930693069,55.0772626931567,51.9791666666667,51.4240506329114,50.1985383818723,49.9886601300695,51.2692232444042,54.3478260869565,54.4554455445545,54.5522167180733,54.1993720565149,56.8192203313056,58.5955627354607,52.4781341107872,50.5375784929356
"Cochise","AZ","Sierra Vista","04","003",399,,,,,,,97.0514429109159,94.1028858218319,87.6803551609323,84.005376344086,87.8972499519289,92.9046334533758,99.4764397905759,99.4764397905759,95.5960070463887,85.0234009360374,82.5810185185185,80.4224207961007,81.6780862444381,86.9389635142889,93.1948456400072,88,81.9445789446701,78.3045977011494,85.3872928037194,91.1822884588022,81.444031188385,79.9107142857143,79.9107142857143,79.6737766624843,75.4418753902727,75.4310344827586,71.4285714285714,76.1737634217088,77.0306953115436,77.7832512315271,76.7994858611825,76.9017094017094,79.9107142857143,78.5234899328859,82.5431034482759,82.2180537817511,82.5431034482759,88.6699507389163,86.9850187265918,86.9850187265918,85.4368932038835,82.6147799421241,82.7380406891496,78.4970626388537,78.2967032967033,86.2614929595576,91.9153031761309,98.9194857916103,99.2184883722828,89.5929596614259,87.4956237954605,85.8477011494253,84.0602696272799,84.0602696272799,84.8441444754757,84.8441444754757,84.0602696272799,82.6149425287356,81.4903394068125,84.0602696272799,90.0423728813559,84.1584158415842,84.1584158415842,82.2130029560846,79.2274033437827,80.4290802636568,83.4597875569044,82.5082508250825,91.8021201413428,81.5416290665135,88.8298839994333,92.5392464409954,100.609253468901,100.609253468901,99.2427261857314,102.332195676906,103.196594427245,113.132075471698,101.918465227818,99.1898148148148,101.975780752071,98.3796296296296,93.5181859653665,97.1514455102585,93.2187653576375,100,95.0837385197191
"Berkshire","MA","Pittsfield","25","003",400,171.100427350427,172.980769230769,170.08547008547,165.52734375,168.136829310644,165.185950413223,165.655853314527,165.185950413223,163.771929824561,165.61829810049,161.875689296722,157.97263361409,157.994923857868,157.595946777419,158.642681411796,154.419969045819,159.290438965725,165.334078093414,163.377192982456,159.411194871072,162.674418604651,163.759689922481,163.060689514484,159.966934801016,156.735160421674,155.201342281879,154.867154657423,155.677655677656,156.993339676499,159.090909090909,155.952380952381,150.512874188821,149.833333333333,148.17880794702,145.590682196339,146.120206324288,143.929912390488,141.751298810122,139.703341013825,143.535249828884,146.017699115044,150.63941476578,163.04347826087,156.284081759625,161.192481024668,157.894736842105,157.873650472335,159.867216117216,159.192772952854,157.665722851432,159.615384615385,157.138254913311,162.393162393162,160.625736561989,156.801007556675,160.21377672209,159.987872487872,162.952898550725,163.886740932267,156.25,154.152960526316,154.243827160494,156.092171717172,154.148936170213,154.501093140094,163.175675675676,166.706372840977,165.754747344705,163.557135665744,158.959104700195,158.585055643879,151.414141414141,153.870540691193,151.581163401816,155.598958333333,156.984150969357,159.810181190682,159.620362381363,158.630952380952,153.152364273205,155.408249158249,156.998055988886,157.20294426919,159.377316530764,159.583333333333,159.583333333333,159.707227583434,168.371696504689,168.715049342105,164.328061420063,163.023679417122,163.93315018315,159.287257019438
"Black Hawk","IA","Waterloo","19","013",401,,,,,,,,,,,,,,,,,,,,,,,,,,,99.55363540687,101.343101343101,103.127428127428,100.786229570633,94.9619771863118,101.046448087432,100,100.437158469945,103.239571724809,103.383458646617,102.878672943486,100.819672131148,98.233995584989,101.707156927118,100,97.5480351622346,95.0430793135306,95.9605026929982,100,100,100.684279859485,100.922131147541,101.01593610398,94.7984395318596,102.043596730245,101.931330472103,107.160116928735,105.577689243028,104.036458333333,104.815573770492,104.079861111111,105.235568165896,104.808743169399,105.027493731813,110.574885401112,106.723593570609,106.183265832106,105.487804878049,104.050925925926,104.065393518519,104.71615720524,107.136471391835,106.951871657754,103.542234332425,104.079861111111,102.157360406091,104.144385026738,104.237916895602,104.311992624075,102.455144961977,102.157360406091,100.994714472537,100.115740740741,100.651041666667,103.607885451992,103.441146064097,100.69278691262,100.777934936351,102.955665024631,102.883157956102,108.506944444444,109.375,103.933820550221,104.871822103131,105.198757072923,101.824034334764,102.264492753623
"Scott","MN","Minneapolis-St Paul","27","139",402,,,,,,,,,,,,,,,,,,,,,,,,,,,,,,,,,,,,,,,,,,,,,,,131.099779397327,144.09509202454,130.403105805804,132.241720621381,138.293838862559,129.793735676089,129.675364543361,125.02519686687,123.02679217958,124.145145145145,126.028891487654,118.140681003584,117.221553338684,116.273398846303,113.705124493341,111.779057017544,113.7102014295,119.141689373297,123.984962406015,127.44966442953,127.500179778975,133.92775974026,136.103351955307,132.08516886931,132.611731843575,127.672209026128,128.940271179731,129.555555555556,132.420594329478,129.885640025991,129.889538661468,131.875415613154,135.277177825774,132.444023569024,127.892428513907,135.250125684814,138.612534416378,137.379908522981,136.754445229094,129.587626473591,139.330439330174,140.576652601969,143.181923474777,156.827820186599,158.02495697074,146.623080369873,166.604710427217
"Stafford","VA","Washington","51","179",403,136.292771171957,138.910446264063,133.779761904762,138.680659670165,150.943396226415,147.419742509146,153.533026113671,141.23487406782,141.044192825394,144.325050369375,144.5659068272,130.747535193996,129.464285714286,127.109740507018,127.227722772277,129.464285714286,132.616396761134,138.030557891786,138.216826364692,134.353995519044,130.427046263345,130.800567666086,129.749728176452,120.194610241228,126.41513213112,126.810688405797,130.274287020561,126.976656677502,128.030637871429,129.375,140.791747768307,133.962038702013,142.123834498834,147.017857142857,144.649122807018,142.684195531564,145.853973168215,149.473985134362,149.534574468085,147.536706349206,151.781310577853,157.963048498845,158.895705521472,159.603015576004,160.674878627254,161.045556385362,161.846877098724,165.682293150945,165.425531914894,165.442043222004,162.447482118406,162.337662337662,162.037037037037,162.222208594976,160.592665356909,160.592665356909,168.188073394495,165.504107542943,160.654761904762,164.634146341463,159.65671641791,165.724836953995,168.377083747285,169.954332829229,168.188073394495,171.5995765454,175.93309382262,169.478041552828,175.728155339806,176.138032305433,169.924933862434,169.495123676697,168.377083747285,168.377083747285,170.319361277445,170.751633986928,176.923076923077,179.438540644797,173.678879066077,173.559319046948,179.438540644797,178.403808666967,175.558079197868,176.337603617182,175.226244343891,172.459222082811,176.40522875817,176.863021238021,177.159090909091,172.559523809524,172.770114532839,175.373134328358,177.401377217554
"Washington","RI","Providence","44","009",404,253.377115308933,247.561553030303,246.215139442231,244.982290436836,243.575712143928,232.726045883941,233.338331583946,229.406130268199,231.395348837209,233.950617283951,232.060697360575,230.704697986577,224.731182795699,226.851851851852,215.610510046368,215.610510046368,224.673202614379,224.297218852684,214.251635768811,208.333333333333,207.648771434444,208.333333333333,209.20798454604,204.860767224588,200.762582613116,200.762582613116,202.777777777778,194.674556213018,204.268292682927,200.255102040816,202.884615384615,203.205128205128,206.521739130435,204.166666666667,205.792498487598,206.75355450237,207.222931097339,206.75355450237,205.275462962963,206.17816091954,206.75355450237,204.17406749556,206.307077091136,209,209.602012808783,209,209.310728631338,211.502490596727,211.836765549646,209.921296296296,212.293621743702,207.950917370791,212.930011862396,212.872383252818,222.291883068705,212.29216152019,218.0625,212.264150943396,212.264150943396,212.748579545455,217.607638888889,213.273248175793,218.0625,212.396080760095,226.287833294525,234.69387755102,233.166666666667,233.76867219917,227.618222544628,225.823529411765,228.043912175649,228.043912175649,221.272348135234,212.29216152019,222.165991902834,232.354326024547,233.696665285833,230.865102639296,242.673992673993,240.114613180516,228.419282743493,228.535139712108,223.621632996633,229.166666666667,230.492813141684,221.152410310361,220.83805209513,230.596692178654,244.393965763126,231.388888888889,223.207036535859,223.311053471668,226.993686868687
"Wood","OH","Toledo","39","173",405,98.4615384615385,97.6780933225308,97.6780933225308,97.6780933225308,97.6658476658477,97.2762645914397,97.6658476658477,95.9600974993229,90.9235792351358,91.021470396877,90.8256880733945,88.25,86.1722635328156,88.25,88.25,85.8854166666667,85.8854166666667,89.4222945484133,82.4166666666667,82.1781256768464,82.0813771517997,82.201646090535,85.1121076233184,84.5023625364914,86.9337979094077,88.2063240490542,87.354424953838,86.0089686098655,86.7404415556007,83.919137201361,81.6170212765958,87.4871266735324,82.991887947005,82.3784722222222,81.7989922086721,81.219512195122,82.5247769499632,89.2113095238095,89.4781989159167,93.0124223602485,93.6342592592593,93.0124223602485,91.1536707706338,83.122028526149,82.962962962963,94.0807174887892,83.8742459572756,85.5486358244365,91.1536707706338,85.2272727272727,89.9053627760252,89.9597054547753,87.5550985974903,88.2299460529169,88.866930171278,84.8623853211009,82.210754332314,90.689238210399,82.4770642201835,83.4397475050951,87.79296875,91.7065390749601,89.7159090909091,92.5913894663895,95.3950318915687,93.5719435505185,96.8023255813954,93.849840255591,94.3465372895117,94.2966171617162,94.7867298578199,93.75,93.75,95.8719833499626,93.75,101.621223286662,102.094240837696,102.954401184934,101.289338344811,98.7727021191668,102.042483660131,104.113098282179,103.037888713234,103.468829609905,98.3732876712329,98.3732876712329,96.1538461538462,97.790404040404,105.912476722533,105.912476722533,103.695208647498,99.6901610975549,99.2732558139535
"Wright","MN","Minneapolis-St Paul","27","171",406,,,,,,,,,,,,,,,,,,,,,,,,,,,,,,,,,,,,,,,,,,,,,,,,,,,141.444981862152,142.785714285714,143.853820598007,147.536919831224,153.326180257511,151.817531093847,149.713205954573,149.188100994605,146.96223316913,144.907420751587,148.857453754081,149.843847595253,161.267605633803,157.979839595693,160.766388071872,155.460410476505,154.978237421001,155.101102941176,163.079291286859,167.059980334317,166.5,164.400337837838,163.601412498471,167.697147651007,168.419506462985,166.803760282021,170.289855072464,171.174478466047,171.112804878049,172.002711592005,173.266219239374,173.611111111111,169.70802919708,174.059374595604,174.293211661633,174.059374595604,175.111773472429,174.387466179075,182.682154171067,180.216113230527,182.423736259848,178.185745140389,179.719084079077
"Richland","OH","Mansfield","39","139",407,71.4673913043478,69.1870547431571,67.2115384615385,69.2406629489566,71.4285714285714,68.7022900763359,66.0178432814479,64.5247836323351,60.9135804986812,56.6326530612245,59.1047040971168,57.0913461538462,55.316742081448,54.6316557257476,50.5069007343299,51.6431924882629,52.5657894736842,54.2874396135266,57.5132411481584,55.4158415841584,55.8666666666667,55.2558782849239,53.2738095238095,52.9742954659062,51.4846124921284,50.322717227782,53.7383177570093,60.7577807848444,57.909604519774,58.7483062330623,60.5381165919283,60.9147609147609,56.3629518072289,54.7149122807018,58.575534269362,54.6328671328671,54.7637227230601,59.4246031746032,59.4246031746032,58.6538461538462,59.3998015873016,61.3042091836735,59.1926698670606,62.0192307692308,64.6666666666667,64.8484848484848,57.3754789272031,57.3057832971626,58.6431833007175,59.0462940313111,59.0462940313111,63.7292464878672,65.1606425702811,66.6666666666667,64.031339031339,63.7472906082701,63.2601351351351,62.795089707271,64.010989010989,66.8976135488838,66.3961038961039,64.010989010989,58.6611456176674,57.0051070800092,62.4547101449275,61.1290650406504,61.2222222222222,60.6969205834684,58.7867890527495,57.7546296296296,58.4839309555598,57.7546296296296,56.7858348334833,55.2610441767068,58.7388763759619,58.7388763759619,58.8147451963241,58.6734693877551,55.1414768806073,55.279071773637,57.8476940261966,57.8084832904884,57.8476940261966,61.3619541080681,57.0412990952208,59.3754165555852,61.4956382001837,60.8773500447628,59.1787439613527,57.8196473365796,60.6516087097823,65.8751923671654,66.7695473251029
"Comanche","OK","Lawton","40","031",408,,,,,,,,,,,,,,,,,,,,,,,,,,,,,,,,,,,,,,,,,,,,,,,56.3636363636364,56.9401080384577,58.7659157688541,59.6184419713831,61.0902255639098,57.7391395154553,59.0733922434953,60.3822669418645,56.3076923076923,57.7391395154553,61.2798264642082,55.8090103783219,57.0011966126657,58.3333333333333,57.4724264705882,60.9284332688588,60.0835945663532,55.3379040156709,54.3346774193548,53.2407407407407,53.4385521885522,52.1062560856865,45.1884920634921,51.0204081632653,48.0458860759494,45.9560502283105,47.7618611547183,43.9033014539008,42.6561723340116,43.2554414697272,44.0986279802069,46.2486159383989,52.2922328847781,47.3125696767001,46.7391304347826,44.7368421052632,49.7,50.2365930599369,48.873653281097,46.7391304347826,45.9843131712832,45.8620689655172,46.3195658508158,46.3195658508158,50.9751773049645,50.6591572799333,50.2518891687657
"Columbia","GA","Augusta","13","073",409,85.989010989011,85.9035964035964,84.1575091575092,84.7787610619469,84.1575091575092,84.5400157396849,84.0549450549451,84.0549450549451,84.1575091575092,85.5769230769231,84.424778761062,82.3260073260073,85.989010989011,84.2032967032967,83.9823008849557,86.7216117216117,84.1575091575092,84.1575091575092,84.0881003731471,83.7912087912088,83.4376604703708,84.2490842490842,84.1575091575092,81.7188170115234,82.2003577817531,82.2003577817531,82.3260073260073,82.3260073260073,81.3114517061885,80.5182341650672,82.9799781370462,82.3260073260073,82.3260073260073,82.0720945720946,82.3260073260073,80.1068883610451,81.5217480576225,82.3260073260073,78.7545787545788,82.3260073260073,82.3260073260073,85.6570701768022,83.2875457875458,82.3260073260073,81.043956043956,82.3260073260073,82.3717948717949,82.3260073260073,81.5018315018315,82.3260073260073,81.9139194139194,81.456043956044,83.6630620991829,85.2119464628462,84.545165327315,84.9328214971209,83.6197225418165,82.3260073260073,82.3260073260073,82.3260073260073,84.9328214971209,82.3260073260073,84.2490842490842,86.4745483467788,84.8153119145486,85.7877351599656,85.0367947669665,83.9661454697752,83.6798336798337,86.0337038221654,88.387573964497,82.3260073260073,82.3260073260073,85.8823529411765,85.989010989011,82.4175824175824,82.3260073260073,84.0373168498168,84.1575091575092,84.5909528731026,85.0732600732601,84.4346549192364,88.2775103589888,91.5133111480865,89.1014875239923,91.3708033619313,83.893154190659,87.060251261533,92.0634920634921,94.3915662650602,97.7134459955915,94.7833927111319,94.0342848608978
"Strafford","NH","Boston","33","017",410,135.325758697261,135.325758697261,135.2,134.517766497462,131.472081218274,131.472081218274,131.182469180566,130.683760683761,124.648985959438,121.222076215506,120.480225988701,111.992046876078,113.617250109455,112.97619047619,109.579831932773,119.007094814411,113.68804001819,115.736842105263,114.754098360656,115.563497624116,115.816917728853,115.304611409263,115.299145299145,111.963775023832,107.226277372263,111.963775023832,112.860727728984,112.178760393046,117.321134922775,120.37037037037,115.31007751938,119.912474235783,119.284294234592,118.356456776948,121.357142857143,118.185186328692,119.31982633864,110.26557586478,107.706222865412,112.940630797774,118.320836621942,118.628193030936,120.149104801004,120.457305131218,119.770344483275,122.999172967864,120.457305131218,120.045045045045,115.697674418605,120.045045045045,120.045045045045,116.80874811463,125.314861460957,127.068614323092,127.423469387755,126,121.240081696098,119.820269595607,119.047619047619,115.604605118428,119.223659889094,115.659519168291,119.649476769771,121.893147502904,121.966109770988,124.377828054299,123.883928571429,125.039123630673,125.039123630673,124.122807017544,122.426470588235,115.659519168291,116.775394004045,118.174409127954,122.67217845048,126.41369047619,127.579162410623,129.565217391304,129.258415147265,132.896305125149,125.687156421789,125.275604282292,124.409722222222,123.90873015873,123.881621943718,121.125541125541,125.287356321839,127.552105948762,131.260945709282,134.801802456354,135.274751820523,136.171825820401,133.374689826303
"Washington","TN","Johnson City","47","179",411,94.9,95.5994897959184,95.5994897959184,95.5994897959184,96.3018846982445,96.3018846982445,91.5740740740741,86.6,86.6,85.9918619791667,88.4450784593438,89.4951140065147,87.2351851851852,79.0895061728395,79.0895061728395,85.7507680491551,85.2122015915119,85.056100795756,82.3148148148148,81.3517915309446,80.888086285375,80.4244088679772,81.6443164405102,79.8826681448633,81.3844714686623,78.780487804878,81.5556053906597,82.844387755102,79.6099290780142,79.5773130238556,81.8154503625076,87.1621621621622,87.1621621621622,85.3104951658082,90.3809523809524,90.0152694982613,92.5,81.219512195122,80,81.219512195122,84.7878787878788,84.7878787878788,91.6417050691244,95.1818539446392,94.0520287298387,90.0253129431404,93.2674665178571,92.67578125,85.6046626984127,85.6190476190476,80.6237922705314,84.1179178470255,92.5925925925926,92.0217000870225,82.2941176470588,79.5092838196286,79.4311124980496,76.1936339522546,76.1936339522546,76.1936339522546,76.6340510186805,76.6340510186805,80.462962962963,79.7623608830505,80.1622340425532,78.0330882352941,75.6970474961302,77.3337765957447,78.125,75.2559267241379,76.3694267515924,86.1556715875412,87.0516450916936,89.472874074696,87.202874282557,82.3111267414904,88.3561643835616,89.1492465621251,85.5057876195269,84.9328478964401,86.71875,82.5460487225193,85.6024563349832,85.6024563349832,87.1379501621437,87.337962962963,84.5703125,86.4055299539171,82.5930935709739,84.8721590909091,84.8721590909091,83.5424133811231,79.3650793650794
"Wayne","NC","Goldsboro","37","191",412,,,,,,,,,,,,,,,,,,,,,,,,,,,,,,,,,,,,,,,,,,,,,,,,,,,,,,,,,,,,,,,,,,,,,,,,,,,,,55.5544444444444,54.3349729821006,53.1155015197568,56.2022900763359,59.7294321220702,50.2275530210398,56.8326947637292,59.7039473684211,59.4397396416573,61.1019736842105,65.9937888198758,62.0341614906832,61.5514318903798,66.283185840708,64.0060240963855,66.283185840708,67.8226514486392
"Spotsylvania","VA","Washington","51","177",413,134.293026231606,124.94212962963,141.828691539674,136.611111111111,132.795884871046,123.450931189269,121.273631797636,120.355411954766,120.368788779931,120.382165605096,120.026021738514,116.585891222402,113.867651749792,110.198456449835,109.647188533627,104.72027972028,104.189636163175,110.141606025232,104.782375067168,105.374268566532,102.260018639329,101.910828025478,101.781170483461,100.128205128205,104.414448582849,103.848878886388,104.651162790698,112.505339954877,115.523882896764,124.39744220364,120.824175824176,123.667481662592,121.699134199134,123.788105910661,123.162818578374,123.742300108276,126.157747588669,132.998597163771,136.008498535323,133.763736263736,138.320772384593,141.10824742268,147.488038277512,137.756223948286,134.28133302712,134.28133302712,149.649681528662,150.984682713348,147.667185069984,148.219103531111,154.454401109631,152.547770700637,154.388694197974,147.528846153846,157.781908302354,158.918997304323,156.25,150.56333716882,148.710317460317,161.012887050526,157.619945747816,157.457983193277,157.964601769911,141.331474450245,146.957893121385,157.964601769911,145.454932602577,148.078922834194,145.75018931254,142.441860465116,142.441860465116,142.441860465116,159.998010571239,159.998010571239,165.797619047619,157.594936708861,159.89749897499,167.815893385982,166.511014248219,159.942347438839,164.939150873693,158.039745712258,162.529092319628,162.786285290249,162.529092319628,170.634920634921,177.41935483871,166.587301587302,172.496872966157,181.353884856483,174.988095238095,163.9975399754,166.552151229571
"Kennebec","ME","Augusta","23","011",414,103.767866258295,104.166666666667,107.447897086466,109.051629345787,108.052884615385,110.220588235294,108.071896853147,107.64176579669,105.24790844575,103.766933829879,103.766933829879,104.263800984529,102.63462250185,102.678571428571,103.289473684211,104.693140794224,105.555555555556,109.3707250342,109.3707250342,108.25,108.25,102.07194748987,102.565218204955,102.326307572209,102.466354241769,102.466354241769,102.739726027397,109.084880636605,110.678531701891,111.953041622199,114.375,112.665782493369,111.897573442678,110.486460078169,102.996254681648,104.179758652095,96.5640658554044,95.4249414420334,96.615087040619,96.8168847320181,104.803788903924,107.972972972973,112.482098102399,114.4,114.849521096782,109.455768067383,111.268758565232,114.4,112.976113621691,113.247863247863,116.618075801749,115.323046875,118.565366070766,117.820404721754,116.384615384615,115.209514947418,115.154569892473,112.173580414825,108.021882494005,106.854818485041,106.520335700452,106.520335700452,105.718891402715,111.866675043981,113.032786885246,113.490077653149,112.836844328291,112.836844328291,111.607142857143,112.724726775956,109.011627906977,108.440442079411,105.673076923077,100.961538461538,100.877594627595,106.550603022377,113.636363636364,114.393305050054,116.555555555556,114.792899408284,109.903381642512,104.514219891961,105.799019607843,101.450676982592,98.8952587395301,100.558304783657,99.7652582159624,105.475040257649,118.246904024768,117.389060887513,128.062692659101,129.888888888889,129.464285714286
"Oswego","NY","Syracuse","36","075",415,,,,,,,,,,,,,,,,,,,,,,,,,,,,,,,,,,,,,,,,,84.3478641456583,84.6613545816733,83.0998248686515,83.9635854341737,86.8298368298368,89.3835331335331,93.7463924963925,101.144366197183,99.8165983416927,88.4375,91.5833333333333,95.2190170940171,84.5617529880478,87.442454323119,82.2473072376199,77.9406171789377,80.1901309164149,81.3484747228556,81.5764614462794,78.6881469935208,78.6948176583493,81.6666666666667,77.3230088495575,80.060120240481,79.0769230769231,82.2368421052632,84.9206349206349,81.3553370786517,82.4340695908987,80.5821855595191,76.3541666666667,71.1471487766377,71.3392857142857,69.3518518518518,71.1471487766377,71.3095238095238,73.0150624058461,73.3596114030897,71.5833333333333,70.7718187609492,70.1754385964912,69.3764798737174,65.0282118055556,65.264233570888,61.3333333333333,63.2352941176471,65.8608058608059,63.2352941176471,69.469407045612,76.7730496453901,75.1633986928105,74.3055555555556,75.9118541033435
"Potter","TX","Amarillo","48","375",416,67.7601809954751,66.6033650758702,69.4652406417112,69.2749346559161,68.0555555555556,68.9632702174134,67.3935569698437,68.1508898441048,69.2361918860809,69.9118234250222,69.0846286701209,67.6956767796068,67.5019421897184,67.2502587991718,67.3236514522822,67.1014492753623,69.1492092832204,66.9715405539794,67.2759693451704,69.3313427433949,68.8028139657472,68.7637161667886,69.3319212056894,68.7637161667886,70.3755868544601,71.0125132486113,72.6993901922751,70.7677438936724,73.8015299741693,68.0863687957899,71.6700819672131,68.3962264150943,70.3557312252964,67.7506775067751,67.1428571428571,65.9784560143627,64.4329896907217,67.9207932988421,65.4094563082965,68.4275511008196,67.1428571428571,66.927374301676,67.2840712664608,67.1469740634006,67.1469740634006,68,65.4772437126661,67.5945655098197,67.6630531417591,68.1758530183727,68.5369318181818,68.8419117647059,67.5675675675676,70.8571428571429,76.0955700933343,69.41658377542,68.2167097608274,66.4240218380346,70,66.5453442523506,66.4240218380346,70.3246928229,68.2617874736101,68.5711623079509,72.3490571316658,70.3925353925354,75.6410256410256,75,68.6918712224004,66.304347826087,67.9911456475355,71.1366758241758,72.5477124183006,69.1628787878788,68.3417085427136,66.9287001935262,69.3287037037037,73.1,76.6871165644172,75.4351964246303,71.5859030837004,74.4047619047619,74.4274232535654,74.6871677578199,77.2849462365591,76.0683760683761,76.5647190099412,79.38477293316,76.7519466073415,75.9514973330763,74.3914169236192,77.7620396600567,74.9741916407796
"Randall","TX","Amarillo","48","381",417,81.2680994185384,83.194005868814,83.5189309576837,83.5890744173894,85.150652258567,83.7053571428571,84.3351548269581,84.6354166666667,85.9101147767106,86.9230769230769,86.2944162436548,86.1552564115658,84.6354166666667,82.7308006535948,80.0279329608938,80.0279329608938,84.0836012861736,82.9767801857585,80.5555555555556,81.7369070710633,80.8090310442145,79.3830743715084,80.6598918661933,80.7291666666667,82.5242718446602,80.1217038539554,76.5451575366989,77.9947916666667,77.0660340055358,76.4455782312925,75.6410256410256,74.7330960854093,73.0264172708189,75.3107531626949,72.6415094339623,72.6290516206483,78.7310108777194,81.1735776214194,80.5202908802665,80.0613040867466,83.063940201366,84.3556514859659,89.0003261578604,89.0688259109312,87.6846963562753,85.0340136054422,86.9805103097637,84.2134831460674,83.5991597472626,83.7773937588905,87.0639534883721,91.1029761828171,90.4628330995792,92.021456963623,87.7745241581259,86.1640430820215,86.436170212766,87.2201492537313,83.9034189416193,83.5946500576037,87.8103124774482,81.9821333888805,81.5223740349451,81.7330642330642,80,82.2530864197531,85.8059342421812,86.4618885096701,88.5214007782101,88.8477570199502,88.6871508379888,86.2068965517241,88.3152173913043,82.378223495702,82.781124497992,81.2104787714544,85.6601394451862,89.6537000831479,94.2009382127307,96.4677792679761,91.5363385464581,95.0413223140496,95.6032719836401,95.3222971488448,95.0066946765779,95.0413223140496,92.8719008264463,92.8545874090507,93.2301918127106,92.7196359817991,96.601690709439,88.822292086038,89.2324644165169
"Pickens","SC","Greenville","45","077",418,90.7197578711617,96.1413043478261,96.1413043478261,94.5219123505976,84.6363018354861,83.3333333333333,82.65625,83.28125,83.8704652450845,81.6993464052288,81.5813805196875,80.8823529411765,80.0628626692456,80.0628626692456,80.2683981592674,81.3194444444444,81.6543263646922,81.8739781320253,79.9192672195867,80.8501346010653,75.8097165991903,72.5598203784882,79.1017953573182,76.0458839406208,75.6518938727177,76.2820512820513,72.0777268397237,68.6514983351831,70.035046728972,72.0192307692308,70.7547169811321,70.7547169811321,70.7518524176915,70.4005324318194,76.1437908496732,77.5652318667456,80.9801264679313,81.1235900896558,81.2790697674419,85.0797098616419,85.5740434471661,84.6595796746951,87.6892551892552,87.2259684759685,85.6617647058823,86.8055555555556,88.4375,87.3832866479925,88.2572115384615,86.9578765034608,84.7092084006462,84.7427530429212,84.2188297853609,83.1730769230769,83.1936813186813,82.4012037247331,82.563025210084,83.6734693877551,88.126159554731,85.4339482126489,83.937324929972,94.313312833955,89.93853121967,89.3969001199094,87.3757160353891,82.6986754966887,85.0237385163856,86.3698765432099,83.9232153569286,86.4197530864197,83.9285714285714,83.9285714285714,80.442766075388,83.2407407407407,81.974358974359,82,82.3451910408432,88.9513108614232,93.3658084597254,93.8137870449319,93.6426116838488,90.0931411269089,93.579410580079,90.6975232621784,88.5815602836879,86.9439071566731,88.812353682694,94.2684766214178,99.9,103.095238095238,102.179836512262,98.9463141025641,104.141671591805
"Boone","KY","Cincinnati","21","015",419,112.804255319149,110.139416983523,107.248322147651,106.796204084578,104.562737642586,104.129668780832,102.027883396705,101.26742712294,101.087800342499,101.087800342499,100.704721634954,99.8789346246973,99.6628279680864,98.9169090428345,94.8488554514823,94.8488554514823,98.0645161290323,95.4719039825423,96.2208004761196,93.1736143455985,91.812865497076,91.1787072243346,92.7441352973268,92.0706541427315,89.2708333333333,91.9373134328358,92.0108327691266,94.3355119825708,90.5701754385965,90.5701754385965,89.7927247417043,95.105370496261,95.2345034299487,94.3355119825708,93.5907970419063,92.4818866607828,93.4514494763672,93.6313360209532,93.132706868483,89.6815286624204,92.6746166950596,94.0764331210191,92.4818866607828,92.9824561403509,93.0392156862745,94.7190250507786,95.2886372394017,95.5215584331433,97.1447994561523,97.9136235440083,97.4754558204769,99.2659918321823,98.6928104575163,99.6675900277008,102.546816479401,101.028843786545,102.225141754316,101.489505754909,103.677507690377,105.637773079634,102.796727845049,106.925496709932,101.489505754909,102.205882352941,102.942722017867,101.489505754909,100.787401574803,101.43570536829,104.421965317919,107.5,107.167802385009,108.943781942078,107.479838709677,107.333901192504,103.304848832175,111.151800118041,107.665243647618,103.26821240427,103.555219364599,96.6666666666667,96.1114030478192,96.4015192517498,102.617010568697,105.180383314543,104.621635340771,106.729477233546,109.120332374862,104.752353819434,108.236151603499,106.537290715373,106.252811009331,106.252811009331,104.779624277457
"Windham","CT","Worcester","09","015",420,142.721615736805,142.149955264917,144.773299748111,146.448523543496,144.181521668927,137.417218543046,137.955298013245,137.281292059219,135.761589403974,130.208333333333,132.608600650147,130.210029858849,133.495145631068,133.47245409015,133.648509897194,135.761589403974,138.040042149631,138.221153846154,135.761589403974,135.362623045744,135.135350318471,133.238095238095,127.750758814937,123.737947810703,125.179912948636,119.007617013286,118.616852146264,123.781998348472,119.632881085395,122.467320261438,116.854838709677,116.854838709677,120.211742059673,117.334805326638,117.050717388122,117.246596066566,117.246596066566,117.334805326638,119.487847222222,116.088598901099,117.671297503145,120.211742059673,119.632881085395,120.211742059673,121.984827858814,120.974297228875,119.897085703988,117.334805326638,117.334805326638,107.22460658083,113.351134846462,121.512671844605,122.629320852226,124.166666666667,123.118211563111,119.244102287052,119.634589502019,114.479166666667,115.11391089387,113.255287009063,112.669071235347,113.255287009063,115.14196298984,113.162878787879,118.822646261139,120.792712355212,123.432218309859,121.153846153846,120.66974595843,120.866501512189,120.663650075415,120.385232744783,120.276031485247,120.385232744783,121.525096525097,125.284360189573,127.973748974569,132.518778211397,127.086788280818,125.243616333629,124.716394683715,124.162507608034,120.246882778895,123.197903014417,117.366246498599,119.6875,121.523179698709,132.442010816875,133.959677419355,145.293733130904,144.675925925926,145.729166666667,140.447308683382
"Delaware","IN","Muncie","18","035",421,,,,,,,,,,,,,,,,,,,,,,,,,,,,,,,,,,,,51.1594202898551,52.0604395604396,50.6763285024155,49.1175554042811,49.9285714285714,49.0658800393314,48.7609912070344,50.6230529595016,49.4638069705094,46.2922573609597,46.7076923076923,45.5866035972903,45.4845399698341,44.9810606060606,48.0380434782609,48.8066825775656,52.871186440678,51.5593918276845,51.9121437945257,51.9121437945257,51.8897637795276,48.6601705237515,47.5,46.3282937365011,46.3189087730124,46.1706349206349,51.1085844229676,48.9583333333333,50.8491035322385,52.0298172869471,51.5079365079365,51.8269230769231,51.6776647669948,49.6261906158931,48.8372824679994,48.5425094185663,48.0338164251208,48.0338164251208,47.7326968973747,46.7567251461988,50,48.9128151260504,48.9285714285714,50,52.1089666811847,53.1359856465386,52.8243155149935,47.2017973856209,47.6245026996306,46.9654121863799,43.5753205128205,43.8490493195637,43.3695652173913,38.8779105392157,43.28736318961,46.984783496732,46.4576074332172,48.5055916305916
"Skagit","WA","Mount Vernon","53","057",422,183.691351045789,180.67570165321,187.322874493927,187.191011235955,191.176470588235,179.619733924612,182.666937955648,188.574677100611,180.088128810976,171.111427200173,172.847368894082,171.193771626298,157.614533735919,162.455746187364,157.167557491008,154.686928702011,150.106480090158,153.307552060776,147.84820765974,143.720084429016,138.906341305618,135.087426349562,135.087426349562,134.911894273128,134.408602150538,133.587432614555,139.866047323357,140.65335753176,149.77569980695,147.905759162304,147.12389380531,145.274212368728,144.691780821918,141.129032258065,153.461812990721,153.571428571429,155.754100177305,151.213171577123,153.516620781075,156.812551610239,158.268733850129,160.799632352941,172.905800649777,166.37323943662,166.37323943662,172.498542677139,155.456852791878,166.605199348462,159.83606557377,161.187129612659,161.187129612659,161.993670886076,165.947796820876,164.828342893527,162.349171662686,164.0625,162.418365986939,163.382594417077,164.0625,162.183113345904,163.788006756757,164.099326599327,165.094339622642,171.946601568507,178.16091954023,189.655172413793,194.855654139288,202.341776831101,192.206752444439,193.663771078181,194.101322626358,185.964912280702,179.694236708841,186.517806670435,187.5,189.283148604269,197.552447552448,203.557716431016,209.137710296593,208.308531746032,209.137710296593,211.264880952381,208.333333333333,205.086183277463,218.253968253968,227.272727272727,224.554501045031,224.245270380638,225.285810356422,237.302248126561,230.903490759754,226.674693760859,228.260869565217
"Linn","OR","Albany","41","043",423,110.738255033557,112.050860612701,111.396991296207,109.559577230587,105.848158131177,106.719367588933,108.842936577312,106.053459119497,104.036458333333,101.113047711782,96.0164835164835,96.2538557933295,90.8163265306122,88.0580357142857,83.9378201479795,85.2228341535817,89.4302104899931,92.9088827131903,93.8186659388952,96.7261904761905,99.6478873239437,96.031746031746,91.5643128801024,95.6813405096606,94.0438871473354,93.3220147142049,96.4075769750131,90.6344410876133,90.03663003663,93.2572614107884,93.6736053522684,91.6267942583732,90.1571546732837,92.8571428571429,95.6632653061225,95.9085557299843,96.4592274678112,99.6533795493934,103.405172413793,107.065310492505,107.710651828299,115.885416666667,120.713463751438,122.037661347227,117.057291666667,115.144882860666,117.057291666667,114.3583227446,112.485178702501,114.3583227446,115.298224970811,114.36870385596,112.440022664802,114.3583227446,115.137457983767,117.671479271964,115.241277215252,113.909527972028,116.113888330654,117.854936264308,123.333333333333,125.390625,124.644549763033,122.719734660033,133.150470219436,128.953771289538,128.458786315337,128.316749585406,121.554054054054,118.775062808001,120.50980588353,120.405576679341,128.354978354978,122.068403908795,126.086956521739,135.690789473684,139.980340802957,138.887654887125,133.707865168539,138.789682539683,139.9,134.776140624342,132.632743362832,129.981884057971,126.366856574043,131.578947368421,141.73687253626,145.631067961165,153.536957548079,159.969311136017,159.663865546218,162.140871177016,161.103151862464
"Jefferson","NY","Watertown","36","045",424,133.709215167549,131.604938271605,119.791666666667,117.691084783183,116.863504035993,113.065843621399,112.877618780397,119.07519035533,119.791666666667,117.064465429798,117.064465429798,120.793269230769,118.158320593059,115.978130063864,123.839286743433,118.006993006993,123.829201101928,118.006993006993,115.785256410256,115.344751435769,111.715856481481,110.565856777494,108.257575757576,108.001336898396,113.366960907945,104.71023478836,110.128205128205,114.39529890489,114.311431143114,111.018518518519,109.34393638171,111.693548387097,121.900826446281,126.237173753372,126.237173753372,120.601851851852,117.103227227609,117.103227227609,113.075544527157,115.907207953604,122.627737226277,119.827313054499,116.60447761194,111.118170266836,106.280193236715,106.280193236715,105.164231257942,101.273148148148,100.901404582549,98.677517802645,100.441926140116,102.272727272727,102.590261886601,108.759124087591,107.942973523422,106.380523920524,106.380523920524,104.651162790698,104.881074807545,106.837606837607,104.910714285714,105.283928571429,111.109277896937,115.683229813665,107.692307692308,107.81551317763,111.338912868021,112.983223924143,113.31569664903,111.59793814433,107.445209997801,106.124106562703,99.4809688581315,100,101.017441860465,105.590062111801,106.366459627329,111.979166666667,109.89010989011,107.133502152143,109.046849757674,99.7148288973384,98.0589127138835,91.185647425897,89.0099974649851,85.6423948738772,90.2374708624709,100.16835016835,102.443609022556,99.4809688581315,99.8098859315589,95.1443569553806,97.1636952998379
"Lycoming","PA","Williamsport","42","081",425,86.0962110560955,83.9912280701754,79.8611111111111,71.1805555555556,69.6052900326797,79.5053155006859,75.0545091102299,80.7823129251701,80.5102040816327,85.7843137254902,78.9525691699605,76.4364470128227,68.5763888888889,64.8176062707266,73.8103965926547,78.6264312547802,86.1881785283474,84.3713478311519,82.7777777777778,82.6661474558671,82.5545171339564,80.4697986577181,87.1812080536913,83.1945495836488,77.2454389420517,77.1879416892777,78.0873151805376,90.1442307692308,91.2935222672065,98.4419263456091,95.1587301587302,96.7360615528543,87.962962962963,82.4575556422435,86.6589298193072,89.6545584045584,91.3461538461538,90.0458531538848,92.325287654958,94.8062654575433,97.102598678057,98.7312792611208,101.759259259259,102.246732026144,94.7196722426221,93.5672514619883,95.6363848824786,96.5463108320251,94.3430875365497,105.260627032115,99.7201849489796,99.7201849489796,101.362179487179,95.9449404761905,91.9681177191907,96.6517857142857,94.5216049382716,90.9090909090909,94.3548387096774,93.1289640591966,97.4320241691843,97.3902545088346,99.8730964467005,106.977902072254,99.8947368421053,103.987980499137,100.434525196961,105.576784197954,106.173849671834,102.279597912128,99.9217405719624,103.887310375104,96.0945600328947,100.420910225162,106.304006251807,104.175881490577,104.517869184086,108.592221426867,103.737077745464,102.94237012987,108.006993006993,102.75974025974,100.389105058366,101.895734597156,101.041666666667,100.977198697068,106.436346426881,108.635265700483,110.113042328042,112.171727972626,109.206586826347,110.72695035461,109.110869170749
"Sheboygan","WI","Sheboygan","55","117",426,114.37074829932,114.272644098811,112.151702786378,109.624837660472,105.185185185185,104.532775453278,103.630638420522,103.59756097561,100.875145857643,101.617519064987,101.617519064987,101.617519064987,92.0465567410281,99.5861245861246,102.37776138735,95.4918032786885,95.4918032786885,96.0960960960961,95.4140127388535,93.9655172413793,91.9018404907975,91.277599011279,89.8784833474774,90.0470219435737,87.1124031007752,88.7940013604285,93.2886402027027,95.1190476190476,94.3250507567368,95.1190476190476,95.0892298758152,93.8641725648803,90.044191522763,89.5804044630405,91.1904761904762,90.8181818181818,90.8181818181818,90.6749793656408,90.5317769130999,91.1675037202381,90.9813565340909,91,86.0507246376812,83.9702984234234,84.5984628115753,81.8033282368655,80.7119574119574,79.3982529009575,70.3339487402259,77.2903225806452,80.5153669702478,77.2183546195381,75.7504462973234,76.804066928665,78.6666666666667,77.6432391138273,74.9338040600176,73.8906752411576,78.6210317460317,82.712215320911,82.0798589346655,85.9090909090909,93.8196699134199,94.6750902527076,94.438444924406,94.6275663307239,94.438444924406,94.438444924406,94.438444924406,97.7870559417747,99.3909982999679,99.7899159663866,96.9386114739275,97.2972972972973,96.4281488143134,94.9676498977969,96.8968192397207,98.2142857142857,91.9903723129135,92.8571428571429,91.7386609071274,89.9991666666667,89.9991666666667,86.9201030927835,89.9991666666667,86.2727272727273,86.5964151827554,92.2823218997361,89.5559210526316,89.2700449590335,86.653511042098,91.8465227817746,93.0851063829787
"Kendall","IL","Chicago","17","093",427,110.689437065149,110.61777281642,109.447251461988,104.168596572487,104.168596572487,102.518037518038,98.2786885245902,98.5586114571438,96.8731624028509,97.0961129887552,97.0961129887552,96.4251127425957,93.1477516059957,90.3808908973531,89.3851113425582,83.2777777777778,80.3145917001339,83.3537251123956,83.5683879612451,78.0625,76.8606593450559,72.0865853418787,71.8735026353618,70.497311827957,71.5883668903803,73.8758029978587,78.1774454776465,77.0712785741542,73.6885245901639,68.8490696071675,72.3978027593255,72.2223145861043,73.1710110986661,70.6800692574067,71.157495256167,70.3765775236093,71.6235632183908,75.8097863542385,70.0868350514181,74.7448694029851,77.9773426642843,72.204446719265,73.1441923296578,72.8155339805825,76.0786802030457,81.1875,82.2722672064777,82.5063613231552,85.5967311489572,85.9889686337055,87.2961319188858,88.1865677815445,90.2248335606,88.8573517395605,90.9800520381613,91.3781841933377,90.9800520381613,91.6488222698073,87.3001184179178,84.0972871842844,88.9938872255489,88.9488297555158,92.175572519084,89.2991060297603,89.5741612507703,90.9018987341772,91.4108396129178,94.017094017094,94.022834116857,94.5524006649859,96.9000668449198,92.3590504451039,97.0961887477314,96.9000668449198,95.9020146520147,97.3371568738657,95.1142131979695,94.3435470779221,97.8073610023493,95.8712363869315,95.4905606407323,95.4592230511963,95.0372208436725,95.1517465165108,97.2633075148319,103.376981392143,105.704697986577,111.744966442953,110.610687022901,115.724565756824,116.681988149372,115.147797306551,114.514896867838
"Harnett","NC","Dunn","37","085",428,86.1013986013986,86.7678958785249,81.3387559808613,79.1375703942076,79.1375703942076,79.265873015873,78.1800391389432,79.6808510638298,79.2713844797178,79.265873015873,75.267090825816,69.6582739999312,75.6186984417965,78.7459335763878,78.1027009156113,76.5249207717916,75.1916843363431,75.6186984417965,75.3050969131371,72.3189734188818,66.8715640461792,71.2719298245614,78.1115301724138,69.9766355140187,69.3146238981643,65.303738317757,69.5475638051044,69.7853832573194,74.7135104416467,65.5555555555556,71.7816091954023,74.3621939070125,71.2068965517241,75.7598784194529,75.8095954847065,76.653324180804,87.0062097755154,92.5335035098915,80.8303886925795,79.4495412844037,77.7954162311463,78.6846741045214,81.8849506886243,88.4787087912088,90.1442307692308,80.0640512409928,81.6892349356804,86.5006868131868,80.2926891276054,83.8729016786571,77.9512195121951,78.8983280749396,74.7422680412371,78.1828157681279,78.3501435554766,77.0088939677815,74.7358898323051,76.1789600967352,79.1800774265229,73.359375,72.8141568226212,77.7752616747182,80.4347826086957,81.7860300618921,81.5247561411572,79.1189931350114,75.9345794392523,78.3132530120482,87.6894222621006,82.9770173319424,83.014155982906,84.5233457542909,81.2104787714544,81.2104787714544,80.8491418247516,80.8491418247516,81.4814814814815,81.2104787714544,77.8293135435993,74.5614035087719,74.8397435897436,75,74.8397435897436,71.8181818181818,76.1328470380195,71.9976184610331,75.546218487395,80.5198393720632,81.2917795844625,79.4572829131653,72.3048327137546,78.4488795518207,83.2692307692308
"La Crosse","WI","La Crosse","55","063",429,115.39543853552,111.602012594021,111.605584642234,109.448818897638,107.319391634981,105.943223443223,106.304347826087,108.886554621849,110.560344827586,108,107.773109243697,107.462686567164,107.462686567164,108.524247491639,108.986378205128,106.170262664165,101.168224299065,102.084388409175,105.364947552448,106.028027823241,106.165627292737,102.24171539961,101.433691756272,98.4848484848485,102.264152867281,104.168641390205,104.867256637168,104.170616113744,101.216216216216,101.271134629169,101.34679693544,100.925925925926,98.9572471324296,102.587800369686,104.686401195499,106.49412568306,105.339805825243,104.614019520852,100.334821428571,102.587800369686,102.356557377049,103.248224728488,106.605978727054,105.132844812084,102.678571428571,102.678571428571,94.2575881870386,96.2526766595289,103.094910591472,103.92,96.7548076923077,99.8898809523809,100.125313283208,95.5273284287744,95.9134196694774,93.4701492537313,98.7209302325581,99.6119018978883,98.0941704035874,101.696832579186,100.008495340976,103.098833482459,106.318548387097,106.387096774194,105.481727574751,103.973514911015,106.192236598891,105.944392101063,106.690391459075,100.065832784727,100.954478707783,106.895844284796,108.086560364465,107.237112781351,104.093567251462,110.837438423645,103.587895122462,106.032558971148,110.949464012251,118.699605706185,120.431998556999,111.799808643356,112.740645073911,108.165186978746,102.011494252874,107.990913383931,117.328540874525,118.6875,113.258497470877,110.832744437196,106.168600902643,114.377289377289,120.096153846154
"Wayne","OH","Wooster","39","169",430,,100.087108013937,99.8263888888889,95.1629843811783,92.6612903225806,93.2215743440233,91.2059294871795,88.1336405529954,88.1336405529954,85.7843137254902,84.7203453453454,79.4274877711219,76.2996941896024,74.896694214876,77.1818181818182,81.9688438438438,80.6009710368263,78.6324786324786,78.5839160839161,79.2817746973838,73.6607142857143,79.2817746973838,73.2366071428571,77.7308411290748,79.0771861724208,82.7759197324415,82.7250608272506,82.5067310405846,78.6385216482668,78.8596367400715,79.9728252282997,80.1291503846248,77.4944567627495,77.5282842819958,83.5284280936455,85.702614379085,86.0969387755102,82.2510822510823,81.7512274959084,81.106706184929,80.1277089783282,85.4440789473684,85.4440789473684,82.411858974359,81.3151041666667,87.6024159663866,85.4555068882899,82.701062215478,78.8297607178465,78.9830508474576,87.0535714285714,79.6019900497512,88.3691730825866,84.2332613390929,82.0642978003384,82.641196013289,82.641196013289,83.2831325301205,86.2123807447549,85.9312549960032,80.7726864330638,80.7726864330638,86.231884057971,88.3971480396112,85.7594936708861,86.8642152205229,87.9237288135593,87.9237288135593,87.9237288135593,83.7695947944395,87.5922031402112,83.0642206377501,83.2407407407407,84.1121495327103,83.6830588933393,84.5928496790566,86.2873134328358,88.9550264550265,86.0134629768138,82.9365079365079,82.6822916666667,82.6822916666667,79.5733293317327,79.3437785561986,75.5681818181818,77.8439153439153,83.1337412587413,89.4819466248038,90.1388888888889,91.2054241741742,91.9117647058823,96.8224789915966,96.7667748917749
"Warren","KY","Bowling Green","21","227",431,,,,,,,,,,,,,,,,,,,,,,,,,,,,,,,,,,,,,,,,,,,,,,,,,,,,,,,,,,,,,,,,,,,,,,,,,,67.4308943089431,68.1951219512195,77.2727272727273,80.9935205183585,81.7720090293454,89.3157398048393,90.8511306532663,85.6079404466501,79.9418604651163,80.56640625,81.208585159834,80.6451612903226,85.0687622789784,88.0928162978113,92.0703418874864,101.994434137291,110.277136258661,102.60456494465,101.522151451848,102.090967068646
"Saint Lawrence","NY","Ogdensburg","36","089",432,,,,,,,,,,,,,,,,,,,,,,,,,,,,,,,,,,,,,,,,,81.5972222222222,79.0176559129399,84.2157076190566,82.0379965457686,78.2458305161145,84.4155844155844,79.8461538461538,72.3214285714286,77.1701388888889,74.8552787484436,73.4024179620035,85,84.375,85.7523249586133,89.0721468074409,88.7777777777778,89.5489498644986,81.5128959276018,76.1178861788618,74.9000374625375,77.129167808532,79.3083900226757,76.1178861788618,79.3960428374248,82.1028537342827,80.8189655172414,77.7607009095773,78.7037037037037,82.2511995047206,84.4298245614035,83.1168831168831,83.7654532967033,83.5656530969031,78.5205793290302,78.1404494382023,72.8271728271728,78.5205793290302,76.8269230769231,80.7070707070707,83.1666666666667,80.9726389663506,78.25,76.498836681421,76.297514619883,76.608784473953,70.3438151354818,69.4444444444444,73.0652041438148,72.9388520719074,68.936877076412,74.5321067821068,73.3794295592048,71.4285714285714
"La Porte","IN","Michigan City","18","091",433,,,,,,,,,,,,,,,,,,,,,,,,,,,,,,,,,,,,,,,,,,,,,,,,,87.3455882352941,85.5183377698906,84.8424242424242,91.3672275054865,96.1538461538462,97.3046875,94.2087542087542,89.7706399204244,91.015625,85.181236673774,84.1981483551284,82.6388888888889,83.3176602903372,83.9760068551842,85.7302118171683,93.1938268555116,94.8231233822261,94.7600465395979,94.4158075601375,94.3122808844458,90.5977165883143,87.5564516129032,85.3846153846154,83.2291666666667,82.6317467285422,82.1078431372549,86.3707165109034,85.6505287165665,85.9164420485175,84.2318059299191,84.4988124115626,86.1631605832637,80.2469135802469,84.1994382022472,85.978835978836,88.0979310344828,84.9948325754444,84.9948325754444,88.1635057793738,85.2439024390244,88.2472826086957,90.4426559356137,91.015625,93.9440484450893,97.5103228228228
"Allegan","MI","Holland","26","005",434,134.692833052277,131.22675166893,131.805555555556,127.903714436249,126.377596994657,129.865273615274,129.816017316017,131.805555555556,127.679952011446,131.930693069307,131.930693069307,129.946043165468,128.135377750104,129.946043165468,128.062360801782,127.157084394585,128.787878787879,128.787878787879,120.784274841891,121.451894979191,128.080253080253,118.685669041964,124.355555555556,118.685669041964,114.33868974042,125.653923541247,118.685669041964,125.479440485616,122.302158273381,127.058111380145,130.212355212355,126.603325415677,126.326963906582,127.003585784762,131.856089215417,131.856089215417,135.354600219058,132.89160607478,131.720056266884,137.649619151251,139.122315592904,135.594818913481,139.999777794124,146.604938271605,144.628099173554,142.89667896679,141.114313160423,142.324628143189,149.059556514914,142.761904761905,142.761904761905,133.583959899749,136.78978978979,135.19313304721,132.063882063882,135.516398913478,137.371134020619,137.371134020619,119.440253966464,115.877712031558,120.112179487179,131.663999638369,147.12962962963,140.252240717029,137.666666666667,138.584905660377,138.734567901235,140.623547505126,140.363636363636,141.76953125,141.825156325156,143.555900621118,141.427951388889,141.421522864256,141.427951388889,139.104049431755,139.181286549708,145.320767195767,145.676691729323,148.359375,133.829365079365,130.496550472041,127.610208816705,126.14006514658,136.464704383282,138.548951048951,150.462962962963,150.377680311891,145.778971603991,150.462962962963,160.142348754448,156.244000135926,153.43567251462
"Douglas","KS","Lawrence","20","045",435,118.792777015194,117.075892857143,117.275097783572,116.92823466456,116.374781085814,117.275097783572,116.829133493398,117.285347633925,118.425076452599,117.797888386124,117.107986889771,116.568914956012,113.741258741259,115.59748427673,115.625,116.562914674619,112.497341538546,112.437216478421,112.497341538546,111.992669659956,109.677419354839,109.762227841855,108.891013384321,104.405415311779,108.333333333333,112.244897959184,114.842903575298,114.199395770393,111.10594795539,110.513595166163,105.99006605414,101.174829950071,100.487507617307,100.653594771242,104.961832061069,104.331719264684,104.870621912887,104.961832061069,103.448275862069,104.153605015674,105.764705882353,105.67187111531,104.247104247104,104.658914728682,108.533747090768,106.800348735833,109.807447782826,112.953795379538,109.880433111046,105.847457627119,106.848184818482,111.431226765799,114.449339207048,119.718309859155,119.718309859155,113.463833850561,109.170305676856,107.003974539373,110.316708754209,104.520875251509,104.108796296296,104.462645437844,108.726662694359,109.457092819615,119.86301369863,118.070953436807,118.918918918919,122.690058479532,121.020761245675,121.376025347815,119.974747474747,117.302052785924,120.301911530879,133.403971711115,135.949943117179,131.798703474585,124.872579001019,120.072115384615,114.862083161795,115.618432123805,109.301616485237,105.221327217468,111.371237458194,114.329268292683,119.968658782195,124.080882352941,124.166666666667,129.539795768285,128.599621784741,130.566801619433,126.518218623482,126.81402197976,128.974421240084
"Carroll","GA","Atlanta","13","045",436,,,,,,,,,,,,,,,,,,,,,,,,,,,,,,,,,,,,,,,,,,,,,64.6354679971529,64.6354679971529,65.0325013696712,72.2326445997807,72.447670801649,66.40625,65.7680250783699,61.8210431654676,65.242751041156,68.407960199005,70.759384545367,67.7828054298643,70.6939919915844,71.0227272727273,79.4318181818182,81.9741857241857,70.7014157014157,71.981981981982,74.4205298013245,71.981981981982,71.981981981982,70.751953125,73.4042553191489,76.7572242572243,80.1245553962945,80.1245553962945,77.0268691588785,80.0213675213675,77.0658099688474,75.2960172228202,76.25,72.0486927144536,72.0376175548589,70.5348133198789,77.8816199376947,77.7969628216367,82.055097217167,85.0287535681888,85.7396449704142,82.6892341132848,78.7294994675186,81.0606060606061,81.0606060606061,87.1008543744929,95.3678474114441,89.588377723971,94.598292469352,97.4998814688382,103.958333333333
"Clark","IN","Louisville/Jefferson County","18","019",437,,,,,,,,,,,,,,,,,,,,,,,,,,,,,,,,,,,,,,,,,,,,,,,,,,,,,,,,,,,,,,,,,,,,,,,86.2944162436548,84.7447033898305,84.2126991322368,80.5084745762712,86.7245657568238,89.179548156956,88.4795504363055,96.710205213533,105.908798972383,111.259582367704,111.654589371981,116.800584368152,117.030068205156,112.994350282486,107.303974221267,92.5154320987654,103.092783505155,95.1064974328944,101.247077162899,96.2650602409639,98.2285519429908,99.7680322128851,101.099963181149
"Missoula","MT","Missoula","30","063",438,191.239316239316,191.239316239316,187.948717948718,196.850393700787,198.029181184669,193.735310276343,197.587719298246,192.604166666667,190.758259691855,188.906288976967,182.891125343092,180.432460052025,175.485008818342,167.378185952624,163.307852675469,174.017857142857,173.49537037037,163.107638888889,165.359848484848,169.789227166276,168.961352657005,169.789227166276,172.695652173913,169.789227166276,174.287280701754,182.291666666667,178.406466512702,171.442035815269,174.019607843137,175.25974025974,174.375,177.795031055901,164.307381193124,170.833333333333,170.639497002867,174.553571428571,174.553571428571,169.767441860465,169.717844152981,170.037807183365,179.326546593579,179.171973399143,180.129562446547,178.934010152284,174.413299184216,186.346208215067,191.019786910198,192.944736422997,193.581780538302,184.428442844284,178.868921402318,179.493995949074,180.333493254986,179.92799279928,188.013136288998,181.363636363636,182.206520055753,181.142344497608,178.989539225298,175.803517283202,177.299664400763,174.924165824065,171.240388654887,180.288461538462,179.685897435897,182.235294117647,178.210887188295,177.072192513369,182.263480392157,186.328805294323,182.272662256392,182.501169043722,173.035950273526,180.439814814815,182.310030395137,199.36974789916,199.613402061856,212.045454545455,217.898832684825,207.453249444486,198.036689697109,204.463364293086,204.248366013072,202.705336942469,210.906544301365,191.74499973889,186.363636363636,194,201.792452830189,221.057692307692,225.865384615385,218.47176386869,217.881367663344
"Ontario","NY","Rochester","36","069",439,,,,,,,,,,,,,,,,,,,,,,,,,,,,,,,,,,,,,,,,,,,,,,,,,,,,,,,,,,,,,,103.831948291782,104.108796296296,101.934523809524,105.835309617918,110.202205882353,112.763093914976,106.263959976593,106.334841628959,105.208294382331,108.863988095238,102.343532925813,99.7398091934085,98.7994350282486,106.070918449017,105.70487483531,99.7123415714942,95.0787401574803,92.7951388888889,99.8298611111111,101.426266521306,102.545155993432,113.179319909595,120.564944227926,122.606340331822,120.617273486404,109.16179337232,109.16179337232,119.825708061002,121.969080553295,119.252070393375,119.92,123.200532222794
"Vigo","IN","Terre Haute","18","167",440,52.619261164547,52.8240266393443,54.4070512820513,54.2751290011327,52.6346604215457,54.2355371900826,53.9841464841465,53.8938053097345,53.7414571103128,52.3847376788553,50.0894454382826,51.727115716753,51.5481651376147,50.7246376811594,51.6512755512635,53.4511784511784,55.3971544715447,56.3489819004525,56.3147285836128,53.5548575182722,51.2087912087912,48.73046875,48.8165680473373,44.9731726360888,46.6490534687149,48.0774769585253,48.1263293158454,43.6406995230525,45.152013147083,44.6907343392864,44.8776065276519,44.9866113528806,47.1649484536082,46.5094921104536,53.2790923976526,53.0232434812582,50.4464285714286,55.3700041746314,52.3833708614794,54.5758928571429,55.8180227471566,55.8180227471566,55.5551409154424,54.678007290401,55.8913972823053,54.6875,53.0612764337526,51.2087912087912,51.3791889928254,54.0036231884058,54.4967419573982,53.75,55.1314673452078,54.9335863377609,55.4131227431731,53.2148591446504,51.9693104514533,51.6308671439936,51.5900814593208,50.9049773755656,48.0128205128205,49.4109947643979,51.9122034676292,53.5545023696682,54.1214750542299,53.268065529623,53.268065529623,53.3402492538589,50.7652026404101,50.8205448976824,51.416916676101,51.9738884110542,52.3981900452489,53.3286696245504,51.7849804305284,51.001174398121,52.3419521654816,50.4671608136634,58.9923469387755,58.9923469387755,58.786231884058,58.9085199054524,57.7380952380952,58.0760095011876,58.5706609349812,58.4548642046804,57.7937604191474,59.4064090330789,60.3011346297889,64.2406354347117,60.4654303424945,59.9506578947368,55.7209302325581
"Columbiana","OH","Salem","39","029",441,,,,,,,,,,,,,,,,,,,,,,,,,,,,,,,,,,,,,,,,,,,,,,,,,,,,,,,,,,,,,,,,74.4509803921569,69.3672839506173,69.3479938271605,69.3672839506173,74.140625,70.9935897435898,71.927374301676,69.6872571872572,72.8062150366693,75.7034632034632,76.3529411764706,76.337528280543,75.9605614973262,73.5294117647059,69.5687695368002,69.4444444444444,72.0559210526316,76.2739496694933,75.8396173718754,70.4105670536766,70.2752976190476,73.8636363636364,74.9158249158249,76.9440725573581,69.3181818181818,73.6538461538462,71.8346253229974,74.875,69.3576388888889,70.9302325581395
"Eaton","MI","Lansing","26","045",442,83.5685483870968,84.190279874579,85.7602138015925,85.9589302769818,87.2222222222222,87.2222222222222,89.7470372054606,90.1624548736462,85.1578135987451,82.8367346938775,79.0296052631579,76.9480047488673,76.7148014440433,71.0995657568238,71.9424460431655,76.103500761035,73.8597306738787,71.9424460431655,72.4131220461496,76.0357312440646,79.2857142857143,75.8302157128074,70.0927909839011,72.7153891859774,73.406862745098,67.7083333333333,68.3089580694279,75.2659574468085,73.406862745098,75.2659574468085,75.2659574468085,76.6447368421053,73.5789473684211,77.8297340025479,73.5099337748344,73.5099337748344,76.4347826086957,76.4347826086957,73.406862745098,73.406862745098,71.470771607001,69.3576388888889,71.4285714285714,71.4285714285714,72.5139664804469,75.0950570342205,74.8509876366071,77.2256438969765,77.0390070921986,77.6436334764937,76.9980506822612,76.5658203383632,77.9947916666667,77.6827371695179,85.6122448979592,86.3783783783784,90.8181818181818,92.4284825870647,84.8195329087049,93.3865931039987,93.8162574556877,87.5108225108225,84.012243153085,85.5832444918266,90.509527604695,84.5195729537367,89.7836538461538,89.8479672739541,91.4070474797914,90.4805914972274,90.2606209518657,87.890625,86.2822883518248,87.0407552973342,85.7546909492274,86.4189622037156,93.5294117647059,89.5162076767046,91.7525985601733,93.1305201177625,90.0470219435737,89.5645505165629,83.9147286821705,81.6585956416465,80.5,87.65664160401,87.65664160401,87.65664160401,87.4069104349548,90.2678571428571,89.3596986817326,94.3603415836766,102.272727272727
"Androscoggin","ME","Lewiston","23","001",443,113.339756258235,110.65332548558,107.758620689655,106.957186544343,107.19696969697,107.19696969697,112.244897959184,113.638809779576,115.065069745789,108.810240963855,111.748251748252,102.578125,111.503896866492,107.044696337857,107.249100857055,102.064220183486,105.229591836735,106.417112299465,111.234817813765,111.234817813765,109.630266552021,110.483149470342,116.13692505659,108.951048951049,106.865326741187,104.761904761905,104.755244755245,102.564102564103,96.2345194488052,98.0841054370466,104.755244755245,104.755244755245,109.69387755102,104.755244755245,102.040816326531,101.141914633783,98.1125,94.6938775510204,94.0167942176871,100,102.597840755735,103.558938101917,105.092592592593,105.850122100122,105.144137052032,105.195681511471,104.079861111111,103.324348607367,104.62962962963,100.472334682861,98.5714285714286,98.5352452425623,102.67074637695,109.749244244632,106.966354879241,108.938953488372,110.441149500731,109.528279670831,109.433339582562,111.059675977597,107.212571113433,100.349344978166,110.900783289817,110.274953048417,106.106870229008,109.433962264151,105.182186234818,112.044926071642,112.803891778568,105.908142374971,107.664670658683,113.22735042036,113.22735042036,111.363636363636,112.686726419121,111.354166666667,113.636363636364,109.136423673695,100.401606425703,99.8307589626239,98.5090521831736,97.4883358441857,105.314322747894,96.8029706610721,92.7536231884058,105.314322747894,108.715184186882,108.715184186882,116.003316749585,117.513736263736,117.356830122592,118.241445507207,117.391071428571
"Douglas","OR","Roseburg","41","019",444,110.694470646749,110.836177474403,119.614361702128,117.980774054137,117.521367521368,114.413378749172,118.044434452686,108.465608465608,107.657461767051,103.899360670194,104.487179487179,100.770772271072,91.3704969023277,85.0182194754563,83.0202312138728,86.6957470010905,86.5800865800866,89.6311066799601,91.2477714484498,91.9,87.4255952380952,85.9141613793331,84.6613545816733,83.4541764332037,78.3302037479298,81.4413429379985,82.3185582075012,88.5416666666667,85.898353614889,88.5222888245832,86.8720422017506,88.6299435028249,89.5344818538939,91.2897055041152,91.5697674418605,91.015625,89.0101892285298,95.7125596866163,102.962962962963,104.450612257681,103.294573643411,107.02033347355,113.046875,113.51686972821,111.441307578009,108.766233766234,106.301145662848,112.301582142718,112.852233676976,112.371134020619,103.982843137255,111.184210526316,112.079875953399,116.113187523071,111.489190157668,110.31746031746,110.763712365136,111.371237458194,113.647441104793,111.788617886179,112.520262055923,113.809063277148,113.809063277148,111.601924645403,111.241174284653,106.73457278481,111.292662287948,111.67520206243,110.94674556213,108.727810650888,105.197368421053,110.526768502168,113.801452784504,109.649122807018,113.168724279835,115.167888547952,121.159693824054,123.870262390671,122.520363408521,121.951219512195,117.81914893617,113.84335154827,113.962589189929,110.972222222222,114.556250839107,114.418316831683,118.946611465815,127.171922776079,129.231060817907,141.941391941392,136.863657144575,132.963784183296,135.991061595384
"Sumter","SC","Sumter","45","085",445,,,,,,,,,,,,,,,,,,,,,,,,,,,,,,,,,,,,,,,,,,,,,,,,,54.1270036991369,55,54.6270036991369,55.6191232011764,54.744421380384,55,61.3934426229508,61.3934426229508,61.3934426229508,61.531279178338,61.4623609006444,61.531279178338,65.1873344724108,63.321967851924,67.0448939319191,68.1337355708584,69.9187745461536,70.8290787257783,68.8273852876912,68.8793103448276,64.2723159173988,61.1346922717782,71.0053445469343,70.9988334237656,68.8349701573521,67.7699403147043,69.0923957481603,67.7699403147043,64.7597254004577,71.6845878136201,66.8286755771567,67.2782396577373,64.1025641025641,58.0292855065076,57.4823378291586,60.9458428680397,52.7723023504274,52.7723023504274,56.73615562554,56.8685376661743,58.6121595573565,56.8685376661743,60.0978111036251,54.3832128705444,54.5171339563863
"Navajo","AZ","Show Low","04","017",446,132.762443438914,135.580093224193,133.180147058824,127.230046948357,123.888076969918,123.480947476828,123.480947476828,122.521277039261,123.489010989011,125.851851851852,123.484979232919,123.619505494505,123.958333333333,118.979274572997,120.904017857143,115.492957746479,115.492957746479,111.005448717949,110.677083333333,105.823529411765,108.177178728534,106.060606060606,105.94696969697,106.155303030303,105.850514546167,103.289094056549,104.545454545455,105.527950310559,106.766381766382,102.884615384615,101.388888888889,104.700854700855,107.567567567568,104.308093994778,107.14657106317,108.065934065934,109.390262515263,109.752747252747,109.953703703704,110.894097222222,112.421242124212,114.938432284744,117.919625431211,117.919670442842,116.062269850199,113.717858938447,113.414379084967,114.868383948866,110.887656033287,111.202635914333,111.202635914333,110.78236968331,113.895394223263,114.239363778298,118.131868131868,118.131868131868,125.46468401487,127.143676021963,126.711749788673,128.205128205128,126.711749788673,112.951807228916,122.111111111111,123.995882421898,124.024822695035,125.491478066499,122.554067971164,122.554067971164,120.947446336047,124.024822695035,120.961528046072,129.842217062887,133.186034983358,126.678426127627,132.701639206752,131.837306803697,135.658914728682,134.315424610052,125.674118683617,127.405991077119,127.428485734638,127.405991077119,119.866666666667,117.666534233876,124.790574009324,113.11084624553,122.9,117.601224105461,127.908468650092,127.575602255254,127.490796666186,127.575602255254,127.405991077119
"Brunswick","NC","Myrtle Beach","37","019",447,153.396639883126,151.688617310682,149.321551090419,149.40358554489,148.710317460317,147.949688821623,146.626749237762,146.245059288538,140.607105111453,139.397321428571,139.057458957887,135.897435897436,133.066666666667,131.356534090909,129.555253774004,131.863905884428,127.814685314685,128.314545742619,125.672559569562,123.454533331063,127.473958333333,125.672559569562,124.775224775225,120.136133528093,124.895920066611,125.483119031506,128.226477935054,124.0632805995,124.21568627451,123.288137424373,120.425361505995,121.672453703704,122.461489479324,122.461489479324,120.819027650373,120.828106085617,119.391025641026,117.856886678542,119.835613977303,119.82414068745,117.688022284123,117.378686778005,116.916439600363,117.16621253406,119.661458333333,118.756319514661,117.217524980784,116.486261448793,116.528845010111,118.566860335105,118.365985235662,118.141722124134,123.113854595336,124.807510595103,126.521344232516,127.04238403481,127.653016292382,126.137339055794,126.515656229181,124.289772727273,126.137339055794,125.874125874126,123.083475298126,123.563218390805,122.322417402973,124.125731497039,123.895810462355,125.76425568488,126.458794841413,125.388291517324,126.210526315789,126.240856378234,126.214612293908,123.884501335173,126.745705409357,128.660714285714,130.312243325304,128.720238095238,128.810564435564,130.208144625604,131.678700361011,131.657834367389,133.309026176281,134.530804250158,134.415584415584,134.628044580449,135.862294384141,137.4117910691,138.642543859649,139.361587015329,137.374188122827,137.006578947368,138.044317438531
"Henderson","NC","Asheville","37","089",448,132.179952679953,132.275132275132,131.659571723426,130.554199572045,127.082972582973,125,125,123.296158612144,122.110671191554,122.574955908289,118.736046926975,116.583333333333,113.571428571429,112.9,108.359133126935,106.089163588259,107.841726618705,109.767347673477,110.304789550073,109.767347673477,107.615384615385,108.353510895884,106.071428571429,105.511066843736,105.342202633584,104.166666666667,102.833441068735,105.448154657294,104.074402125775,103.949329359165,105.145413870246,105.206266002091,105.206266002091,105.145413870246,105.520991415276,104.825174825175,105.965373007296,109.772727272727,109.66577540107,111.428571428571,114.136302538124,111.428571428571,109.1642228739,109.289232273103,107.471932849079,104.987127770693,100.96223575289,101.847665813922,104.962701171538,104.685574363231,107.869826513534,107.359635811836,107.142857142857,105.936395759717,106.339806890498,109.331962336386,111.65486148971,110.569725847913,114.854926499571,112.024456521739,108.972746331237,108.972746331237,115.780803161927,119.223484848485,118.083003952569,118.417030717661,120.701058201058,123.662259779201,121.794871794872,122.321875521442,123.219814241486,124.742798353909,130.76047939961,129.9902252163,129.116117850953,130.015298507463,136.094674556213,136.094674556213,133.950223356733,134.895833333333,136.094674556213,136.77811550152,143.410852713178,138.330757341577,141.700891515576,138.264757552776,135.529891304348,143.452091698617,149.359771654548,141.843971631206,144.579342273308,138.702079673096,144.48275862069
"Allen","OH","Lima","39","003",449,,,,,,,,,,,,,,,,,,,,,,,,,,,,,,,,,,,,,,,,,,,,,,,,46.5836395807813,51.7539219878908,57.2406542056075,60.4355716878403,60.2189781021898,61.1796868425352,59.3587521663778,62.9551820728291,61.8243243243243,60.2189781021898,56.1884669479606,51.6982798860298,54.5634920634921,56.4507149554618,53.4259953517255,51.9680393362016,55.0551470588235,56.1489810260014,58.1839795640956,58.9421191495478,60.0120671872216,55.9367024966429,54.2081447963801,45.5541041575954,50.171404069013,54.9312129474631,46.4015151515151,44.973544973545,44.6613595765933,44.6613595765933,48.1891701828411,53.1511009870919,57.9427083333333,61.6346955796497,62.5,60.7638888888889,51.3644946649083,55.0245098039216,59.7282608695652,57.2916666666667,57.6256499133449,53,55.8503448514886,55.1552899377576,48.4754774305556,48.8330434062293
"Hardin","KY","Elizabethtown","21","093",450,,,,,,,,,,,,,,,,,,,,,,,,,,,,,,,83.0509817563389,83.2575757575758,81.5688775510204,83.2575757575758,84.6354166666667,83.2575757575758,83.2575757575758,83.2575757575758,83.2575757575758,83.2575757575758,83.2575757575758,83.2575757575758,83.2575757575758,86.7245657568238,83.2575757575758,83.2575757575758,83.2575757575758,83.2575757575758,85.8516483516484,92.7129561709151,90.1335904384685,95.4600568563647,89.2857142857143,89.2857142857143,83.2575757575758,83.2575757575758,83.5336538461538,85.042735042735,84.7826086956522,85.042735042735,84.8110357304387,86.1261872455902,83.5353156690576,83.2575757575758,86.0493451111788,88.7777777777778,83.2575757575758,83.2575757575758,89.4495412844037,86.6013071895425,90.7718690442203,86.6013071895425,90,89.7247706422018,90.0237529691211,93.0437452758881,92.5,92.5,90.2777777777778,89.0804597701149,90.0462962962963,90.4513888888889,92.9901423877327,99.0057995028997,101.610169491525,91.9657876914338,98.2051282051282,94.9485208995295,90.7051282051282,89.8010237019275,95.034828406388,92.5925925925926,106.951203208556
"Bonneville","ID","Idaho Falls","16","019",451,87.0918680582687,88.5234899328859,84.0144230769231,84.0144230769231,85.0449293966624,84.8568252530307,82.8838174273859,82.8838174273859,79.6846590909091,76.8620482095389,75.4257907542579,74.6711309523809,74.4047619047619,77.1802884615385,77.4779554263566,75.517932693406,75.4887867183853,75.4127177572355,73.134495491435,70.5612077453233,69.0283400809717,64.9193548387097,64.9193548387097,65.0511875752903,65.0840192977018,65.6383327863472,64.549438949113,65.7532981297006,64.484126984127,64.828897338403,67.1728707381924,68.5915003100853,66.6562107904642,67.560496008053,75.8698969381629,71.8586890062038,69.1820970577748,68.6100789063217,71.0906229961864,70.9753787878788,73.9387052312598,74.7904191616767,76.1904761904762,76.0334645669291,75.6847440842281,77.4791136941518,71.9024780175859,71.9024780175859,71.9024780175859,69.4444444444444,70.801487206915,72.9653466156069,70.9549071618037,73.7924865831843,78.4448818897638,77.7924017736339,78.125,79.4354838709677,75.6535947712418,72.1005154639175,72.2222222222222,78.4644757946923,75.9104330708661,82.9326923076923,80.2154685252414,81.1952782989368,82.8426527740552,80.0063388329405,78.9229340761374,80.4384888161484,81.7856755584472,79.7872340425532,79.3777440054036,81.370821873908,82.6086956521739,82.6086956521739,78.8690476190476,88.1372549019608,87.0841396833492,87.8957879448076,86.6500311915159,82.9927523907235,82.4503488500868,86.9351160862355,88.3533801091436,91.3438417767988,84.7029077117573,90.0735294117647,91.2416342623433,94.8742276066754,94.8717948717949,94.8717948717949,94.0114068441065
"Berkeley","WV","Hagerstown","54","003",452,119.186046511628,118.195266272189,113.333333333333,115.935999300176,115.935999300176,113.333333333333,114.377289377289,111.328125,108.342186989212,106.971153846154,103.39420995671,104.385964912281,104.0625,100.167410714286,94.9258814102564,98.5508283995129,98.8990205557943,100.190839694656,98.7748851454824,99.5715548880733,101.190476190476,100.223029658514,96.6828478964401,92.9611650485437,92.9611650485437,88.9878163074039,95.8630952380952,93.8622819966104,91.651376146789,92.0764809677834,91.9549494370309,92.7305825242719,95.1190476190476,95.4861111111111,97.4780701754386,99.3698604715898,97.4780701754386,97.4780701754386,98.177049275615,98.440065681445,102.643649782309,105.265210608424,105.265210608424,104.166666666667,98.8786279683377,98.5116279069767,95.9646002710027,98.1020942408377,94.3824404761905,95.3025793650794,87.4418604651163,83.9779896759392,87.102768962039,93.3759598831699,95.6937799043062,98.5745614035088,105.25974025974,105,95.5430327868852,99.4318181818182,98.4172077922078,94.5414737451331,104.644808743169,104.761904761905,106.289308176101,105.525606469003,104.761904761905,106.372676066072,96.2883063333464,104.166666666667,108.849557522124,108.275642150761,107.422723355715,108.275642150761,103.999152035116,108.517374537605,108.574879227053,109.752747252747,109.289617486339,103.664965557359,108.091414453366,104.604604604605,101.020408163265,102.593933965509,103.550295857988,103.458925262508,104.036458333333,110.414298018949,113.629261363636,112.802025639801,111.601249975548,111.974789915966,110.971224978242
"Craven","NC","New Bern","37","049",453,112.45544628461,106.263982102908,101.972789115646,105.442176870748,105.97941426146,109.622482102361,109.622482102361,108.286541889483,107.83200908059,104.581673306773,103.452196825815,102.476946260851,99.2581638892343,100,100.321027287319,102.059925093633,102.059925093633,102.059925093633,100.321027287319,101.00517735184,101.650563607085,100,98.7774857607589,97.8544776119403,97.5142389628371,97.8544776119403,97.598261526833,96.9135802469136,97.2222222222222,97.2222222222222,92.8587962962963,91.6561683463979,90.4740734585341,86.2727272727273,84.8596759476189,87.2270742358079,84.8837209302326,89.1975308641975,89.7435897435897,89.8130776179557,88.5275519421861,86.6255468263437,85.9195151091296,88.3104125736739,88.6942224442224,86.6862934362934,88.9955393349554,86.7722165474975,83.6559139784946,84.4625112917796,84.4625112917796,88.7777777777778,90.4320987654321,86.640076527717,86.7802108678021,88.7345679012346,82.9831932773109,82.4413036762434,80.8491418247516,77.9467680608365,80.3503635667815,82.7654144006796,82.9545454545455,83.641975308642,85.2272727272727,85.4971590909091,84.9461474730737,84.7807660442292,80.1337448559671,79.9822064056939,79.0921595598349,79.2931439172255,81.2926792679268,82.783696964867,85.2272727272727,85.4331210191083,88.53602994228,88.0405884086862,83.741935483871,83.7250530785563,82.7422708038883,84.6156318668475,85.5933118605532,84.5307535012357,84.7826086956522,88.6194029850746,88.6194029850746,88.6194029850746,89.031339031339,88.6194029850746,91.5810868635002,93.0460333006856,94.8509485094851
"Miami","OH","Dayton","39","109",454,69.3311582381729,69.8505723430424,76.4887063655031,74.4827586206897,72.9294030028054,75.6313131313131,76.5322580645161,74.8834600120774,71.1021550825345,72.8009259259259,72.2258218146376,71.5103793843951,67.8166260735803,68.7931034482759,66.8401486988848,65.408820362809,65.3180893596128,70.0539568345324,69.7142185506078,67.1428571428571,63.7450199203187,61.7903237355339,58.8235294117647,59.461517888242,54.0540540540541,54.0540540540541,53.6868465231752,53.9138693503291,54.7514619883041,55.5312759791468,60.2819136343569,60.5015673981191,60.9352836879433,61.4583333333333,67.4731477501233,64.7723132969035,63.4817053624582,64.8224043715847,62.5704033836564,67.5401521555368,72.9014598540146,69.3812879271798,67.5808399666573,68.6526122823098,70.0255102040816,72.9681482310793,71.8835304822566,72.9655172413793,68.4306569343066,71.2719298245614,69.1780092706337,70.2444691382968,72.6191972920696,69.2070823710547,68.3243371212121,69.96996996997,71.1691955113008,66.5277777777778,67.454954954955,67.5787015829389,73.3969797596458,70.4415954415954,70.0537642974414,69.338051779881,70.0051894135963,73.4511165577342,71.9642857142857,67.6178660049628,70.0877192982456,70.2711323763955,70.0877192982456,70.5371706859121,67.4561403508772,65.3429602888087,61.2231708635037,60.7388357256778,68.7943625443625,69.4596041105713,71.3900134952766,79.656862745098,80.6766456582633,80.6309611151871,78.7268355618109,78.2019704433498,74.3382410911384,77.3662913441239,78.2019704433498,81.8795180722892,86.6425992779783,85.6559766763848,83.1944444444444,82.1875,83.8048090523338
"Cowlitz","WA","Longview","53","015",455,,,,,,,,,,,,,,,,,,,,,,,,,,,,,,,,,,,,,,,,,,,,,,,,,,,,,,,,,,,,,,,,,,,,,,,,,115.485362095532,114.966032608696,116.512542517007,122.36084452975,130.841121495327,127.507163323782,127.776017559327,128.281801670288,130.751831248931,129.627003932244,128.448275862069,128.24657382847,126.876876876877,126.60333205546,128.124198717949,134.765360885734,137.019230769231,140,145.236250968242,147.849462365591,149.155405405405
"Walworth","WI","Whitewater","55","127",456,153.74358974359,152.666666666667,151.165757050884,143.454545454545,151.165757050884,151.243243243243,153.74358974359,151.243243243243,142.246205042861,147.326555023923,143.45579793341,143.45579793341,143.45579793341,143.125,140.584239130435,136.575376899671,131.583333333333,131.753205128205,132.211538461538,132.912234042553,131.1986863711,130.328608247423,131.859375,132.912234042553,137.715269804822,126.26329787234,119.051282051282,119.20405982906,119.65811965812,119.20405982906,112.620727412993,118.75,119.614361702128,116.147727272727,113.545454545455,112.956810631229,114.432009292417,116.093138860523,118.75,116.279069767442,116.914369501466,117.228739002933,118.71875,124.436536180308,126.816334044664,121.134679266896,124.216216216216,124.9375,116.666666666667,132.142857142857,129.776359526659,129.776359526659,131.111111111111,128.888888888889,120.482742181541,120.830827067669,120.366200828157,115.914948453608,129.9,129.9,134.538461538462,137.18954248366,134.695652173913,135.928705440901,135.354166666667,130.01485884101,129.755027923391,125.817781690141,124.567934782609,122.5,121.832358674464,124.567934782609,145.963009028929,132.280703100228,129.083333333333,129.166666666667,140.392156862745,133.569094036583,135.218299429368,142.957272461223,129.62962962963,131.501547987616,144.308717379234,152.365017921147,146.210106382979,146.105053191489,144.308717379234,144.277921908008,145.272727272727,154.545454545455,151.120428422153,151.915584415584,150.641025641026
"Woodbury","IA","Sioux City","19","193",457,,,,,,,,,,,,,,,,,79.0790790790791,75.0536480686695,73.0743055555556,77.1377672209026,75.2896185355863,69.9152542372881,72.5328820116054,69.9152542372881,71.7349009187163,75.9345794392523,78.7656737547671,78.0061567372578,82.2674418604651,80.518018018018,76.24826629681,84.354967948718,83.0249425217812,84.3058826402153,81.9524200164069,80.1980141060601,80.1491146318732,78.3854166666667,77.8186274509804,81.755115877712,86.0507246376812,90.0525111462611,89.5450145208132,87.9330034259612,86.400321681937,86.4800824175824,84.4155844155844,77.9266826923077,81.25,79.646017699115,86.2341772151899,86.7476851851852,86.2851952770209,85,81.4322469982847,82.5181241470102,84.4918067226891,87.4587458745875,85.5263157894737,85.5263157894737,82.3849878934625,83.7837837837838,82.7991452991453,83.9563908313908,87.5,91.5872239538431,93.28368846214,93.3996750609261,90.0845356348457,90.4236022193769,89.402090964591,94.3118756936737,109.474681020734,100.70564516129,101.437389337006,101.630434782609,101.69360051713,105.534229046705,106.684899979868,105.519480519481,102.521929824561,104.08960932858,105.583501006036,105.583501006036,104.255665579078,104.724117652777,112.562229437229,110.418719322131,111.988795518207,113.407258064516,114.417989417989,110.611979166667,106.192163100058
"Fond du Lac","WI","Fond du Lac","55","039",458,91.6666666666667,90.1856763925729,91.6666666666667,91.6666666666667,90.5330673034194,90.1856763925729,89.6309603806964,87.7342434549337,87.0712401055409,86.2496138399753,86,82.5075075075075,80.3878503044611,79.9,78.7455186823627,79.9,79.9,79.9885203820744,79.9,79.9,77.1411113190721,80.0351802990325,79.6127562642369,75.4102078011807,72.8767123287671,75.5673222390318,77.5047258979206,77.294029615627,80.3897665854962,78.6293838288072,80.0700641640239,77.4849331882943,79.7997033320855,78.2388412230411,77.3598820058997,77.3598820058997,77.7365379291251,73.8501243781095,78.414442700157,83.0174927113703,83.3298188066229,83.2575757575758,83.4020618556701,84.4523514851485,86.105476673428,87.4119574119574,84.7058823529412,84.7058823529412,83.2575757575758,83.6029001673173,83.7744892993449,85.1325757575758,85.9677978471082,84.6805736636245,81.4002089864159,83.2217261904762,83.2359307359307,82.0868371730441,80.5588972431078,81.6128874090121,80.6666666666667,81.949806949807,79.5575221238938,80.7992202729045,81.8852459016394,82.0723684210526,82.5813737148995,83.3304620549519,81.712962962963,80.9027777777778,79.3354943273906,78.6480018055163,79.6332419881182,79.7405189620759,79.3322734499205,78.0208333333333,80.4919423240034,78.3431064892228,79.6589122575944,80.1349970559598,77.3598820058997,77.9275824782859,76.0890865893207,76.2273901808786,76.2273901808786,74.0870786516854,75.3403933434191,75.2741619427532,76.2999696002432,75.0164214947953,74.9422632794457,74.8375067612,82.5984251968504
"Tompkins","NY","Ithaca","36","109",459,,,,,,,,,,,,,,,,,,,,,,,,,,,,,,,,,,,,,,,,,,,,,,,,,,,,,,,,,,,,,,,,,,,,,,,,,133.17572892041,134.76778722182,142.788461538462,150.346191889219,150.911664554957,142.004917792132,140.625,132.504604051565,142.788461538462,150.543933054393,133.604651162791,132.467897814041,154.240220495451,157.936507936508,177.955665024631,170.451069774281,167.372881355932,167.119565217391,167.119565217391,158.385093167702,156.759510869565
"Houston","AL","Dothan","01","069",460,,,,,,,,,,,,,,,,,,,,,,,,,,,,,,,,,,,,,,,,,,,,,,,,,,,,,,,,,,,,,,,,,,,,,,,,,,,,,,,,39.8666666666667,41.8837583422944,36.545907079646,39.4927536231884,35.0786872982125,34.5486111111111,35.8812949640288,35.0263617677287,34.7029077117573,30.1818181818182,31.2534485245746,30.9645455952934,31.7090395480226,34.8751879699248
"Ashtabula","OH","Ashtabula","39","007",461,80.0653594771242,75.8653846153846,72.5994326533012,72.0191702094158,72.8385416666667,76.1217948717949,74.4872261298407,76.25,77.4503722084367,77.4813895781638,74.1961085509473,67.3167848699764,65.9090909090909,61.7573738897268,62.7856489945155,64.0392739340999,62.2587719298246,66.5006300679377,63.5595906264656,62.5223613595707,62.5,59.0701219512195,56.390977443609,58.1076918025969,55.4487179487179,54.2701863354037,55.4487179487179,60.9452736318408,57.9601990049751,67.2795454545455,65.7142857142857,65.625,62.421875,65.0867878519175,75.4720319634703,75.6628787878788,78.072625698324,72.8009259259259,77.4872448979592,79.2523809523809,80.2552494453903,80.2552494453903,81.4144736842105,78.1270828704732,73.974358974359,71.4656741534446,70.2741534638086,69.6205035134255,63.0681818181818,67.7601809954751,71.4285714285714,72.8228228228228,70.6168831168831,72.005772005772,72.8228228228228,72.6744186046512,73.3823529411765,73.8935574229692,73.7267711962834,71.4669051878354,72.2980062959077,73.0763821922212,75.7888349514563,75.0625521267723,75.7822787050768,73.9206612278251,74.6794871794872,75.5198487712665,76.8886253247487,73.6354968744825,71.1487088156723,69.7674418604651,70.4158790170132,66.5833333333333,68.718839031339,71.1487088156723,68.9814814814815,72.9583333333333,73.0223123732251,72.5446428571429,71.4066269173001,68.9420450350683,70.3947368421053,66.8154761904762,64.7058823529412,67.1875,69.6300555714118,67.1875,70.1839429322611,67.426867219917,67.1875,68.0629021052169,67.1875
"Franklin","MO","St. Louis","29","071",462,99.6835443037975,97.4494242141301,102.941176470588,104.369139801938,100.398089171975,99.7899159663866,101.342168525955,98.7649662589149,97.4447016460905,98.7215909090909,99.2010652463382,94.7085842448077,89.1542359915854,87.1124031007752,87.9321181646763,89.3198724760893,93.2765151515152,93.2765151515152,89.9078034869402,91.8367346938775,92.9284948360517,92.6041666666667,92.5458898643256,93.3673469387755,91.5363385464581,92.103947368421,91.5492957746479,90.7051282051282,91.401128582958,95.1190476190476,95.1190476190476,95.3983516483516,93.6197916666667,90.1315789473684,89.4871794871795,83.1944444444444,88.2575757575758,88.3699633699634,90.6086914147102,92.8705440900563,96.2286232183149,90.1417525773196,90.8304328784805,96.3008468366621,95.9323583180987,94.6972025447378,87.0833333333333,85.8267716535433,88.3923696423696,90.9090909090909,95.281124497992,96.7103797049774,101.612903225806,99.9344692005242,99.8516721965641,97.7337110481586,98.0116811983009,103.22952710496,102.565982404692,100.219457862941,98.4308087976611,94.0747150518602,102.91173604531,101.571164510166,102.142857142857,104.166666666667,103.285823754789,103.070175438596,103.035983776646,102.89158169771,103.993055555556,101.267281105991,101.267281105991,101.78252869661,99.5402298850575,97.8477328431373,95.5128205128205,98.448905109489,98.681312311616,98.6784140969163,108.159385113269,107.175437072284,103.719723183391,100.804093567251,104.498743241142,101.853568118628,104.079861111111,102.177294050856,102.23706581548,106.012378426172,103.418172003517,105.606554937797,115.526802218115
"Adams","PA","Gettysburg","42","001",463,129.9,121.593673965937,121.236397422529,119.644145164608,119.058963668851,119.058963668851,118.063971102307,116.821897332018,122.471295790049,123.25661759624,123.25661759624,121.277840009677,122.724866223866,118.74257855316,119.174126172208,122.159090909091,122.352338273713,120.08386615446,121.232557820719,121.158059467919,118.276515151515,119.380630630631,117.5,111.111111111111,113.59693877551,112.19387755102,111.064814814815,109.496753246753,105.826271186441,108.10691501481,107.925812515159,112.388497652582,104.802489177489,104.854681321693,108.256711128474,110.479166666667,109.805122800587,112.68474798043,113.520309477756,111.941401682863,113.561958874459,113.582251082251,114.637281311551,114,113.404255319149,114.637281311551,117.113095238095,110.901713709677,112.969951397639,112.969951397639,111.022486772487,114.189189189189,108.287290195185,116.270475020475,111.044973544974,116.495657797487,115.640243902439,113.032001299545,114.423076923077,115.663580246914,115.748456790123,114.189189189189,110.128617363344,115.663580246914,119.274809160305,120.598003376105,124.612556561086,118.635555285081,123.850448298978,123.005681818182,133.521882027331,134.230325557549,124.779022650578,130.438280786207,124.430547982552,124.125830564784,123.375,126.147540983607,124.910714285714,124.90728021978,124.797602089269,125.573770491803,126.067191544435,126.505233233294,126.147540983607,125.870937831155,126.134994981599,126.846153846154,128.584558823529,127.92,125.32981530343,129.001721170396,130.692307692308
"Pennington","SD","Rapid City","46","103",464,106.051587301587,108.239700374532,108.730158730159,110.321055666849,109.099316024567,105.46343537415,113.908872901679,109.382962346946,104.169562195969,105.468986695242,110.677083333333,105.769230769231,101.86170212766,100.989690721649,102.191558441558,102.026630284609,100.904681426399,101.283783783784,98.6582478295185,99.9570815450644,102.134511615145,100.55910543131,103.344422266578,103.870240055169,103.617831464038,103.236372160423,103.344422266578,104.06746031746,105.322094298246,109.534065315315,103.030303030303,103.030303030303,101.538807611557,98.878620174106,99.4583303190335,97.5725593667546,101.322115384615,96.8586387434555,99.8396912886342,96.452823645232,107.09549071618,113.171140939597,129.472222222222,134.107064741907,135.469244229087,136.752136752137,137.672305764411,138.610745274249,135.56338028169,136.978118712274,134.996129796017,139.326923076923,138.773148148148,138.403520499109,142.434210526316,140.972312906134,142.176896715527,140.727516135618,141.701417848207,141.598119858989,141.598119858989,147.001304685765,147.243346007605,151.388888888889,146.929824561404,159.687843784378,164.174340085942,165.610859728507,165.887448169232,161.381481993184,158.846153846154,151.885778506297,159.052333804809,155.61755952381,159.052333804809,172.19634030628,171.791339461003,175.875062718055,172.090930880654,171.514982908872,164.077669902913,160.680724417427,157.901816911251,160.089285714286,166.516651665167,171.276595744681,172.951505016722,173.076923076923,176.465150567653,180.033589616717,175.184501845018,177.015825169555,170.51177904143
"Putnam","NY","New York","36","079",465,224.261914410763,218.024733806566,214.108662601424,213.586956521739,227.828342317624,230.263421223795,222.65625,227.64248496057,219.480519480519,222.89972899729,221.354166666667,218.054025779199,210.9375,207.400774044796,217.171717171717,211.826347305389,210.914265807749,214.460784313725,202.095808383234,194.379391100703,196.750784897529,192.847124824684,192.211538461538,183.867141162515,186.014100467857,186.235629841011,188.618101180156,187.149086281709,188.77624388841,189.35516888434,181.335992023928,179.371300448431,177.41935483871,181.299435028249,188.955996548749,184.635318704284,181.626928471248,181.647940074906,184.48275862069,195.052264808362,195.821093736258,193.58407079646,191.305263157895,188.653869208176,187.96992481203,187.869082577689,184.07960199005,177.463768115942,174.129353233831,181.626928471248,181.626928471248,181.517094017094,179.487179487179,180.736357659435,185.679500041803,187.050898203593,186.17381489842,186.564926988434,187.5,181.688351162425,180.168269230769,187.945519348269,193.118675595238,191.780821917808,193.451636904762,194.96433423913,194.414019715225,194.36695006688,194.491845923186,194.569672131148,196.714473592851,199.131064446054,191.071428571429,188.680489896436,200,202.700091654487,202.700091654487,207.96130952381,210.489697802198,209.102761537448,211.76967895845,217.065119760479,215.796528818924,211.003058103976,211.05527638191,211.003058103976,208.057584269663,212.239498240543,214.820359281437,216.297786720322,221.434810893872,230.461441758304,226.324649859944
"Cass","MO","Kansas City","29","037",466,,,,,,,,,,,,,,,,,,,,,,,,,,,,,,,,,,,,,,,,,,,,,,,,,,,,,,,,,,,,,,92.5925925925926,94.5627898254228,95.1079886814719,94.8315929143834,90.0810669456067,91.4351851851852,84.6286701208981,78.9865871833085,78.9865871833085,78.9865871833085,79.0697674418605,92.8706045961388,91.734693877551,92.618042009898,93.2145858234246,102.249488752556,98.5017197926738,87.3906705539359,88.5464975845411,89.6803140773976,87.5760118370956,94.3181818181818,95.4861111111111,95.5841307814992,96.2121212121212,96.2121212121212,92.5394548063128,91.978682627037,96.4912280701754,96.8141211925519,99.2779783393502,101.136363636364
"Steuben","NY","Corning","36","101",467,72.8083209509658,81.8858560794045,80.8622828784119,79.2192881745121,79.5289989259657,80.4945054945055,85.3333333333333,92.8418803418803,91.7986952469711,80.9032053781756,77.052502440779,74.6794871794872,80.3977272727273,74.6761921878744,80.5341176960808,84.3184559710495,84.3184559710495,81.9059107358263,74.9,75.4279989523311,79.3269230769231,84.1846955128205,75.9559979046621,75.4279989523311,71.156289707751,79.0970816464238,88.5732323232323,84.7144528481217,85.1934523809524,85.1934523809524,92.0652322404372,90.4600409836066,95.3733766233766,95.3733766233766,99.4152046783626,91.3104484447435,91.0398193597762,86.5334119496855,83.2626402727637,82.4068417837508,86,77.8482413967611,86.4353405725568,80.2171290711701,80.2171290711701,75.0821529296194,74.5273631840796,74.1666666666667,73.9387956564659,72.3217092166381,69.9915941714226,72.992700729927,74.9540651452757,73.9662265595101,78.6764705882353,81.6869300911854,81.6869300911854,83.6294513639155,84.648413068729,73.3024691358025,75,73.6884487817324,76.4213671579743,78.8793103448276,91.4348462664715,90.1503088640998,88.9679312024353,88.9679312024353,88.9679312024353,84.1889117043121,85.4444444444444,84.5430706868299,81.8010075566751,83.3910666666667,86.875,89.6367521367521,84.8214285714286,87.0209059233449,85.2380952380952,83.6377473363775,80.3571428571429,80.5011520737327,78.798606271777,78.4888888888889,77.2388059701493,76.1904761904762,79.12,79.7599422816723,79.9368551520836,82.1223709369025,78.0208333333333,78.0208333333333,78.4007352941177
"Highlands","FL","Sebring","12","055",468,78.5120147874307,77.0382253881752,76.3364634779549,73.9484396200814,74.732905982906,73.206978629001,72.9591489940185,70.8520179372197,70.4507064099586,69.3482905982906,65.8808479532164,62.3611111111111,61.4818707304256,56.6945565313712,60.5719237435009,60.8147267214955,60.5761940864291,60.6877950101146,60.6877950101146,59.4924812030075,58.1665972039201,55.8625336927224,55.0887021475257,55,54.708904109589,54.9367325546571,54.0827151831061,52.5126262626263,49.4670362570202,49.2845786963434,48.9053376906318,47.1123037789931,47.6588628762542,49.4019760790432,52.5252525252525,51.6162084017573,51.757055343401,53.3091542959964,53.725046964838,53.1290156690049,54.9053571428571,54.9,54.3342391304348,53.5119047619048,54.8032936870997,54.8032936870997,54.7017543859649,57.8282684932889,57.6901754908247,57.9019073569482,59.5238095238095,61.3233287858117,59.9128540305011,60.1405325443787,58.7027914614122,59.437003968254,61.3233287858117,61.5878163857475,61.8070834972582,62.2463768115942,62.7868852459016,63.4877384196185,66.2244897959184,66.2244897959184,66.0056657223796,64.7660840472207,67.6998680612655,68.9490445859873,70.2626641651032,69.2604006163328,71.2121212121212,72.3740942028985,72.1362229102167,73.5774998883357,74.5850638016131,73.4243697478992,73.5913340589639,64.1176470588235,64.842831761651,66.2688243365237,68.805765831697,69.4770408163265,74.2012779552716,73.9087301587302,74.8728420716112,77.0882567106874,78.5064637743209,82.109532929035,83.0152671755725,81.4814814814815,81.7137809187279,83.1465074754549,83.1465074754549
"Nevada","CA","Truckee","06","057",469,,,,,,,,,,,,,,,,,,,,,,,,,,,,,,,,,,,,,,,,,,,,200.288114701875,199.689905902481,196.539880495623,218.75,207.994157206604,185.78869047619,190.023752969121,219.685039370079,218.093699515347,230.206540447504,232.123400026342,231.890459363958,235.849056603774,245.12987012987,240.219674556213,230.39692607268,226,220.967741935484,203.541938227308,234.803921568627,230,242.1875,238.603988603989,248.846772217799,252.859477124183,251.66767738023,244.987257931102,241.562296681848,235.34685480559,234.198778195489,245.37037037037,258.919515542032,254.187909686817,258.992805755396,255.544920778492,263.39497855111,270.118198273848,279.269602577873,266.29053818917,270.895866436617,263.524390413725,253.042596348884,266.057316340589,263.791079812207,265.249305831617,272.187281621244,274.207875457876,286.73835125448,281.862745098039,286.274509803922
"Eau Claire","WI","Eau Claire","55","035",470,97.9546052247092,100.050100200401,101.944593626924,101.593137254902,103.323485967504,103.664948111957,105.564618308521,106.571466195699,105.564618308521,104.050925925926,102.083333333333,99.8774509803922,100.883838383838,97.1816656532216,99.2765273311897,101.398713493836,101.554318780919,98.0461459499813,95.849591230026,97.0238095238095,97.2582972582973,98.9676784290271,97.2939430300606,95.6591639871383,93.956371558163,94.8060941828255,98.3267716535433,97.7744969378828,92.4206919357781,93.2081228956229,92.2266139657444,91.4024390243902,92.246835443038,93.9393939393939,94.3528693528694,100.529661016949,101.688507890466,101.438240270728,93.890977443609,93.9604140949388,95.0505464480874,102.903979008597,103.658685859773,102.19696969697,101.182432432432,97.7130210254519,91.8903927813163,94.8060941828255,95.0436093404087,100.801809210526,102.536231884058,101.042325949367,99.5021779713752,103.153669724771,106.275303643725,103.00227979675,105.78431372549,101.913265306122,99.718491385158,99.8168498168498,101.836734693878,107.016248153619,104.017857142857,103.850446428571,105.840072030443,106.989644970414,107.632902298851,106.007067137809,107.650862068966,109.515670609925,110.274053673295,110.606209150327,115.34188034188,114.817749603803,118.011811023622,118.316861157418,120.606240126382,120.93253968254,119.483971974206,118.636138167388,118.931878306878,117.209908735332,116.527777777778,116.894350969892,116.527777777778,117.209908735332,125,127.376771770497,130.213821638852,128.108808290155,124.082785288028,129.391891891892,132.865583456425
"Fairbanks North Star","AK","Fairbanks","02","090",471,,,,,,,,,,,,,,139.668367346939,145.83219844358,149.880275366657,140.891840607211,141.943974778313,134.540389972145,132.68253968254,131.007751937984,132.142857142857,130.400787908024,126.043936092956,128.348434174521,136.622077146271,143.650641639533,133.733974358974,133.733974358974,139.86013986014,130.501930501931,139.929742388759,130.208333333333,133.209517522235,130.121527777778,126.436631944444,138.280566280566,138.513513513514,140.091765873016,143.4399041531,149.299719887955,153.392101436251,150.266515417642,146.683673469388,137.615740740741,146.848290598291,144.5,145.454545454545,144.136852502195,144.278606965174,144.389303482587,144.278606965174,144.278606965174,148.268995098039,143.960674157303,139.396117900791,136.842105263158,132.352941176471,133.705357142857,136.637931034483,138.469417735043,137.457394517796,138.161057692308,139.486928104575,139.710040605389,141.366223908918,140.072000843348,128.348214285714,130.795557206971,124.182570778564,120.652865187526,117.83189316575,118.090909090909,130.113460346964,124.182570778564,129.514647016012,136.251202730425,144.035228182546,139.677630755788,132.560469287967,144.134615384615,138.374130345815,127.708333333333,142.709371884347,133.007117437722,137.476280834915,130.718954248366,125.989877589454,134.44770188327,133.625016256606,127.971567207163,133.600713012478,133.600713012478
"Cape May","NJ","Ocean City","34","009",472,,,,,,,,,,,,,,,,,,,,,,,,,,,,,,,332.3,282.854389994895,279.209621993127,287.234042553192,293.802876480541,322.792168674699,300.194945446448,326.633986928105,326.633986928105,336.263157894737,326.633986928105,315.263157894737,300.501002004008,338.929720227409,344.066741168436,349.307692307692,353.746448863636,349.307692307692,348.484848484848,351.213435215285,341.412008281573,336.538461538462,332.907952669235,317.708333333333,323.625514717096,300,299.222113502935,291.538461538462,285.714285714286,285.714285714286,285.116929334011,314.171428571429,339.128521126761,299.851217268778,285.470085470085,276.195307078418,280.281690140845,267.435897435897,279.8,276.073619631902,273.790322580645,277.936809815951,269.076923076923,273.75,292.207792207792,291.003896103896,271.327014218009,262.989631336406,264.285714285714,267.247360482655,276.891047883414,280.797101449275,279.642857142857,277.857142857143,268.950437317784,268.950437317784,268.950437317784,268.950437317784,276.891047883414,280.151685079148,273.80266679885,251.503483914833,292.994268071088
"Roanoke City","VA","Roanoke","51","770",473,103.777148253069,108.904863691112,107.768034659782,104.59508644222,101.365054602184,98.9445910290237,98.4355981451361,96.7021276595745,98.5269911816972,95.3379580798167,96.7021276595745,94.2184154175589,91.8027068924398,79.5946932814021,88.4064756332516,91.7857142857143,93.3995327102804,98.014888337469,97.9209461562403,98.7409839531988,97.232921472838,93.5386473429952,93.7491894433097,92.1688633110687,89.9799387015882,89.087093389297,91.5409482758621,88.7007467864446,91.1458333333333,91.5798611111111,89.2682926829268,88.5342789598109,89.2682926829268,89.9133441653127,95.6346519991538,92.7900987795334,94.3380989059356,93.0651532457643,91.6396979503776,89.1431924882629,90.7602956705385,89.6768402154399,89.8338220918866,91.8965517241379,87.2130394857668,87.4107341529219,88.0784150968966,90.4904788282482,97.6057154657517,89.9774774774775,90.0990697317177,93.1326434619003,91.5708812260536,95.5794504181601,96.0655314757482,96.2662337662338,94.9054559075251,89.9759903961585,88.6170212765958,89.4884433040323,88.5416666666667,90.6614785992218,93.4150546887667,86.9911477608805,86.7405978784957,92.8752874117112,90.7931391734776,87.8934096200466,87.0316141151852,80.4102976669348,77.7116402116402,80.5090162367823,84.1197403335104,86.5473469387755,87.1458013615079,91.5140415140415,91.8959335158144,94.1930618401207,94.1148775894539,96.2502346474905,96.8507751937985,92.3073635016528,94,93.035343035343,93.4206335638123,92.6258509371966,91.8727915194346,92.7378330884397,87.96,90.8299540017192,88.1170662905501,87.1511627906977,81.9086651053864
"Daviess","KY","Owensboro","21","059",474,67.0125721061101,68.969696969697,64.3595651660168,68.1258577766429,73.4677616382374,67.4888392857143,71.0053249378109,72.9014598540146,70.8258786577608,71.469465648855,71.1301044634378,71.2997850561464,73.8361209868563,75.323275862069,75.323275862069,74.5522388059701,75.323275862069,77.7231777231777,74.5672514619883,72.6060606060606,73.1896551724138,71.4285714285714,70.3055517288883,70.1621621621622,73.6595174262735,70.3798254536654,70.3083109919571,71.5604054959786,70.3345070422535,75.0887455902622,78.2126646612628,78.6946736684171,76.986076986077,74.0118577075099,73.6104020648545,70.6786171574904,69.8090692124105,66.9575617283951,66.8121141975309,69.4895591647332,73.8390092879257,75.4302103250478,75.3504672897196,74.3303571428571,74.875,69.8137635452046,76.2603830485159,75.6519522144522,76.2603830485159,74.6647751155948,77.2239046215965,81.1706168879126,79.9,81.0893447008467,80.1594331266608,80.278580199694,77.2099447513812,78.0048076923077,75.3105908995155,73.4126984126984,74.1584158415842,74.1584158415842,74.3589743589744,74.6169871794872,79.6376811594203,80.9514146567718,75.9266774891775,76.8229166666667,79.6542553191489,77.22096644565,76.8701996927803,75.5172413793103,74.9166666666667,75.5424063116371,76.195693597561,75.3787878787879,80.688202247191,82.313829787234,82.313829787234,77.9191995947315,78.4574468085106,84.1000227842333,80.6060606060606,80.6060606060606,81.7807630965526,68.8775510204082,66.5169600514428,73.4243697478992,72.3739495798319,83.2142857142857,83.2142857142857,79.2456041575575,76.8065268065268
"Cabell","WV","Huntington","54","011",475,64.3518518518518,64.2354358442456,64.2354358442456,64.3518518518518,65.6954887218045,69.0476190476191,67.0563549160671,66.5013333333333,67.4460431654676,64.5136778115502,64.1190198366394,61.2745098039216,60.8885017421603,60.3282829852639,67.3374613003096,68.292398650493,69.8707592891761,66.3265306122449,65.7894736842105,65.7894736842105,66.527023837621,64.4718372296906,65.3070641534761,59.7662809440181,61.2664473684211,66.6397415185783,64.4583706356312,63.1730769230769,64.3394199785177,70,69.7222222222222,70.2903682719547,70.1451841359773,72.3938223938224,74.8922413793103,73.3603896103896,72.2453222453222,73.75,72.2453222453222,71.9951923076923,71.3530655391121,70.8417678812416,71.3530655391121,74.7474747474747,66.4780763790665,65.7894736842105,61.8046971569839,65.3791443265127,67.1921921921922,71.1787930062042,67.2743055555556,73.8636363636364,76.5765765765766,74.718045112782,73.5587087501149,73.7577639751553,73.371104815864,72.4243203341388,72.4243203341388,74.006734006734,72.2222222222222,72.3273942093541,70.8568260633655,71.4816933638444,71.7708333333333,71.4816933638444,74.0625,72.3981900452489,74.034617003367,74.0625,75.6619458128079,74.7467672413793,70.3036422902494,70.3125,69.327731092437,70.2947845804989,70.3125,70.1530612244898,62.8851540616246,62.3678646934461,56.5296803652968,56.0458448565958,55.3703703703704,55.9424678274035,55.5191932823512,57.4561771644152,57.8185328185328,58.9535531528557,58.342164111366,60.2216748768473,62.6145603872617,59.1803801957725,58.4216163583252
"Monongalia","WV","Morgantown","54","061",476,137.454981992797,133.592487373737,133.074454219616,131.874408242829,133.064516129032,132.636363636364,133.28853046595,134.993961352657,138.050144300144,140.865384615385,138.194444444444,138.352654569892,147.469275498978,141.747250313723,139.004444444444,136.473429951691,134.869414251208,133.6,130.8,130.856545654565,130.82298136646,131.836611456177,129.979420652287,136.960199311024,134.519230769231,128.720013947001,128.5,124.916666666667,134.095634095634,134.519230769231,130.568181818182,130.681818181818,131.677542754275,131.975199291408,131.975199291408,129.368029739777,124.331797235023,129.848743552059,133.101851851852,134.099616858238,133.944339679119,133.474992849993,136.290322580645,135.344160866203,135.344160866203,130.607753814032,129.469790382244,126.013184633544,137.163367546432,139.714345114345,138.255303030303,142.724075775913,142.857142857143,142.007697387898,143.67351651488,140.932998324958,137.820512820513,133.38293515151,133.141762452107,134.003831417625,128.666666666667,124.891505078486,131.863560732113,131.35593220339,133.534136546185,136.486486486486,133.975481611208,137.095967741935,137.095967741935,137.016129032258,133.73778998779,135.683760683761,131.052631578947,130.867224880383,136.151413690476,135.344160866203,137.847619047619,136.588541666667,132.675120772947,129.999166666667,129.999166666667,131.521739130435,132.808441558442,133.35355987055,135.74097135741,138.011278195489,137.931034482759,133.373786407767,131.766381766382,132.850241545894,127.885117493473,128.980891719745,129.323591750224
"Garland","AR","Hot Springs","05","051",477,91.4289025371838,88.8301850912779,88.6948529411765,88.9655172413793,88.8621794871795,88.4491114701131,88.3161070387149,88.5719822056448,88.0351794988438,86.7198838896952,87.8247417884061,88.5261194029851,88.5261194029851,80.2892340653455,87.8846046927053,87.7151521612945,89.5,88.1362754927969,88.4895833333333,89.8982479784367,87.2782446311858,86.1111111111111,86.1805555555556,85.0284784377543,85.6215020703889,85.2941176470588,85.239651416122,85.2941176470588,87.2352821095776,86.9474408365437,86.0778443113772,84.5996007098492,82.6793924466338,80.9913165168281,80.5667055904248,80.5667055904248,79.8611111111111,77.802403006487,80.5147058823529,83.2384431649874,85.1705653021442,80.9407153356198,80.7276926100629,82.5272095224228,87.1212121212121,99.2329936857684,99.2329936857684,96.2686567164179,96.3306370830412,87.3409775822776,92.1507115842861,91.8466096656923,97.5596529284165,99.2470910335387,94.6315789473684,97.5826433656167,91.6736753574432,92.4187585826764,89.5039528252981,86.0738313069646,86.0738313069646,86.8692851684898,84.0813464235624,86.6433550421474,80.9365715392092,82.2324966974901,82.7193863103972,80.4594382118759,79.5990566037736,79.2824074074074,78.4202051399861,76.6212889938213,83.6129753914989,84.0813464235624,83.8414634146341,87.0658861044901,88.3928571428571,88.9834240871236,91.1334552102377,91.0828025477707,95.5835331734612,93.4880239520958,93.619972260749,94.4174080053745,96.3167646307181,98.2142857142857,99.9990182288799,100.171722953635,100.367647058824,90.1667228241149,90.3465346534653,90.2335456475584,97.0588235294118
"Nash","NC","Rocky Mount","37","127",478,71.6418685286176,72.1955147758608,72.0587815665573,72.6086956521739,72.465034965035,72.7226170568562,72.2790291104245,68.9484126984127,71.146196832524,69.8601398601399,69.5967365967366,69.9837445791203,66.9148943434362,60.0358422939068,60.7517482517483,62.593984962406,62.593984962406,60.6197765648985,64.4475907459595,62.7339818041038,62.2719390331411,60.4878048780488,58.2805100631413,59.1949486977111,60.7317073170732,61.2659250629486,65.8234636780372,62.95,62.1886120996441,65.4836707410237,66.6491596638655,66.6491596638655,62.27394259487,61.8876262626263,66.6491596638655,63.2943568670637,61.922268907563,62.0475218883365,62.5662778366914,68.1818181818182,69.5788125376733,70.9258462421113,69.5788125376733,72.2088353413655,70.3219315895372,64.4671238144066,61.3851797346722,57.6923076923077,63.7234042553191,64.247690230766,61.82111360189,64.2926829268293,66.2419127988748,64.2926829268293,63.9500555413142,64.1767068273092,56.1304836895388,56.122082558583,59.8776223776224,59.4388111888112,64.8537531515314,64.084788351266,66.343437712923,63.5122895393129,62.9813718430808,62.7212117445586,65.8385093167702,66.1029411764706,64.3666646581506,65.2540103371629,64.5447530864197,65.4320987654321,58.2684824902724,60.3543066585217,65.9240924092409,63.3794694348328,70.5423476968796,68.0416318574213,71.4859437751004,64.8081100651702,64.7222222222222,64.8081100651702,68.6550365785031,71.5234424509807,67.4273858921162,64.9046793760832,63.6540204317021,64.774531024531,61.3393359594823,66.2878787878788,64.071309125657,65.6482246077622,65.5307994757536
"Flagler","FL","Daytona Beach","12","035",479,,,,,,,,,,,,,,,,,,,,,,,,,,,,,,,,,,,,,,,,,,,,,,,,122.079439252336,115.307692307692,112.246567124383,117.907506281407,125.696316262354,122.372987004576,122.364217252396,123.148869836321,134.591619796537,147.804054054054,142.857142857143,137.956455473178,140.374439018865,142.736486486486,147.848215367834,141.029563965261,131.758291685597,132.960626067244,143.496621621622,145.170660856935,145.242842544784,157.361943246593,163.298856831791,175.257731958763,169.696261682243,167.682926829268,162.967289719626,158.540140296181,164.226898444648,168.808411214953,167.157584683358,169.037199124726,175.158598726115,174.219317356572,174.696048632219,171.140965275607,168.347675345542,165.771734120376,167.239276509573,170.793873646328,172.552736252275,164.226898444648,158.792650918635,159.018627896411,164.506203473945,166.413551401869
"Portsmouth City","VA","Virginia Beach","51","740",480,135.722993354653,128.483448806774,128.483448806774,126.094958455268,129.464285714286,125.618829519836,123.369430129087,121.653144016227,123.143564356436,123.143564356436,120.671140939597,119.047619047619,117.918454935622,111.682242990654,109.331468926151,111.682242990654,112.7539503386,113.549730885497,110.949612403101,109.434390552557,104.758064516129,104.208623561478,106.002710373571,101.141703691046,96.8023255813954,93.890977443609,93.4579439252336,89.6760174892208,91.581868640148,91.5750915750916,90.1030927835052,89.9183303085299,92.1052631578947,91.6401679104311,96.4059931723353,95.4545454545455,99.0373725934315,91.9235365363502,93.6845348625673,97.4445275492396,105,103.624437816937,104.242002781641,99.8098859315589,98.3321503478617,97.9789680160633,98.6842105263158,97.6800976800977,94.6022727272727,91.8066145039122,91.1625546756625,92.7507993605116,98.3062226327312,94.9397570255657,92.3362842590347,92.2634353555406,91.0348399544534,87.9651949085123,87.7983870967742,89.9779860505667,91.4559721011334,93.4571166287813,93.890977443609,93.2564200169834,93.5160427807487,95.1374207188161,98.8446461408479,96.7839805825243,92.9411597174755,97.6430976430976,98.1261946201302,98.6297646557568,97.7917981072555,99.3368700265252,98.7077056559524,100.45421486118,100.041666666667,98.8534702324101,105.260940813572,101.934523809524,104.345732041802,102.375102375102,100.731684981685,103.143106743107,100.701863996219,99.8263888888889,95.7583547557841,97.5579975579976,103.333333333333,102.829218106996,102.351641414141,103.156429597701,104.657489403252
"Montgomery","VA","Blacksburg","51","121",481,124.765868886576,127.263083451202,130.14521782674,128.645833333333,125.020048115477,125.840376123039,123.25,122.467320261438,119.844810781744,116.991869918699,119.907407407407,116.550116550117,118.291608036273,118.291608036273,126.953501735622,120.613478459946,116.550116550117,115.625,118.081180811808,117.332257072571,114.5571784967,114.153350644163,110.020739064857,109.266581632653,113.249399785584,110.198789974071,112.467395214967,116.105578139115,114.846743295019,107.999921346547,104.26497277677,107.329724348685,107.946428571429,106.618183563748,109.696024766691,108.411239495798,118.922359266287,110.106899902818,109.213917525773,114.142857142857,116.113263929053,109.885620915033,109.60426879085,110.442810457516,111.32264957265,110.442810457516,110.442810457516,106.914244520827,117.36414740787,111.842105263158,111.743702204229,112.158643630917,115.108401084011,115.439505201504,118.951612903226,115.492663109386,117.763157894737,115.108401084011,114.297385620915,113.796082949309,117.763157894737,114.863683127572,118.113605091159,117.567024956758,117.565138897925,117.082968940478,118.569636135508,118.951612903226,120.833333333333,115.148253088462,108.683779355543,120.08281573499,124.867724867725,119.08324322512,128.974232827009,116.717618542645,116.630105848672,116.888097062125,120.674044265594,120.192307692308,116.459627329193,118.285903408186,121.840354767184,107.361963190184,116.106884142274,106.351805574233,108.368331985464,116.006047367957,118.962585034014,116.006047367957,115.411281309274,118.152154334068,120.409090909091
"Dubuque","IA","Dubuque","19","061",482,104.736024844721,104.591836734694,93.7277529803944,103.370786516854,102.002002002002,99.7395833333333,97.8295707915273,104.825174825175,95.9147424511545,92.6343154246101,89.9399399399399,90.8890231557301,95.8349740762617,97.5127551020408,98.5915492957746,96.6374269005848,96.355251585428,97.479674796748,96.2709757613425,93.2089552238806,92.3257635082224,92.6237164785679,92.814371257485,92.6237164785679,100,96.8353795383094,93.6163282476142,93.19453076445,96.1857379767827,101.153492647059,101.785714285714,100.487831288998,97.8146853146853,98.0637101811368,97.9500891265597,95.3565505804312,93.1634555624612,93.2538057033085,94.2405708460754,97.8073610023493,99.1238769553769,96.9447708578143,95.1922591311105,93.980343980344,94.0263461039465,91.6284403669725,92.2563417890521,98.8296488946684,97.2803347280335,101.596729208925,105.516431924883,103.020417437595,106.675376065169,106.614509246088,100.296890600312,98.5381528144686,100.6710804003,100.6710804003,101.216216216216,99.8889711324944,100.125944584383,99.8519615099926,102.949441067276,102.815562965767,110.545722713864,112.106211454798,105.278924435271,110.125646711013,106.995412844037,110.439814814815,109.432048681542,110.487891737892,111.38693019943,110.39886039886,104.495319495319,114.569133398247,114.423076923077,109.369527145359,104.435565373065,111.348511500993,116.350458658151,119.766304347826,119.866666666667,123.209180959979,125.004941492726,118.400621118012,118.05067552251,117.663043478261,111.263736263736,106.263982102908,111.263736263736,114.021899378775,117.44966442953
"Geauga","OH","Cleveland","39","055",483,,107.887323943662,116.745283018868,118.778280542986,117.328768339906,113.669521750379,110.534488179074,114.798850574713,115.230769230769,107.789095266627,105.107704402516,106.212424849699,106.172250160699,106.212424849699,102.416666666667,98.6019736842105,98.6512986924171,98.8243217513019,99.5323981295925,99.6895271423694,98.4403311044003,94.3058135875961,96.8603874415498,99.4538096711001,95.8058717795087,90.7884688812524,84.5119004554266,81.1879652605459,84.7109988776655,89.058131116437,91.4351851851852,95.0564005069708,101.447620938389,101.48107515085,101.449275362319,104.296568627451,103.834405814391,95.0854700854701,97.8707224334601,104.509803921569,104.509803921569,104.126984126984,104.126984126984,100.81783234127,99.8378376954247,99.8378376954247,104.258241758242,97.9738562091503,101.300608196835,97.9738562091503,106.135693215339,102.711824953445,99.3607954545455,96.5535248041775,97.2636905066639,103.77358490566,104.917095483133,106.060606060606,98.0243161094225,93.8501602564102,96.0336538461538,99.6581196581197,111.379716981132,109.772727272727,108.806818181818,108.311764886057,105.542452830189,103.432065488669,104.146464353784,103.245527083704,104.386706849111,105.75,99.2060340154065,104.531410916581,109.67720729655,111.90053285968,110.131225157821,107.144990103065,108.630952380952,107.771787960467,109.539473684211,105.106359649123,105.106359649123,100.083566595884,101.670297748729,101.75658437388,102.781944468883,115.403482953152,118.89880952381,117.134192570129,108.645753634277,109.775004476713,108.616187989556
"Tuscarawas","OH","New Philadelphia","39","157",484,,,,,,,,,,,,,,,,72.4431818181818,73.2632575757576,76.5384615384615,72.4431818181818,75.6956526274068,72.8125,74.533621140764,74.2563947398222,72.8125,72.5765306122449,69.6700507614213,70.2473958333333,69.8163686642928,73.3550969892908,76.9,74.1336633663366,76.8728398617511,73.3550969892908,74.0379855293222,72.4888392857143,72.7946404156412,77.34375,77.34375,75.8809234507898,75.762538726606,78.5839160839161,77.3584905660377,77.6785714285714,78.4994500517598,80.8531746031746,82.4292452830189,81.5057663690476,79.0723981900452,77.9947916666667,76.2604737016758,78.0133928571429,81.2553084935898,84.7636070724823,83.6374958254481,84.3962113103497,81.9007381507381,81.5461881868132,88.5777376988531,87.5591432225064,82.9545454545455,76.6447368421053,73.6912393162393,83.1944444444444,84.7877358490566,83.2291666666667,82.4292452830189,81.3888888888889,79.7561813186813,82.8234189378057,84.4784989316239,82.8234189378057,84.8600618131868,79.8277243589744,83.9068040780142,81.6051136363636,81.023720349563,79.3650793650794,72.2940340909091,75.2130681818182,75.78125,77.2619047619048,87.1693121693122,89.9621212121212,80.7291666666667,74.3626062322946,84.2412451361868,83.1739961759082,86.7188469158819,87.3251748251748,77.9997996794872,80.2976190476191,82.4275362318841,72.5925925925926
"Orangeburg","SC","Orangeburg","45","075",485,,,,,,,,,,,,,,,,,,,,,,,,,,,,,,,,,,,,,69.5138976822458,70.4022988505747,69.6797520661157,68.6937773979374,70.6618117332403,71.7128027681661,72.7272727272727,72.1030042918455,71.7128027681661,72.3228995057661,72.3228995057661,72.0312318756525,71.0504658385093,71.1619006354708,72.1030042918455,72.8377896613191,73.6607142857143,75.1933471510347,74.7560182173064,75.7942019789732,72.4509943181818,71.9650449966975,72.8908045977011,72.6363636363636,70.9518995102251,70.2393340270552,71.4285714285714,73.343653250774,72.3336858624454,74.6702335419218,79.5121165568165,79.6124684077506,81.1098484848485,76.1943986820428,71.6715257531584,72.9451378765792,74.21875,78.4655722754218,77.5193798449612,72.9523250639286,71.6440208105522,71.0224166211044,68.8246097337006,60.1965094011142,61.5335957983167,60.1535087719298,60.3070175438597,59.1411042944785,60.3070175438597,67.7620395220723,70.3862660944206,71.8051118210863,73.4939759036145,73.4939759036145,76.8136524492457,73.8866396761134,63.7775846395141
"Roanoke","VA","Roanoke","51","161",486,125.95,126.387408759124,125.97438537185,126.530862791707,128.98866608544,126.940133037694,128.352490421456,126.760563380282,125.766444154998,124.954969053401,124.947916666667,122.405805893922,117.654220779221,116.329225352113,120.689655172414,120.186781609195,121.131234751965,120.199146514936,118.612887806305,118.691110213743,116.771226151915,116.222362851291,116.251944012442,114.168187315382,112.612612612613,112.612612612613,112.019037171265,113.926372133285,116.191230850502,113.027667582138,114.964675658317,114.932337829159,113.028515240905,112.284482758621,111.647058823529,109.674329501916,111.647058823529,111.870503597122,111.253091508656,110.105363984674,111.590038314176,114.674952198853,115.491769504577,117.44966442953,114.051094890511,112.458333333333,111.800894854586,109.835526315789,113.822685492394,109.835526315789,109.055501460565,110.484631081169,106.281407035176,109.055501460565,110.697674418605,110.340687250052,109.294234592445,107.496461036144,106.644034917556,107.131079967024,108.23732718894,109.09366359447,109.95,112.009622914581,115.151515151515,113.805970149254,112.633451957295,109.991197183099,117.816091954023,115.304992339814,115.561670968203,118.644262825297,118.993506493506,118.016196786384,110.461719015411,113.595779220779,113.320707070707,113.458243145743,112.698938992042,112.128540296231,112.66651359614,109.376381590715,111.622992392223,108.333333333333,106.53801843318,111.14385636639,111.590038314176,111.706449974606,108.9222138599,111.440677966102,114.489865282413,116.484859802344,111.607142857143
"Lawrence","PA","New Castle","42","073",487,,,,,,,,,,,,,,,,,,,,,,,,,,,,,,,,,,,69.3055555555556,68.3863871635611,69.8221092757306,69.8221092757306,69.9,70,70,69.8728139904611,69.9364069952305,69.3137254901961,65.2559549825175,62.6808100289296,56.9933396764986,56.2465294192687,60.2913174678473,60.2369530129125,62.0229007633588,66.3187855787476,63.6904761904762,69.0012254901961,64.8148148148148,61.9663120567376,60.8407079646018,54.5728550295858,52.4809160305344,52.5438596491228,60.2029754784689,60.7588956489676,64.6868250539957,67.0212765957447,72.893975493533,72.8056426332288,72.1153846153846,71.7418546365915,70.8037825059102,63.9097744360902,56.2257551046734,55.5375735396626,62.6254180602007,63.597191788721,64.6918901660281,60.9510086455331,65.1761850215458,62.6087325941651,64.9311040898719,63.0699088145897,63.6923851773468,65.1207116078376,61.4316239316239,59.9759615384615,59.9759615384615,59.765625,58.8779765331053,59.1567852437418,62.4107142857143,62.3928571428571,59.5238095238095,56.044835868695,53.5119047619048
"Carver","MN","Minneapolis-St Paul","27","019",488,,,,,,,,,,,,,,,,,,,,,,,,,,,,,,,,,,,,,,,,,135.440400519254,124.314913127413,129.902491874323,128.579146407347,128.463680346531,128.320526893524,125.26518804243,142.378917378917,147.34802286024,144.859266114983,139.619047619048,132.669616519174,133.086818668336,129.496752708837,126.043517673428,125.132246798993,131.127923976608,131.109557595993,132.253328927051,130.231557377049,150.644844618537,137.896825396825,137.053087757313,136.356340288925,141.115571857471,140.565949101686,142.261522435502,147.580450522928,145.284609379613,153.021168196641,152.84757118928,152.202643171806,154.867606354153,153.38170340838,153.887605850654,146.404744255004,145.577352076768,147.619047619048,148.44956048647,150.602409638554,158.223394898857,160.250297973778,160.785368477676,170.493423932774,166.814946619217,163.096234309623,165.917683828525,158.419993452347,162.093495934959,164.544456641054,162.030716723549,162.5,162.658227848101
"Flathead","MT","Kalispell","30","029",489,,,,,,,,,,,,,,,,,,,,,,,,,,,,,,,,,,,,,190.420692717584,193.109100445843,199.608957219251,189.4212498943,190.999148002137,201.049335507222,200.745033112583,203.731681118898,209.794757163178,216.930537336637,211.538461538462,209.774436090226,205.17433138296,201.44294331391,198.318656793137,195.806304851918,190.329218106996,190.130284110706,192.028985507246,188.792375652505,182.587320722057,192.2413003663,194.444444444444,194.444444444444,188.208616780045,188.208616780045,187.559904153355,201.007326007326,200.665198886722,197.368421052632,207.270408163265,204.486064642771,207.469069896329,206.528343991765,214.901477832512,227.985001947799,223.466117216117,214.577779893374,208.957780480613,212.423221488816,217.107246202074,219.887847438913,220.930763609792,221.000570013366,219.421101774043,220.467032967033,223.991327300151,225.165562913907,228.477746212121,234.634551495017,232.08722741433,233.506300963677,232.796764189004,237.957993228253,237.020316027088,234.856858157208,235.844370860927
"Campbell","KY","Cincinnati","21","037",490,114.296070241736,114.277071990321,113.903133903134,113.903133903134,107.747433324608,107.051635855832,103.575744797083,99.434031545474,101.74672489083,99.434031545474,102.042483660131,100.039297476144,98.3237549728879,94.017094017094,96.4881474978051,84.0336134453782,83.1207482993197,80.5921052631579,83.3187006145742,80.2325581395349,79.7165202636479,80.1699716713881,78.7766450417053,76.4379430419102,73.9814814814815,75,73.9814814814815,75.9647188533627,75.6513336323061,79.4200187090739,76.7072029934518,76.6728403973602,77.1491550330639,77.2222222222222,77.290304093626,78.2876329043089,78.6111111111111,78.4313725490196,79.3048259290186,79.887745556595,81.5426997245179,80.4847790764258,78.9522918615529,78.4637327702073,77.4351786965662,74.4499645138396,75.941837409121,77.6051188299817,78.8969267076081,79.9822064056939,82.6923813705929,85.0591715976331,84.9694417372325,90.8988073590088,90.1540774145058,90.587219343696,91.4239766081871,89.7026629591588,88.5849056603774,82.6254826254826,89.3655940799867,89.0630790014388,89.0715797088817,89.0145562041611,91.516103692066,90.0148463050269,92.4292664278271,90.015015015015,99.9245093105184,101.487009310518,103.511713728542,103.403420421441,103.797193525629,103.08599695586,92.9584866001051,104.863066480471,99.4832769635475,96.6312056737589,103.048411497731,100.039366763505,103.325635802953,101.905550952775,101.366263794009,96.5964899313426,98.8584474885845,94.0658527749847,100.08210180624,100,107.682890031895,107.505048621041,107.87115513069,110.816591056384,111.278083690722
"Sevier","TN","Sevierville","47","155",491,158.617424242424,152.547485122687,151.914893617021,148.880333206729,148.065476190476,146.213425129088,147.902303312629,149.519230769231,148.065476190476,149.401192445547,140.328092959672,141.290322580645,139.772727272727,137.543554006969,137.543554006969,136.623302129222,135.630246318976,133.620689655172,130.732345248474,128.869047619048,128.448275862069,125.371747211896,121.652475887212,116.598778004073,117.063492063492,118.700265251989,119.089993530934,120.281892504452,123.65165759525,123.833229620411,124.11858974359,124.643874643875,125.834489967272,125.818639798489,126.157407407407,124.780270655271,126.239067055394,121.652173913043,122.331538249102,124.501488095238,124.517374517375,124.930555555556,126.157407407407,123.349989846321,126.552704314332,126.075619295958,124.823943661972,126.493034625946,124.911971830986,124.600844451777,124.377745241581,127.075542258788,128.141025641026,127.083333333333,128.125,128.869047619048,128.869047619048,128.125,128.744939271255,126.728039588617,127.701200314837,128.744939271255,126.866201124676,126.60964035964,114.214285714286,117.138671875,114.214285714286,114.214285714286,114.479166666667,117.05710102489,121.312949640288,121.496062992126,121.304347826087,118.962585034014,132.034346103038,136.328437302481,135.022522522523,138.986659647171,140.753081378081,143.593864468864,147.80258519389,145.147757647758,149.845720720721,152.62467191601,154.310344827586,152.666502624672,149.85590778098,152.708333333333,157.085561497326,157.085561497326,159.111077956811,157.760295260295,163.011536511156
"Story","IA","Ames","19","169",492,98.1827111984283,104.697380307136,106.477438136827,104.697380307136,100.374531835206,105.064165172281,108.244826067063,109.897360703812,109.090909090909,109.386405109489,112.094395280236,112.511251125113,112.302823202674,109.397810218978,117.304343799203,123.997112716949,124.493927125506,124.662819957667,120.769242965305,117.622150074605,119.688102893891,120.042872454448,118.847539015606,115.178571428571,113.964492953855,115.989693475141,120.126448893572,114.133698439117,114.965986394558,112.853218210361,105.997931747673,100.827300930714,96.1844197138315,95.9205449137927,91.7869037574046,104.810561921409,104.182390595172,109.828408975531,113.650465356774,117.208419599724,131.404386786518,119.610728748278,121.857410881801,126.089244181899,114.260536001244,117.27262701607,111.637220707365,112.061206120612,118.172043010753,124.192680301399,119.634463137061,118.055555555556,110.184151785714,109.461152882206,112.745098039216,115.275514768135,118.831634315505,118.213266907105,118.725833145264,109.032691368362,117.21142786578,112.419499775348,117.997282370474,127.117629504192,111.202635914333,114.959723820483,117.239932885906,117.057291666667,116.774891774892,115.78865941598,111.05126005474,115.238879736409,115.64393589488,127.478134110787,123.263888888889,124.58670095518,132.404891304348,135.755178548736,133.946361287013,140.481651376147,142.12076249692,141.224970553592,146.384834240475,144.839016060786,145.808552686516,147.517730496454,161.97520955386,168.654474651231,165.441176470588,162.036924077915,165.441176470588,165.198066445455,171.464330413016
"Gallatin","MT","Bozeman","30","031",493,155.147058823529,143.846153846154,143.846153846154,138.799283154122,146.027397260274,146.554188416605,146.161846778285,146.296296296296,148.956780923994,140.178571428571,143.627450980392,135.295023219935,137.017994858612,137.030247479377,137.017994858612,128.502884204529,136.168349571417,136.303191489362,133.383010432191,135.449358059914,143.494897959184,140.625,149.159509618825,156.649616368286,150.558035714286,145.046286940539,144.545454545455,145.067698259188,146.723646723647,146.198830409357,144.134615384615,151.686340640809,151.676829268293,152.042282430213,160.19003095137,180.610236220472,171.071299914096,171.12810707457,175.805505268067,175.805505268067,171.014492753623,169.300225733634,173.845127429032,178.842105263158,186.667563109581,195.417789757412,185.914634146341,201.527365294866,191.042068386888,214.94319078169,224.801587301587,195.417789757412,194.130127298444,203.334970254081,187.5,184.562116422275,182.314354896382,180.70351758794,180,187.913581200026,202.193283070596,221.590909090909,202.362464320108,206.837124883258,204.552090891394,203.319057815846,205.705061983471,202.576523909616,210.418094585332,210.209047292666,215.373563218391,200.482600732601,210.36398467433,223.364485981308,230.843786153739,224.358974358974,217.948717948718,214.55579433947,223.543123543124,228.846153846154,251.072047573512,254.437999675886,259.197324414716,278.014842300557,263.386396526773,254.969749351772,255.325783766795,252.336448598131,243.615591397849,245.833333333333,243.761823546133,251.785714285714,250.301781551782
"Grant","WA","Moses Lake","53","025",494,151.685393258427,154.378410914928,130.813953488372,127.97417265859,130.825255376965,130.708050436469,131.073446327684,131.657898600126,127.070063694268,124.182866803088,121.543778801843,118.660714285714,114.133850020947,115.026564344746,117.34693877551,118.009040612748,119.52021163597,114.763552479815,118.241447649934,117.866004962779,119.823232323232,112.282309807516,118.585085549371,109.634146341463,111.523279352227,109.452736318408,107.704160246533,115.207373271889,125,125,128.146453089245,126.129827444536,124.177700714586,119.113756613757,113.208731424665,105.737179487179,105.287569573284,117.165242165242,125,117.146596858639,117.165242165242,118.872549019608,118.276515151515,116.906631762653,118.018895592425,118.872549019608,112.167300380228,112.781954887218,107.411385606874,107.061790668348,107.411385606874,109.107905982906,111.038738627792,109.953703703704,112.393750394247,113.673438724149,117.609670438444,122.601279317697,119.510104977505,123.504273504273,120.606368563686,122.217253031207,119.530416221985,127.659574468085,124.689054726368,126.153675318075,129.861111111111,133.669637691443,131.889763779528,126.015073866692,123.344632004532,118.072289156627,115.451388888889,109.270833333333,118.75,125.810635538262,140.041493775934,142.293847034909,144.951923076923,147.196209587514,139.932126696833,133.751437883436,139.201357466063,143.292682926829,147.435897435897,145.366367209433,139.235517355174,142.935403963415,141.990419966063,146.604938271605,142.506167763158,140.714672441798,138.888888888889
"Grafton","NH","Claremont","33","009",495,131.875,136.62109375,132.978723404255,131.783604278488,127.894736842105,130.372776679842,130.397727272727,125.995808337179,127.371361622845,125.358052065369,125.604418939643,122.882513661202,126.773435311455,126.818181818182,126.627604166667,137.064071370641,130.032815510597,129.251700680272,131.023720349563,131.011860174782,128.011139921252,130.720853858785,133.238095238095,133.238095238095,127.425155614654,125.273746642659,127.491613886934,128.119658119658,128.211472898919,128.351893608209,126.429240862231,127.811748367462,128.47619047619,127.902621722846,126.490764221965,127.272727272727,122.330711036851,118.952380952381,118.952380952381,119.172932330827,126.518732370221,126.072329688814,123.714285714286,123.90873015873,121.923749215884,120.951585976628,120.951585976628,117.387218045113,121.107932123125,127.586206896552,128.898128898129,125.655721090504,127.010349374389,129.452054794521,129.824581796232,129.166666666667,127.899401920802,123.291114428899,122.636363636364,120.958904109589,120.591581342435,118.421052631579,120.588235294118,122.466228173667,121.875629385559,122.020298599706,121.681415929204,122.184073353859,120.643696265072,120.15503875969,122.467320261438,120.250626566416,117.035217035217,118.421052631579,123.779637377964,125,127.934272300469,129.725684066684,130.47619047619,128.135828135828,129.918337045286,127.38046024528,127.642276422764,123.098859315589,125.294985250737,127.642276422764,130.784708249497,133.300297324083,135.701275045537,134.797297297297,133.736559139785,132.354634427173,128.053585500394
"Matanuska Susitna","AK","Anchorage","02","170",496,144.68085106383,144.68085106383,145.288753799392,145.763888888889,145.847060723514,146.576227390181,147.651515151515,149.018595041322,151.041666666667,152.947719688543,151.93224862259,147.222222222222,148.148148148148,143.629807692308,145.952380952381,146.72131147541,141.666666666667,141.414141414141,137.637698898409,139.439906651109,136.717325227964,137.971014492754,136.747720364742,136.77811550152,133.397023330652,136.909026427346,135.183336458804,135.608308605341,137.470308788599,137.470308788599,138.888888888889,135.608308605341,135.416666666667,137.388724035608,137.388724035608,137.388724035608,137.388724035608,136.025408348457,137.388724035608,137.388724035608,137.388724035608,137.388724035608,138.490566037736,137.388724035608,137.388724035608,135.816858476899,131.009615384615,123.4375,123.4375,123.4375,129.537037037037,131.940569196429,136.363636363636,140.997023809524,137.987012987013,134.008487654321,133.541073124406,136.036116574289,133.814102564103,137.5,141.666666666667,130.753138075314,134.315424610052,133.426966292135,139.324191968658,139.673913043478,139.246678743961,135.347222222222,149.399399399399,148.148148148148,128.787878787879,137.405303030303,137.264007308161,134.197984749455,143.75,146.604938271605,148.629377531662,153.68986863821,154.777927321669,157.027714932127,151.979813664596,149.377083333333,156.145833333333,156.145833333333,156.197916666667,156.145833333333,147.435897435897,143.75,150,150.898553201185,150.892857142857,156.145833333333,151.515151515152
"Indiana","PA","Indiana","42","063",497,,,,,,,,,,,,,,,,,,,,,,,,,,,,,,,,,,,,,,,,,,,,,,,,,,,,,,,,,,,,,,,,78.1637717121588,80.4577205882353,89.8825654923216,77.1926452687552,77.422480620155,76.0687901676274,77.422480620155,73.6111111111111,77.422480620155,83.4558997602476,79.8498650472335,80.9716599190283,80.9716599190283,85.2827577421073,84.4059428181214,80.8088235294118,86.9477911646586,82.8373015873016,81.6757493188011,77.422480620155,80.8088235294118,80.8704453441295,80.8704453441295,80.6031470853924,81.6964285714286,83.9129072681704,84.2336443803701,85.2439024390244,84.7222222222222,84.4988447681704
"Chemung","NY","Elmira","36","015",498,55.7142857142857,54.6753246753247,55.7142857142857,59.2592592592593,67.7432545056777,67.5274130717068,75.3655793025872,76.7543859649123,75.4884547069272,70.748987854251,69.6544709781869,67.1929046805902,68.095450202701,72.5081699346405,64.1449541773231,60.3479853479854,63.0417475245061,64.4348894348894,66.8526785714286,69.1964285714286,76.8948976182521,75.609756097561,71.6334661354582,71.0659898477157,77.4107949412827,71.5034614627908,67.156498015873,70.4656862745098,67.4603174603175,67.4603174603175,61.7529880478088,63.3630089078154,64.1816623821765,62.2838166783666,60.0563909774436,60.9046895126262,64.1816623821765,62.2020574534161,67.6041666666667,69.6969696969697,67.9925994449584,67.5322420634921,71.1761271025525,67.9925994449584,65.5511811023622,66.1931818181818,61.3067496229261,70.3030303030303,65.7894736842105,69.3369708994709,69.3691211052322,73.0769230769231,77.3809523809524,76.6470914406694,74.5481927710843,73.2006283945939,71.9300278035218,70.7831325301205,65.695067264574,64.7595052006817,64.7595052006817,70.0313228438228,71.3492063492064,68.3709869203329,68.4523809523809,68.287037037037,69.4510286225402,66.5333333333333,69.3287037037037,71.6145833333333,69.7674418604651,69.3287037037037,63.519602378298,65.1930789798437,62.1203819365584,65.8914728682171,65.8955272290876,65.8955272290876,69.3055555555556,66.4319336521219,67.2321428571429,67.5337837837838,69.2874531835206,67.5196335078534,66.4893617021277,64.7559360730594,64.6118721461187,67.8442028985507,68.063070612271,69.2116278263282,74.2398812998638,73.9928909952607,73.8020010531859
"Crawford","PA","Meadville","42","039",499,78.7799204496864,77.9805342889721,75.3342853896959,76.4285714285714,75.4108483576532,76.1352657004831,74.6864310148233,74.0619655074116,72.1576882918001,73.4375,71.3265306122449,69.8917248970198,70.7715157449756,73.4375,73.594695537065,73.9917695473251,73.9917695473251,73.4731677592873,72.8014905149051,73.8718303107276,73.7518910741301,71.125,69.9808184143222,70.1086956521739,70.1086956521739,73.7518910741301,70.6707504388531,75.6449165402124,78.5095246829473,78.6945812807882,79.4117647058823,71.9951923076923,77.8405942118227,79.6898567119155,78.6945812807882,78.3227848101266,79.4117647058823,77.6546959764919,76.9866071428571,71.9951923076923,76.0408320885388,81.5070022649695,81.8452380952381,78.3227848101266,79.6582138919515,74.7170807453416,67.4267341478191,70.7969303423849,75.1102564102564,74.9,76.8216488153197,74.9,70.1310861423221,72.4526917900404,70.48545041073,68.7327586206897,74.1756393001346,74.7916666666667,79.6322964669739,81.8452380952381,83.1944444444444,82.5198412698413,79.6322964669739,74.0909090909091,71.6276477146042,69.9236641221374,67.4828178694158,68.298969072165,66.5833333333333,68.298969072165,66.0013782866836,74.0909090909091,81.8452380952381,78.3112582781457,77.9889624724062,75.0498511904762,81.043956043956,72.5757411581137,72.0053835800808,66.0013782866836,61.8055555555556,59.9415204678363,59.9415204678363,60.7638888888889,62.2803287981859,65.1315789473684,62.7551020408163,72.9314552309006,85.5511675824176,85.8722358722359,84.6037581699347,83.8888888888889,80.2678571428571
"Sherburne","MN","Minneapolis-St Paul","27","141",500,,,,,,,,,,,,,,,,,,,,,,,,,,,,,,,,,,,,,,,,,,,,,,,155.446128630256,140.623731185203,154.329320337225,161.442721491062,153.454894433781,153.683241252302,161.574400632131,160.149572649573,161.704422869471,159.614227703414,160.25267249757,161.649513058876,162.709879406308,163.982776617954,162.006704980843,160.176282051282,160.170558608059,158.658658658659,161.200716845878,158.658658658659,155.173507462687,158.910320257432,161.893960450905,159.302205758498,162.510530749789,163.951637163022,163.562189054726,172.543617998163,175.094696969697,178.43112244898,183.89662027833,191.496169445696,189.357199039576,186.808386721025,183.239087301587,185.74932012432,181.925737266579,171.584252672615,181.430017741438,188.99660688318,195.461658841941,194.826121300863,194.172062904718,197.934373016948,189.720442632499,195.165106951872,193.373303875563
"Moore","NC","Pinehurst-Southern Pines","37","125",501,126.838966202783,126.722817764165,126.722817764165,126.722817764165,126.752966558792,125.067024128686,125.067024128686,125.612531137913,126.492537313433,126.440427955652,120.208477176832,125.600961538462,126.161889651313,126.953436023728,126.939973823045,129.210416418089,130.553317650092,127.469725940089,125.754213483146,121.673003802281,121.673003802281,124.451374572245,125.736879942487,121.951219512195,120.524457892083,116.990291262136,121.630295250321,116.990291262136,114.579398349548,114.265179677819,113.833333333333,113.871635610766,113.366033108522,113.341512565197,113.727011494253,113.235190726116,109.014694632723,108.679795769511,105.244252873563,105.244252873563,107.994894256687,112.589559877175,113.38258983891,110.41031253364,112.493239588967,108.978044777422,111.675126903553,109.022629752538,105.387737132794,107.995678011885,109.073604060914,114.82254697286,114.040465971796,111.768097373479,109.289617486339,113.282985339849,111.971763929918,107.769784172662,107.769784172662,107.769784172662,115.339869281046,110.502350309217,111.34307585247,116.199880194062,116.765239671186,117.491749174917,120.158910329171,119.734513274336,118.134397054311,118.876700997476,115.927601809955,113.794135459065,115.065971156797,117.035875888817,117.588235294118,120.327700972862,116.735345597014,118.983234180638,117.592027054724,118.352788586252,118.125,118.711526215241,117.872117400419,119.25786640436,121.857923497268,123.172103487064,122.583962683252,124.769337609515,124.086137395483,122.511485451761,121.087670872766,122.468978019998,122.426470588235
"Grand Traverse","MI","Traverse City","26","055",502,,,,,,,,,,,,,,,,,,,,,,,,,,,,,,,,,,,,,,,,,,,,,,,,,,,,,,,,,,,,,,,,,,,,,,,,,,,,199.878493317132,190.611907899984,191.855867596911,192.273891327862,192.468448494299,196.751968503937,206.491803278689,206.491803278689,206.491803278689,207.362965131408,202.592305037957,206.491803278689,222.148148148148,229.614787581699,228.104575163399,223.726625936914,206.651074053137,206.491803278689
"Wood","WV","Parkersburg","54","107",503,63.9593908629442,66.1719263158927,63.8569604086846,63.1313131313131,62.8571428571429,61.0222914343226,61.5457115928369,66.6790214974055,63.3249391297518,65.1041666666667,63.2222222222222,64.1631944444444,63.8020833333333,60.5670103092784,61.4775725593668,54.3976151315789,51.953125,58.531746031746,59.979560677699,59.7739361702128,57.3979591836735,58.7121212121212,62.4176909569798,58.096189164371,59.8544973544974,56.8301435406699,60.1851851851852,60.2716468590832,62.5,61.5953947368421,63.168449197861,68.445805566894,70.254110612855,68.0465022511928,64.4153225806452,63.9957264957265,65.6105100463678,65.4475982532751,66.0830328009617,68.3558822217763,70.254110612855,73.6172955237872,74.2559523809524,73.4885620915033,73.3333333333333,74.1139959273183,67.4088455606962,67.1768707482993,67.4019607843137,74.2559523809524,72.3297308319739,70.9787735849057,68.7563131313131,66.2629757785467,67.1486029796754,68.0681818181818,69.4444444444444,72.7130977130977,74.2559523809524,71.0787710787711,69.8386917136917,66.5787337662338,68.0555555555556,69.8748043818466,67.3783465471676,71.5102974828375,73.3220305367267,74.5435393258427,73.0744033220448,76.1467889908257,71.2699862000048,70.6309352240266,72.3799588776004,77.4410774410774,79.6666484211159,75.5673222390318,73.5294117647059,74.9444444444444,76.2829031433683,76.0144927536232,74.4391025641026,74.1854375782947,74.1854375782947,72.7739726027397,73.9013933547696,74.1187384044527,72.5606197418843,73.6177606177606,72.4459548690859,71.8817175473915,71.229395844663,72.2952477249747,73.051116402492
"Rogers","OK","Tulsa","40","131",504,70.9629852207977,75.4807692307692,78.8576300085251,78.8576300085251,81.6649642492339,81.5602836879433,81.6346153846154,83.4578602090978,80.3410947712418,78.7185871761245,75.7575757575758,72.9357798165138,74.9903459993821,73.5912531539109,74.4266055045872,69.1685912240185,68.0106348977235,69.3287037037037,72.1899224806202,74.8271889400922,74.8271889400922,74.8271889400922,74.5415706605223,71.969696969697,73.1967683584374,72.8508771929825,76.525073070715,66.3376436781609,65.2716861598441,70.3125,73.1687675070028,64.8026315789474,63.9861372180451,66.5531806156806,78.1191784248111,81.8647540983606,76.6406920668585,76.6045548654244,79.656862745098,81.7805383022774,81.7805383022774,86.0907278912584,84.811320754717,87.3701350277998,89.051565056927,89.1964285714286,84.3307249768417,88.1655869944194,88.961038961039,87.4854707397064,85.0852272727273,86.2276811502635,89.1692598621218,84.9483467413261,85.2272727272727,88.276320311605,91.399171674401,80.112269446672,85.2272727272727,77.5862068965517,76.0512820512821,76.3574660633484,74.5156482861401,69.683257918552,74.9558762458472,84.4490173626864,86.72968522389,84.7765109212269,77.2478322149707,81.5060230343577,77.4569672325381,72.5867269984917,74.1568439456319,75.6306760847629,73.1107233253156,72.9613733905579,73.1420641214456,73.7179487179487,75.5148741418764,76.844262295082,76.844262295082,78.7353801169591,78.6111111111111,77.2639390571455,81.9054146675805,76.0291607815442,78.6313657407407,74.0283775447255,75.5706354102406,75.9363444609855,82.205971968312,90.3573931792877,79.5194508009153
"Muskingum","OH","Zanesville","39","119",505,,,,,,,,,,,,,,,,,,,,,,,,,,,,,,,,,,,,,,,,,,,,,,,,,,,,,,,,,,,,,,,,,,,,,,,,,,,85.6034020723802,86.355610390378,86.0991379310345,80.2197802197802,85.0072115384615,79.851598173516,75.1271382339343,74.5335820895522,73.9928909952607,69.9626865671642,66.0330578512397,63.974358974359,66.7194700460829,67.0698924731183,67.0698924731183,73.8454038309637,74.6188853907737,73.9928909952607,72.9276755344995
"Suffolk City","VA","Virginia Beach","51","800",506,,,,,,,,,,,,,,,,,,,,,,,,93.5064935064935,103.666146645866,94.6736807496301,93.3541239462292,105.502239283429,108.291666666667,108.291666666667,107.149371069182,105.817157377564,100.507885051726,106.132075471698,102.659139938454,108.291666666667,107.982040229885,108.461690110827,109.168177452599,110.186715579564,106.79012345679,110.132158590308,114.79093265081,114.423076923077,113.474640423921,109.519230769231,108.872175268237,108.872175268237,117.335352006056,121.006389776358,121.052631578947,121.428871700017,123.339804339053,121.006389776358,120.919861554846,117.904451289023,117.105313842183,112.793338380015,110.900832702498,107.851596203624,108.605385152979,116.35602178381,104.637247569185,112.147886128439,109.686505163162,105.884647380248,105.884647380248,113.234253361642,112.036336109008,108.377763719002,113.32127787824,108.77808988764,112.79926335175,112.79926335175,112.79926335175,109.66419052152,107.141666666667,108.451757666417,121.48383700107,121.044663133989,109.513492063492,103.991391798529,100.359091153391,109.196487867178,106.007067137809,105.304212168487,104.320987654321,103.305785123967,98.5228605157575,94.333936106088,87.5973261872779,91.5560906319291,92.2585227272727
"Saint Croix","WI","Minneapolis-St Paul","55","109",507,,,,,,,,,,,,,,,,,,,,,,,,,,,,,,,,,,,,,,,,,,,,,,,,,,,,,,,,,,,,,,,,,,,,,,,,,,,145.726366656599,142.213438735178,145.348837209302,150.362116991643,154.395609805326,153.220738413197,148.276033386328,145.152532499387,168.300653594771,177.777777777778,175.943000838223,171.056547619048,175.614777538045,179.083333333333,178.095437672135,182.802117051754,184.564021995287,184.46477021388,183.983590366034
"Newport","RI","Providence","44","005",508,261.61021610788,257.910944652518,255.128205128205,256.941669283247,257.189421242315,257.910944652518,258.627538829152,252.50265517464,259.859428320967,253.948970037453,254.579792256846,247.777777777778,249.772933696639,244.868301544051,243.806565424145,248.484848484848,241.99604743083,240.080160320641,239.675516224189,242.361111111111,242.290748898678,237.513873473918,222.212580348944,221.806408797876,219.569288389513,220.154185022026,224.389027431421,222.111111111111,225.609756097561,225.215517241379,232.064128256513,231.043710972346,224.342452498241,224.048096192385,224.048096192385,228.557504873294,225.151877014399,233.045622688039,234.239043494084,230.472516875603,242.069171031244,253.887271884945,249.857954545455,254.628658556262,244.545454545455,248.376623376623,244.111075969898,231.880137675985,240.624469860727,245.50409828731,254.385964912281,254.385964912281,259.492899822892,254.385964912281,257.165270044288,254.011164274322,263.024732620321,251.016054569976,243.762288264417,238.739965568126,229.737668336987,236.159229175383,234.738527214514,240.625,241.841491841492,247.554260803091,245.974955277281,247.967479674797,251.041666666667,250,251.813880928992,252.303101772441,247.204968944099,250.476493011436,252.660539640368,252.604686979687,271.952140545406,273.431656618082,280.593160142539,275.732332620752,272.660244713026,269.453376205788,264.162561576355,263.621794871795,268.563206063206,264.285714285714,277.093596059113,277.776666666667,278.606965174129,288.658658044095,277.43513136289,277.093596059113,274.336283185841
"Howard","IN","Kokomo","18","067",509,,,,,,,,,,,,,,,,,,,,,,,,,,,,,,,,,,,,,,,,,,,,46.1255539727762,45.1854848833845,46.1805555555556,45.9652777777778,45.6018518518518,46.992269650368,47.954822954823,49.234693877551,55.0520833333333,53.436470710861,53.8194444444444,55.2924679487179,49.8058712121212,49.7159090909091,48.3997584541063,50.8146367521367,53.9720695970696,54.3852306547619,49.7394738685722,48.921783625731,49.6926229508197,50.2873563218391,51.2552950628104,49.2324561403509,51.9438244047619,50.3787878787879,50.5908742750848,48.2068965517241,47.0909979747189,44.7943479193479,44.5436507936508,42.875156641604,41.817999005499,42.1917803383321,45.2565816536405,46.1497155049787,54.3478260869565,53.6062378167641,53.6062378167641,53.0413832199546,49.3273492907801,48.7912717617799,50.6448839208942,50.6260856851435,53.5596691294571,55.7727832512315,55.3019938730624,51.953125,50.8419689119171,50
"Josephine","OR","Grants Pass","41","033",510,136.270491803279,136.22668579627,135.98482884191,133.197278911565,128.508849268548,126.884422110553,128.681347856063,127.88437950938,119.553072625698,112.573183145565,116.941961867308,98.6213161888028,94.8979591836735,96.0847698328556,104.736024844721,97.9940564635958,99.2986202565603,103.430353430353,102.043269230769,102.043269230769,102.647593185903,102.611940298507,102.040816326531,99.2205710955711,100.231481481481,100.314712824548,99.009324009324,95.1700680272109,101.704545454545,99.156746031746,98.0319653693854,100.115074798619,99.1751556967628,98.9572916666667,100.910470409712,108.656832298137,113.070539419087,114.836477987421,131.795493558655,134.016464460085,134.393538135593,135.325422932331,134.393538135593,133.220338983051,133.208530147263,133.823476456107,133.220338983051,130.424669489142,129.340277777778,128.090659340659,130.670835221946,127.510503341174,129.553970251457,131.103583916084,138.017476218072,140,138.802083333333,140.223192624939,137.694815722539,131.96103079824,130.813953488372,132.08269525268,136.399064692128,141.03819784525,148.413377908241,151.515151515152,148.689516129032,148.689516129032,148.749519969278,149.088541666667,149.088541666667,149.088541666667,149.082290757444,144.46916719644,149.916666666667,149.355057705363,155.770850884583,164.698736637512,165.11175898931,165.11175898931,163.914027149321,160.096153846154,165.793934068529,169.977553310887,168.381127274047,165.488215488216,170.855301987016,177.378922583526,186.977218633118,183.531746031746,193.914843305837,194.672131147541,191.827748887217
"Clinton","NY","Plattsburgh","36","019",511,98.502994011976,98.502994011976,107.942973523422,105.686090225564,95.8806818181818,103.683492496589,104.971988795518,103.683492496589,102.345679012346,104.654124658236,106.841604190592,95.8806818181818,95.9638451825952,96.0470085470085,95.8806818181818,106.841604190592,107.99711815562,109.179420006192,104.444444444444,101.383398051217,103.407926039108,114.04741000878,109.326581639302,114.04741000878,115.456989247312,115.186970310512,114.479166666667,113.425925925926,102.671389573584,101.275318829707,96.9911427813939,95.4153419584853,109.38232994527,109.876851851852,109.649122807018,109.515726376144,100.086571906149,98.536036036036,98.1877990430622,97.3503707056339,95.9183673469388,102.472351684569,99.0277375742819,98.5625805115937,94.9074074074074,99.8510660535117,98.6430921052632,94.4223680187416,98.6430921052632,100.54347826087,98.286687664832,102.800535475234,105.641025641026,111.018518518519,111.018518518519,113.548951048951,111.133077194124,107.369283015835,100.806451612903,96.3149078726968,109.055501460565,109.953703703704,110.166898721226,112.205594113489,110.009910802775,106.765749778172,101.530612244898,105.844217450429,100.970873786408,102.589285714286,105.042735042735,102.203733766234,101.818181818182,102.203733766234,104.305283757339,114.544850089957,114.583333333333,115.337423312883,111.793611793612,109.95085995086,108.796296296296,108.611283216302,117.563025210084,118.65671641791,117.563025210084,117.563025210084,118.512031678343,115.210442194992,109.372823058168,110.163362213559,112.056074766355,112.099465954606,110.169185118691
"Cascade","MT","Great Falls","30","013",512,,,,,,,,,,,,,,,,,,,,,,,,,,,,,,,,119.735488240906,118.879310344828,111.361471114834,121.65991902834,117.304052765753,109.411297013274,103.476331360947,105.389242256637,101.626385829606,105.46875,107.39140592875,107.087912087912,111.20826709062,106.805555555556,104.166666666667,109.78021978022,107.048383271405,117.796610169492,127.67094017094,120.963541666667,124.288766788767,119.391025641026,125.974209147693,134.259259259259,131.54891983017,125.646551724138,119.062809451573,119.391025641026,119.092455193428,121.970357454228,122.054597701149,119.905006084635,119.293218720153,123.249048480689,119.976063829787,124.770309477756,131.427556818182,122.596153846154,127.512626262626,124.506257631258,120.123626373626,129.114495205866,129.347589679138,126.518218623482,127.13141025641,119.147108843537,115.783392963626,127.017481777951,123.022847100176,116.952678107124,118.012422360248,111.689573146557,111.67701863354,121.175373134328,117.256100958324,116.809672386895,117.78417266187,120.246777476255,126.592653508772,129.4825313118,137.254901960784,141.796875
"Burleigh","ND","Bismarck","38","015",513,,,,,,,,,,,,,,,,,,,,,,,,,,,,,,,,,,,,,,,,,,,,,,,,,,,,,176.58156244211,175.329428989751,164.145234493192,182.07424996231,176.836928520185,172.862453531599,172.862453531599,183.649289099526,180.076419213974,173.47793196995,184.912319328602,194.363103953148,194.363103953148,195.493197278912,185.518454154254,194.200686760778,190.865476552302,194.200686760778,189.297475301866,192.919296939186,195.2408477842,194.69696969697,197.175389988184,193.166789125643,196.720061022121,186.65496909297,189.008680308624,196.720061022121,185.597236097236,196.720061022121,186.819672131148,187.314019526475,186.026044806829,181.863127663577,181.641604010025,181.641604010025,176.203389830508,175.431034482759,181.485992691839,182.611846781132,189.873417721519
"Wilson","NC","Wilson","37","195",514,,,,,,,,,,,,,,,,,,,,,,,,,,,,,,,,,,,,,,,,,,,,,,,,,,,,,,,,,,,,,,,,,,,,,,,,,,,,,64.0842118403806,61.8119266055046,62.1924801979186,61.3157894736842,58.6048778135934,61.3157894736842,62.337464238406,61.4649681528662,59.185242121445,59.3400958081973,59.6702546702547,61.8724518752321,59.6702546702547,61.9561730088311,59.5838901102059,58.2437275985663,56.8445512820513
"Cattaraugus","NY","Olean","36","009",515,,,,,,,,,,,,,,,,,,,,,,,,,,,,,,,,,,,,,,,,,,,,,,,,,,,,,,,,,,,,,,,,,,,,,,,,,,,,,,84.9597135183527,76.8531468531469,82.810205908684,82.810205908684,82.810205908684,82.810205908684,86.0287081339713,88.7222222222222,85.8848821081831,90.2777777777778,82.1491505733896,81.3660571884256,88.7080867850099,88.6302596239928,88.6302596239928,87.037037037037
"Cayuga","NY","Auburn","36","011",516,,,,,,,,,,,,,,,,,,,,,,,,,,,,,,,,,,,,,,,,,,,,,,,,,,,,,,,,,,,,,,109.246575342466,111.868686868687,109.337092385038,109.337092385038,106.859205776173,105.235042735043,100.854037267081,104.276315789474,100.925925925926,103.801799758016,99.4402985074627,99.0543061555588,97.3790322580645,92.1928090978434,95.0011618450099,98.3410493827161,99.9142367066895,100.604229607251,99.1734192937836,98.9012557077626,93.956043956044,88.1134969325153,80.9027777777778,94.9025487256372,87.1913580246914,92.0617816091954,87.1913580246914,89.217032967033,96.4611013986014,96.8484848484848,97.1798780487805,108.150470219436
"Glynn","GA","Brunswick","13","127",517,156.856092436975,153.51506456241,153.51506456241,158.25,160.824742268041,158.262931034483,150,130.965517241379,146.701388888889,151.034482758621,154.046242774566,150,154.046242774566,150,149.305555555556,150,152.199661590525,162.273161413563,159.313725490196,152.199661590525,152.573529411765,156.25,156.25,158.19942972157,152.429621848739,160.099796037296,165.833333333333,159.804605722261,150.668284503215,157.727272727273,156.958928571429,162.658333333333,165.9,165.9,174.916666666667,168.169582772544,165.9,166.574074074074,168.328584995252,166.285453981546,155.974367057513,156.158088235294,155.444444444444,147.559580699897,166.083984375,160.060975609756,150.966183574879,161.924264007597,155.675223214286,158.547008547009,161.003236245955,161.271028681743,166.07460035524,161.271028681743,161.003236245955,161.89867336185,161.595316639176,166.033251594624,161.635338345865,161.635338345865,160.813714672502,161.224489795918,160.845588235294,170.329309070871,160.194174757282,177.269453224107,185.735216824134,185.881542699725,180.904761904762,185.390857910771,183.308890259543,170.184265410996,160.890151515152,169.073916737468,193.721728988769,199.574468085106,190.961967743736,187.246963562753,177.978764905728,175.35153019024,169.944852941176,170.359848484848,163.380514705882,167.883158815102,187.375,179.902755267423,172.574626865672,182.506887052342,191.868686868687,197.379876109158,172.574626865672,168.515358361775,177.136008034736
"Scioto","OH","Portsmouth","39","145",518,,,,,,,,,,,,,,,62.992125984252,62.1468926553672,64.5687645687646,64.3939393939394,65.9722222222222,67.5800800800801,69.0040650406504,67.5675675675676,63.9957264957265,60.2110694183865,54.5572916666667,60.2223377223377,59.9811302745288,59.9022004889976,63.5775862068966,60.1020408163265,66.5073529411765,59.9022004889976,64.642094017094,63.9957264957265,69.3378760116048,63.9850427350427,64.6515376984127,64.2857142857143,65.0173611111111,71.3392857142857,71.6256496253324,71.912013536379,73.7859987745098,71.3359273670558,70.3619297369297,69.3397490129724,68.8473952177471,68.0293501048218,67.2514619883041,66.4540399084069,68.5294117647059,70.6035572859472,72.3557692307692,76.66015625,72.8009259259259,70.3993055555556,70.3125,68.4890545685279,66.2414131501472,65.8717982781304,66.6666666666667,66.2414131501472,65.926136439327,66.6501183397795,68.8802083333333,70.6849013389711,72.5,69.4670280036134,70.3277584818283,69.2884727675425,67.5,66.7004504504504,61.6141732283465,65.8333333333333,65.472027972028,66.5197977697978,69.4744976816074,71.4142184035477,69.3813131313131,63.8704318936877,63.8704318936877,63.4285714285714,63.3693972179289,63.4285714285714,63.6495016611296,63.6221804511278,64.7995180212718,62.3958333333333,73.3272328360955,72.9893585733002,70.7527372262774,70.2554744525548,67.2247360482655
"Raleigh","WV","Beckley","54","081",519,73.9814814814815,73.0106644790812,66.7976424361493,69.9041534576153,73.0106644790812,73.7689393939394,74.5589559837093,69.4444444444444,71.2275544617628,66.3865546218487,68.4301322599195,67.1834625322997,66.3865546218487,73,73,72.1690699626154,67.156862745098,71.3838462162217,72.5082304526749,74.6718941189966,75.0567523356686,80.8723331539681,77.5510204081633,72.0164609053498,75.0641211769261,79.9111111111111,78.7310657596372,75.1972386587771,75.0986193293886,75.5482456140351,71.969387465096,67.6283124038542,72.5,71.6147368891271,73.6904761904762,67.7799607072692,74.3452380952381,66.5540540540541,67.1557562076749,66.2736053361053,70.8955223880597,70.8955223880597,78.7337662337662,77.847291906312,80.7695666235446,80.75,76.6365446662634,81.5281899109792,80.5322128851541,80.3476281817075,73.6034376918355,76.6447368421053,70.2783431328207,71.2820512820513,73.3957219251337,80.5999090395064,77.6190476190476,74.4662772625574,71.5859030837004,72.3065785565786,69.4866828980375,69.6215139442231,69.2560945926903,70.9854460421611,71.5072372561359,78.1922525107604,78.1922525107604,79.0206482395525,77.3237179487179,77.3928827190067,75.0167448091092,74.2383461853122,72.0553350158613,71.1232868380504,66.9631973373189,70.6521739130435,73.5294117647059,74.2147058823529,70.2325581395349,75.1137554585153,71.3470319634703,71.3878016960209,71.3470319634703,69.7105094684845,66.2525879917184,68.3988620393134,70.5788715124659,75.4237288135593,75.4237288135593,77.24646833193,71.7813195646797,69.4444444444444,67.8260869565217
"Island","WA","Oak Harbor","53","029",520,202.267303102625,208.885091841094,209.569732937685,212.65810005913,212.284482758621,212.46408045977,211.032997419503,211.406096361849,210.659898477157,210.659898477157,201.445031673023,196.514388021125,201.25348189415,200.633404337723,201.5732546706,193.655149997182,193.570214548123,193.507588532884,189.971751412429,188.790754425159,183.76060572095,180.955387205387,171.772805507745,170.288275193798,169.791666666667,169.721469525605,172.498029944838,173.538394216481,179.52041477641,187.46071265418,192.910140148392,187.278106508876,164.152525651144,182.904411764706,179.279279279279,181.818181818182,173.117469879518,165.080126611514,176.899442199322,181.875393329138,188.080117244748,193.378899135336,198.404785643071,195.78745811393,204.65759569378,206.306306306306,199.777613046701,180.982883076043,178.998505231689,181.25,182.648128983507,190.203562340967,199.351944167498,201.628272372953,206.247212559094,201.424622975755,196.225845410628,192.251461988304,192.251461988304,178.682393120244,179.539295392954,177.370597247515,179.539295392954,187.481617647059,195.979899497487,206.052927927928,207.427536231884,204.464285714286,211.475409836066,209.655604492084,202.639364038209,206.928549334983,187.463235294118,196.31093544137,201.785714285714,218.143494342907,225.130890052356,229.75988700565,233.100189035917,242.160278745645,246.897270241318,241.009178514337,243.203297269935,242.456896551724,237.358715050565,233.048645551362,231.447704805989,245.297537619699,268.074912891986,268.489477944152,258.801588339332,260.384055875742,258.207070707071
"Frederick","VA","Winchester","51","069",521,124.903846153846,124.903846153846,118.948412698413,118.303571428571,112.416666666667,111.120263591433,109.354591836735,112.096774193548,110.459183673469,110.459183673469,105.764705882353,104.794912320313,104.027893133998,89.4632206759443,101.479289940828,101.202312564442,99.972191323693,96.8217054263566,98.0778170361719,89.8174080410607,90.7491504110658,92.0303605313093,85.1693271011553,85.8523509738343,89.6118357487923,86.3538147246012,92.4657534246575,91.7750174434023,94.363337628725,102.674387105513,101.376811594203,98.1756462387453,91.5254657973988,100.189789216511,105.84187083313,114.875793577619,110.25635640681,112.410714285714,112.410714285714,114.423076923077,119.072287968442,121.357142857143,120.454545454545,115.655375552283,114.9,112.825445094026,114.946360989811,114.733142389525,114.049197435397,111.61494560371,114.566284779051,122.087349685054,124.089811685176,127.395506261313,125.618159708148,128.113553113553,124.814099468856,127.850076103501,125.538387252535,125.730519480519,126.923076923077,127.865961199295,130.5353602115,129.970436717012,130.133181126332,129.447322970639,131.204156700732,129.306994818653,122.717391304348,131.274733637747,126.688311688312,125.538387252535,121.907327586207,131.957919882396,132.249173098126,133.534136546185,132.381241250583,155.247336377473,148.056244830438,138.762947615372,145.014880952381,148.998498498498,148.108108108108,148.108108108108,148.108108108108,153.329752953813,152.973145780051,154.798761609907,157.558711086838,163.481735620818,157.558711086838,146.651663938898,160.838331622936
"Sullivan","NY",,"36","105",522,127.590811965812,123.219178082192,128.044871794872,124.375,121.241075385297,120.659722222222,122.605363984674,123.4375,124.128605769231,118.949109995436,117.232549674546,114.795918367347,114.563106796117,114.229823977069,114.229823977069,113.478779669763,113.592233009709,118.158783783784,115.686274509804,113.545454545455,111.989831211954,108.605072463768,107.142857142857,105.690737833595,99.5975855130785,100.893997445722,101.962833914053,100.893997445722,96.3060686015831,96.7641454119027,98.7762630804447,98.7762630804447,96.211286727976,94.8904406585667,98.0011386540324,98.5208745059288,98.8309352517986,100,104.166666666667,103.527376654633,101.238738738739,102.651988564944,102.598566308244,100,96.2809917355372,96.2809917355372,100.066844919786,100,96.1538461538462,102.029914529915,109.200890960272,109.200890960272,114.812557710065,111.488651335489,110.077711640212,110.795421405658,110.37037037037,107.403958482593,107.403958482593,106.404730327144,106.404730327144,104.557975277694,106.113250888297,107.040229885057,108.974358974359,109.18840971565,112.474702380952,109.456217162872,109.013753607504,108.161258603736,105.542628443783,102.056962025316,99.3949793956044,100.041111227045,98.7226211849192,98.7912087912088,104.338235294118,107.956834532374,105.824111224389,104.492729540846,108.827586206897,107.02380952381,106.649930142313,98.7571883465463,98.3707781073946,98.856309408763,95.7438374900666,98.2142857142857,103.096330275229,109.210526315789,113.461538461538,109.837962962963,104.972375690608
"Kosciusko","IN","Warsaw","18","085",523,,,,,,,,,,,,,,,,,,,,,,,,,,,,,,,,,,,,,,,,,,,,,,,,,,,,,,,,,,,,,,,,,,,,,,,,,,,,129.747826537436,126.721014492754,124.55522971652,122.14113375218,122.259696458685,122.259696458685,122.259696458685,124.821428571429,120.544090056285,117.1875,128.676470588235,132.622452333991,130.619684082625,126.524390243902,129.472693032015,127.801724137931,128.637208584973,131.195335276968
"Twin Falls","ID","Twin Falls","16","083",524,87.2104378633721,86.1297539149888,83.3400522371111,82.8273690781398,83.2142857142857,81.2367659514399,83.0739325250395,81.9044105790743,79.4822783147433,78.8485272338325,77.6699029126214,76.5848569157393,73.7084870848709,70.4026845637584,70.4637096774194,70.3773986199074,70.3521126760563,70.4026845637584,70.4331971205889,70.5035939691445,72.8072837632777,71.1974110032362,72.083879423329,70.9600477042337,72.2420504899207,69.6392785571142,69.9300699300699,70.9076175040519,69.9300699300699,72.1189995252012,72.8072837632777,73.1742784686607,72.2984561110584,74.1904761904762,83.0844155844156,82.9545454545455,78.3783783783784,83.8465439791335,78.5483664043791,78.7183544303797,82.6089159067882,81.8896235169351,82.3108524166074,82.2447277907098,79.9767073842926,82.0130475302889,82.3634010885645,82.3634010885645,82.0130475302889,83.1997863247863,83.2051282051282,86.2068965517241,86.3431127315894,85.9311740890688,85.8300634305714,89.2578464712621,89.3736017897092,92.259643684927,89.2351274787535,90.6453869596573,89.7268810551752,91.5007656967841,89.2087453616832,88.3668903803132,86.8886331444759,86.8256957773513,87.375,87.8815911193339,89.846118156511,90.2208561020036,90.2208561020036,88.3856495280676,87.5811688311688,88.8508891928865,94.2452830188679,93.2797662527392,93.984962406015,95.1512669287899,99.4813550420168,101.836734693878,96.4678178963893,97.6282770705967,94.389733291332,95.6221198156682,95.1190476190476,99.4387755102041,96.3592344028076,104.951690821256,104.260492881155,104.068732193732,110.191102001447,110.971549636804,112.32476635514
"Cheshire","NH","Keene","33","005",525,132.016129032258,133.485397988815,134.260515603799,133.090253123261,133.401779603012,127.856474346795,133.401779603012,129.252873563218,125.595238095238,125.946526151444,125.835002225189,120.790683522575,120.69330767347,118.371212121212,122.340425531915,125.932952797823,128.294036061026,127.92,127.92,128.691639776137,125.019546520719,124.433039997353,124.910714285714,122.247706422018,114.715189873418,117.08984375,114.026162790698,115.091869647877,116.345244436553,119.160657116062,115.468549422336,115.470995265441,116.85986328125,121.123737373737,122.058823529412,122.876303299097,115.269795657727,113.924050632911,114.173563777994,116.355140186916,119.368600682594,116.367225265872,114.474813040241,115.037458776417,116.289592760181,113.163972286374,115.131305576332,105.930084745763,108.521303258145,111.569688768606,114.583333333333,115.695484211537,116.220570545323,116.960824260019,117.644296002505,114.640621259375,114.522727272727,113.370263655149,113.576555023923,113.463904752105,107.485616393008,109.101829154112,108.982346832814,116.861979166667,115.046908947264,113.017857142857,113.035714285714,112.852459016393,113.163972286374,110.037527668228,110.153256704981,107.142857142857,104.497354497354,105.215233540068,108.811475409836,115.869565217391,115.109670501072,118.969298245614,122.602115107482,124.024822695035,125.476480157797,130.15625,130.722681359045,125.549738219895,122.886500837632,123.211262747374,129.898403483309,129.898403483309,135.411020776874,135.658914728682,140.600014076577,139.817629179331,139.205113257828
"Erie","OH","Sandusky","39","043",526,106.767696174137,119.379261363636,114.583000380518,111.110445205479,113.545454545455,113.545454545455,119.011691336911,123.762376237624,125.445292620865,109.85892889418,101.369459073952,97.7280624536694,93.890977443609,96.671826625387,94.4765339048385,82.7060819301332,84.3041435748997,85.353101957793,81.5510204081633,86.0741255961844,84.5052083333333,79.3615272195835,84.8264963880289,94.1968040370059,94.9438202247191,96.7928655099202,100.842194145609,104.166666666667,109.126984126984,100.025568181818,106.783075889859,108.329794199359,107.170258816211,107.684007948758,108.181667869168,102.863326968765,103.348723085085,107.595438430041,106.083725644642,95.9158415841584,95.9468556461286,102.14486479135,101.328854883353,104.201434477371,110.859148550725,107.222673160173,110.041995830108,101.962403482553,103.289473684211,112.375,114.087301587302,107.751937984496,107.751937984496,101.627339300244,101.761191516011,101.3261626072,98.1921554445845,100.502263723826,101.810979060555,88.4615384615385,93.8725793798258,97.6745831015621,99.6963562753036,102.534701267351,107.260101010101,96.8560794044665,111.229082150101,110.140653357532,108.410752259436,117.746005046257,109.561403508772,97.0860035293025,93.6198593073593,102.23642172524,99.1071428571429,86.4955357142857,88.1696428571429,86.5740918148375,92.4195417755238,86.5340965965966,86.3783783783784,89.3929712460064,89.3929712460064,91.4416653720677,88.0251686544144,89.5731707317073,90.2825367828577,94.0451989813304,97.8073610023493,98.3796296296296,98.5095427059713,99.7023809523809,100.769459187827
"Bartholomew","IN","Columbus","18","005",527,,,,,,,,,,,,,,,,,,,,,,,78.0133928571429,73.4768907563025,73.4768907563025,66.1423841059603,71.3767226925122,73.8938053097345,72.952628968254,80.2552552552552,81.2326683447264,80.6122448979592,81.5712108013937,81.0422217074018,82.0610687022901,82.2916666666667,82.2916666666667,83.8414634146341,84.6774193548387,84.0056818181818,82.5771417619626,74.5454545454545,73.9256198347107,75.8636621754169,80.0839909934011,80.5555555555556,77.6305103629725,73.9644970414201,71.5789473684211,70.3665780056409,76.4457858563936,86.4724367110923,90.2549033408408,90.015015015015,90.7894736842105,96.1538461538462,98.8861386138614,88.8004529233275,85.894495412844,85.894495412844,93.1924504950495,94.5121527777778,92.5,87.2954014029618,86.9419642857143,90.8119658119658,89.1865079365079,86.8716931216931,83.9285714285714,85.4294217687075,83.9285714285714,84.6702317290553,86.660447761194,89.5585738539898,90.5345936588241,90.7789729354615,89.2456597222222,90.2610441767068,89.9363912231559,90.452792752321,88.7777777777778,95.7446808510638,91.6340485879886,91.980198019802,85.4576561163388,87.5470294249775,86.554965932914,86.6319444444444,87.1662831012913,91.6697371156956,96.8245425188375,95.34375,85.6389986824769
"Lancaster","SC","Charlotte","45","057",528,,,,,,,,,,,,,,,,,,,,,,,,,,,,,,,,,,,,,,,,,,,,,,,,,,,,,,,,,,,145.553316026646,138.741864555849,134.318946188341,150.904371894626,148.605921979165,161.019305019305,162.916989914663,161.019305019305,157.541642399534,151.263049582747,150.053340517241,151.686029007706,159.28047370942,151.686029007706,162.738944371487,171.637646523273,173.409243134628,162.738944371487,166.713363712442,168.504856510825,173.409243134628,169.436994978957,169.176705731047,170.028115906941,164.393395549174,168.628858578607,170.345881648231,163.229118058796,173.084025854109,165.939753092191,161.383333333333,163.556593338228,164.719999773294,169.170444127467,172.636273309696
"Rockingham","VA","Harrisonburg","51","165",529,133.137159875934,132.890173410405,132.652713823846,131.361533985258,130.489212586535,130.489212586535,130.670611439842,131.585305719921,128.013468013468,128.712121212121,124.437238734499,123.663101604278,120.99609375,117.760942760943,116.684017941454,115.301838822208,115.301838822208,118.711703588686,116.784702549575,116.784702549575,117.512754318028,115.13671875,115.13671875,115.13671875,119.140625,115.13671875,114.583333333333,115.13671875,115.13671875,115.13671875,126.85546875,126.85546875,126.85546875,126.85546875,126.85546875,121.670524691358,126.85546875,126.85546875,117.779960707269,118.626062322946,121.167173766058,126.169590643275,126.731827942251,114.051094890511,109.824918891607,113.170099160946,114.340198321892,110.602593440122,111.301296720061,110.602593440122,114.603481624758,119.266055045872,116.170565642458,114.878556454837,120.769230769231,115.153631284916,114.603481624758,110.635260528194,114.603481624758,117.615384615385,119.065194174578,132.317073170732,134.390009606148,134.655322263391,130.833333333333,132.952182952183,127.261904761905,133.477425552354,133.684525584059,130.682607165616,134.527847525072,134.920634920635,135.273195534797,137.068965517241,144.695415550507,134.227558839628,144.155844155844,145.23498694517,137.085137085137,146.022727272727,150.991501416431,147.068951176911,131.313131313131,143.181818181818,146.022727272727,142.106841023298,137.907358575053,136.80259736849,136.80259736849,137.905844155844,135.981432360743,135.981432360743,132.273144883223
"Van Buren","MI","Kalamazoo","26","159",530,,,,,,,,,,,,,,,,,,,,,,,,,,,,,,,,,,,,,,,,,,,,,,,,,,,,,,155.942857142857,156.442502951594,157.96178343949,157.96178343949,182.450043440487,173.912878787879,153.621466768526,152.280891719745,157.96178343949,178.418803418803,189.78102189781,184.435549487678,182.47371606517,182.947454249583,172.636363636364,157.96178343949,149.57264957265,149.574534161491,157.96178343949,176.782570422535,181.938690969345,170.858378210439,166.693605483166,175.501672240803,174.142857142857,174.142857142857,159.530516431925,151.466907675195,161.55758077879,161.55758077879,166.304347826087,148.915989159892,148.915989159892,148.915989159892,157.96178343949,157.536280941302,157.536280941302,159.127195316658,157.96178343949,156.25
"Leavenworth","KS","Kansas City","20","103",531,84.7410707755878,78.9494470774092,85.4619565217391,89.2857142857143,90.7997119949537,87.1710526315789,87.1710526315789,86.5367965367965,84.9541397148002,85.9993765292678,85.4619565217391,84.3185286935287,86.2303832424059,85.0042517006803,74.239267959155,72.721997058929,76.3919020601853,78.2291666666667,85.812356979405,82.3142050799624,78.9070159313725,78.3333333333333,75.9782608695652,68.5413005272408,75.2757254524039,65.625,74.0908151246364,73.2020547945205,66.8079597048808,67.9909194097616,71.1021505376344,66.5900735294118,71.6887417218543,72.1847930702599,75.3047272470322,74.3534482758621,73.7171435371271,73.7171435371271,74.9252447194656,78.536741036741,72.8476821192053,80.6451612903226,79.5918367346939,77.7835416022295,78.13383600377,70.8502146544822,64.0868757454956,63.8857569915424,62,69.4444444444444,70.8288433908046,68.7394336432798,70.1528838066895,70.3755769423726,67.6233296877474,67.7982541222114,77.3438637389563,77.7738774231356,76.8608414239482,76.8767929517217,77.9947916666667,80.2557817998994,79.1666666666667,80.8547008547009,78.5340314136126,76.7476028456542,73.8095238095238,71.7195734519104,70.4415584415584,67.9963735267452,68.6625386152245,68.6625386152245,63.7619553666312,67.9563492063492,73.2238690225647,68.6539011941295,67.9563492063492,67.7487865416437,65.4713114754098,68.8019246383064,66.4059057765763,70.0934579439252,70.0934579439252,68.0288461538462,73.4005923538215,84.6047156726768,89.8472596585804,95.5806783144913,93.2017543859649,86.8055555555556,89.9873240968061,88.0724676724138,81.3802083333333
"Cole","MO","Jefferson City","29","051",532,,,,,,,,,,,,,,,,,,,,,,,,,,,,,,,,,,,,,,,,,,,,,,,,,,,,,,,,,,,,,69.7606179223826,69.2604006163328,72.9753427686864,72.5263157894737,72.2560975609756,70.7964601769911,67.7339901477832,69.1993762873698,72.1399923605806,73.7084870848709,75.4859611231102,73.2899022801303,72.3542116630669,72.3542116630669,73.2899022801303,71.2242794394652,77.4411600602859,76.5,74.6882793017456,74.8126535047771,74.2489015556347,74.2489015556347,69.2302593048935,68.1279784780938,67.4411764705882,67.3161764705882,74.3335399876007,78.0323272617793,78.3210332103321,77.2767137882646,72.3026315789474,72.2624269005848,72.2222222222222
"Umatilla","OR","Hermiston-Pendleton","41","059",533,101.866241597522,100.328947368421,97.4770642201835,99.2716165413534,99.7751798561151,96.1187571681785,93.3503361073346,96.1187571681785,97.140522875817,95.8421965965069,86.8392326272761,86.8729096989967,90.5797101449275,91.9117647058823,94.3562610229277,94.3562610229277,91.840198259504,90.3455284552846,92.1515345268542,89.3921318165751,88.2936507936508,87.9333751044277,88.0042367824323,89.3117140966248,88.6587771203156,92.6752021563342,93.5289805071589,93.5289805071589,93.475073313783,93.8804849461578,90.9007352941177,88.3661230818806,90.9007352941177,92.2732067510549,98.355754857997,100.446428571429,96.4805825242718,100.742311770944,93.8241458399241,102.77921327821,100.446428571429,100.446428571429,100.446428571429,103.515625,102.64598540146,102.64598540146,106.818181818182,106.09756097561,98.8553590010406,100.896860986547,101.584794129637,102.824027897417,102.824027897417,105.769230769231,106.902356902357,107.709750566893,101.046815934865,103.587962962963,100.346666666667,97.7366255144033,97.2727272727273,95.8790106951872,97.5046763935653,98.4090909090909,101.164483260553,99.7506234413965,99.7328615782481,98.077731092437,97.8955780500799,97.5841526614036,95.1658496732026,94.6622726244709,90.5224787363305,89.1741071428571,92.9521276595745,95.4887218045113,104.113839285714,103.211009174312,103.636754587156,104.165178571429,106.92452103591,106.382978723404,106.92452103591,106.382978723404,116.394399066511,116.415083664238,116.342965878379,112.885668276973,105.101143359719,109.507987850916,111.037037037037,110.915251307317,113.127244770331
"Cape Girardeau","MO","Cape Girardeau","29","031",534,,,,,,,,,,,,,,,,,,,,,,,,,,,,,81.4757878554958,77.3933531746032,74.2730720606827,73.7074819762873,70.1466216216216,69.0810810810811,69.9666666666667,69.9666666666667,70.9948320413437,70.9378727906555,71.6320831790014,73.3385329278524,74.7788193059434,74.9147826086956,75.96,79.4739579647583,72.8092608326253,72.982158028887,74.9285714285714,74.8630711393869,67.776268115942,68.0909090909091,72,72.6770929162833,71.7760180995475,69.6470722146734,69.3578364282764,69.593147751606,69.2951939310008,68.1168831168831,67.7352252667482,67.4126553804546,65.7407407407407,65.7262905162065,66.0435684647303,71.7073011734029,68.1384137579382,68.0742479971443,68.6865816176161,70.1388888888889,69.3798449612403,73.892783461749,71.6365006591598,70.6873315363881,71.2041884816754,69.4646239177489,71.3265306122449,72.5685301751253,72.5513905683192,69.9300699300699,65.8916996271424,63.0843473117314,62.8470469459869,61.7094861660079,61.4074074074074,61.5088529638183,64.7773279352227,63.5673624288425,62.8470469459869,61.4009076603052,67.3087424043012,72.5535168195719,70.1754385964912,71.2459633626208,72.5856697819315
"Natrona","WY","Casper","56","025",535,,,,,151.661931818182,151.661931818182,156.599552572707,155.143338954469,165.141113653699,158.465608465608,156.09375,153.735632183908,143.151694721173,132.084216101695,139.291958041958,141.009383974437,141.0374070952,141.147231829973,141.425389755011,137.215909090909,137.253787878788,140.542196608373,141.112956810631,130.740740740741,133.522287571583,145.594815552261,146.453851244388,141.061396614708,143.252212389381,142.195767195767,148.82926499926,141.701680672269,149.566160520607,147.887323943662,145.558245305164,141.997466216216,160.714285714286,151.507954896509,167.024710409572,176.71905697446,174.895833333333,166.739130434783,173.482032218092,170.454545454545,177.769851116625,177.530485587529,178.508341511286,172.535566628313,163.820979616847,173.890818804347,181.759767353206,187.395833333333,184.340171010022,197.368421052632,199.392712550607,193.27731092437,178.777777777778,171.199143468951,185.752207737595,184.615384615385,171.408710180823,195.15625,196.780959366696,188.172043010753,180.576323673639,183.664344234197,179.263565891473,185.505319148936,193.048192737922,183.837957270897,177.579365079365,177.579365079365,178.714907604833,174.486803519062,174.486803519062,180.209698558322,179.938974584525,178.495440729483,178.495440729483,172.499448470141,170.765027322404,162.760416666667,159.179970972424,158.243977235306,153.819444444444,151.32951653944,154.403567447046,161.029790660225,162.929111016387,167.98810703667,167.98810703667,163.528245787909,154.740664020796
"Polk","OR","Salem","41","053",536,139.098020572219,136.123140651478,134.204529370807,134.690596990291,135.003807874815,134.443871888378,133.481646273637,132.848989467691,129.125745700324,124.631268436578,128.311258278146,123.890701750083,121.569961946161,116.397483741618,113.276004782489,109.1985428051,101.163276336478,103.800675675676,109.022556390977,112.10214270855,109.392655367232,116.030436203774,110.725321301613,108.211671361195,104.419783115435,103.827875023527,102.250818919148,98.7483530961792,104.943243087989,106.519653944754,109.938434476693,106.991313957876,100.40187541862,98.8372093023256,97.3208846582514,98.3090072982519,91.3040232667042,98.1794538361508,105.004468275246,108.77808988764,112.380952380952,113.11320754717,113.421550094518,112.758403259446,113.267378820844,112.372294372294,110.789980732177,114.17089678511,112.099644128114,118.876941457587,114.722499432253,113.473876675134,114.377289377289,114.647904616392,112.757636962867,113.520408163265,114.522417153996,116.102008848246,121.123595505618,122.181685516235,121.652640510926,122.167925366504,117.952041477641,126.625265698743,127.405683666539,127.230246389125,132.43922883487,137.354709019982,133.140166545199,143.777581641659,146.673189823875,146.672846991145,142.720790189239,139.216716514429,143.702396699969,139.044943820225,138.926066681354,141.585760517799,143.762575452716,159.164897381458,160.731404418493,156.546489563567,146.276100783279,142.175555580889,139.466783216783,138.701923076923,146.051905024848,154.280083546692,156.252876208007,162.970431076636,167.188776677452,174.701835939334,171.370967741935
"Clinton","MI","Lansing","26","037",537,,,,,,,,,,,,,,,,,,,,,,,,,,,,,,,,,,,,,,,,,,,,,,,,,,,,,,,,,,,,,,,,,,,,,,,,,,,,,,,,,133.987898446759,126.731707317073,121.015625,117.986111111111,119.894838277191,118.778280542986,101.394169835234,101.177854148386,94.2346892271488,94.2346892271488,102.297008547009,112.179487179487,104.297763615683
"Hancock","OH","Findlay","39","063",538,81.2308482192784,83.6780537530146,80.2457466918715,77.1012006861064,78.0381944444444,73.6278268829629,75,74.8542880932556,71.6111111111111,70.2222222222222,72.3577235772358,71.8811326044295,69.9096459096459,66.6418433242648,73.9578664276109,74.9166666666667,75.2590206185567,79.6040515653775,75.3247720636434,77.8090749598084,77.7867654733327,77.1012006861064,76.7642140468227,76.9694037618566,77.3887750180854,79.4971675055407,78.0422433288105,77.4057547850683,75.7575757575758,77.3303314702507,76.8063432982788,76.7537122375832,76.801580202743,76.7441860465116,77.5656324582339,78.0467445742905,77.0013568521031,76.8072289156626,73.6264341191677,72.8962282829283,72.1005677210057,72.144508784515,74.812925170068,75.0891548927263,80.1161121280643,78.9890642070191,79.6810699588477,80.4289343615186,81.5759318563057,79.601593625498,79.601593625498,83.4555076894571,80.3019623139145,82.3409547254143,85.9096313912009,84.9920753109851,82.2402189167433,81.8308007013442,79.7325102880658,82.766439909297,85.4562737642586,82.766439909297,85.4562737642586,84.5703125,84.3806104129264,80.7702181828526,84.2880063558885,82.847872415639,78.1069958847737,76.2331838565022,75.3783132072606,75,75.3779741208027,77.0469924405658,77.9947916666667,78.9014731369151,79.7325102880658,83.3761232349166,79.7325102880658,77.3812234268435,74.1812880746568,74.1335012594459,77.0653514180025,79.9435028248588,79.3824627308551,78.333229478232,81.4807044933405,80.7599029911075,82.8643216080402,84.2412451361868,84.4166950756463,83.7290502793296,89.1741071428571
"Floyd","IN","Louisville/Jefferson County","18","043",539,,,,,,,,,,,,,,,,,,,,,,,,,,,,,,,,,,,,,,,,,,,,,,,,,,,,,,,,,,,,,,,,71.484375,76.219512195122,76.038062283737,75.2025766188829,72.6744186046512,72.8180410475632,75.9678952047166,77.2427270372928,77.3370165745856,79.4353772476202,78.4300341296928,77.3873665956327,79.2153589315526,82.7818485861964,85.1250254841998,81.3802083333333,77.5391707663526,79.6591904088368,82.0328542094456,83.3539333340906,80.3217821782178,83.0196082326764,84.1321243523316,81.599280653557,76.6169154228856,80.329968773365,93.6458333333333,89.5507696382052,88.4263286337332,89.3749150573903
"Oconee","SC","Seneca","45","073",540,113.008130081301,113.008130081301,109.99,106.403469215969,104.501734680975,104.593070104754,108.506944444444,107.581227436823,103.286930397829,100.134408602151,101.538461538462,99.6632996632997,100.671140939597,105.124007936508,99.6632996632997,99.6632996632997,99.6632996632997,101.842641564365,95.3421981819548,101.351351351351,94.3355119825708,94.3355119825708,94.3355119825708,96.0737179487179,95.2046149656444,93.6657681940701,93.6657681940701,96.5909090909091,97.4888211382114,100,97.9128787878788,100.067159167226,100,98.046343537415,99.8877665544332,100.124895572264,99.9,100.281375838926,99.9,99.6568934812983,100.446428571429,105.115627189909,105.555555555556,105.115627189909,107.96988624091,107.387140902873,107.388316151203,100.1001001001,98.9673319742501,98.9673319742501,97.0017636684303,95.1328577942805,100,97.1891891891892,99.8333333333333,98.7512948575657,96.6800454275611,93.5585460599334,91.2698412698413,91.2698412698413,94.6170921198668,94.062153163152,89.3875502008032,89.6769713584878,91.0681399631676,92.7152317880795,93.3694181326116,93.6961261247343,92.9242825607064,93.1333333333333,91.4494791666667,93.1333333333333,89.0128968253968,88.1944444444444,89.1369047619048,95.0752393980848,94.2698519515478,99.6,106.015779092702,110.998134328358,108.115671641791,105.682926829268,99.2,99.2,99.8626373626374,99.2,95.2,96.4839285714286,96.7293458080907,95.6908344733242,92.71872300322,89.170746180092,88.8888888888889
"Christian","KY","Clarksville","21","047",541,,,,,,,,,,,,,,,,,,,,,,,,,,,,,,,,,,,,,,,,,,,,,,,,,,,,,,,,,,,,,,,,,,,,,,,,,,,,73.4398782343988,62.930756607865,71.7069689485872,74.9,74.9,73.9404275353608,76.0809523809524,73.9416286149163,72.6351851851852,73.45,74.9,75.24557956778,78.9746168582375,75.4475703324808,72.3157894736842,68.1907536907537,64.6951688765069,60.7612220515446
"Augusta","VA","Staunton","51","015",542,,139.623717217788,138.137897996202,136.652078774617,137.328339575531,134.287126657781,130.351509591072,130.852845082776,130.391404451266,130.031342364041,129.671280276817,116.567263088138,114.692770120231,112.371888726208,114.655810510733,114.655810510733,121.469784391133,120.494923857868,119.243421052632,119.243421052632,121.36451863354,126.409467455621,129.658559244252,128.043991265145,120.446428571429,121.868540832554,128.893306825712,128.310810810811,128.602058818262,132.058530687718,130.094043887147,132.905155838899,125.414731254147,129.130775254503,130.414582356388,124.51057165231,124.51057165231,121.522591945375,121.068421790513,124.51057165231,125.23575211475,128.729701762601,131.578947368421,122.848360655738,128.619463124548,125.659978880676,122.101508643955,122.848360655738,118.444444444444,121.808826787035,122.848360655738,123.151597126601,123.894922190537,125.42398954166,124.335010783609,122.295503682609,127.56561842957,128.684399712437,128.684399712437,131.818181818182,135.665269461078,134.730538922156,128.684399712437,131.219154076819,130.78477868112,130.78477868112,134.469851331975,133.983547587176,122.934973637961,123.445825932504,123.445825932504,123.190399785233,126.506024096386,123.333428847966,126.433088676545,126.506024096386,127.859237536657,126.115325014273,126.360153256705,126.169434963063,123.327150943902,129.211672261957,129.211672261957,130.456382244531,140.322580645161,140.322580645161,147.164393395549,151.501501501501,154.619777031282,154.13961038961,163.085251491901,161.190963341858,161.190963341858
"Surry","NC","Mount Airy","37","171",543,,,,,,,,,,,,,,,,,,,,,,,,,,,,,,,,,,,,,,,,,,,,,,,,,,,,,,,,,,,,,,,,,,,,,,,,,,,,,,,,51.0212097407698,53.1716417910448,59.0454545454545,61.7734191439371,65.1701590949843,63.7080867850099,66.9412023603821,66.3148371531966,66.3148371531966,64.1301127766047,70.0451710390946,69.8559670781893,69.8805901741657,66.1979166666667
"Madison","NY","Syracuse","36","053",544,90.3723404255319,98.7899235267656,99.6530789245447,102.635938827528,103.636363636364,108.906727828746,97.7536231884058,97.6991864715336,97.6447497546614,100.151259398908,96.6053093873653,95.8870967741936,92.4068767908309,94.1468253968254,99.156746031746,92.8152492668622,97.0363931044644,97.1636952998379,102.259199134199,96.9090909090909,104.07591540404,102.802579365079,115.906604869357,112.052730696798,112.052730696798,110.593748317993,108.390410958904,106.766855387803,102.671807359307,102.511215263231,102.529761904762,102.492668621701,103.808110781405,111.100235548765,104.017857142857,101.059730250482,99.7241857446306,104.017857142857,99.7001499250375,99.7001499250375,92.7821336356194,89.7413971807628,102.777777777778,93.8430938945656,104.532775453278,91.333053733923,82.8125,92.4050632911392,95.4918032786885,82.1739130434783,77.2058823529412,83.2055630936228,85.832057228232,88.2508833922261,84.8765432098765,82.1898496240601,88.5493510928962,88.8889552096266,88.7777777777778,94.1468253968254,93.8888888888889,82.488986784141,87.0910287406475,87.6084441873916,94.6280776515152,89.1229278700698,87.7325289089995,85.5662878787879,91.8390804597701,88.8062927599429,93.2682291666667,95.0746408662093,91.8390804597701,93.6458333333333,91.2634408602151,88.5850178359096,90.8264462809917,95.9047760656738,96.8460758560302,94.9848024316109,94.9848024316109,93.9430147058823,86.226904437377,90.0681892746361,84.5430107526882,82.9940476190476,88.5170603674541,87.6201923076923,97.9302832244009,102.58358662614,102.545592705167,107.829839704069,97.0790343915344
"Nassau","FL","Jacksonville","12","089",545,,,,,,,,,,,,,,,,,,,,,,,,,,,,,,,,,,,,,,,,,,,,,,,,,,,,,,,,,,,,,,,,,,181.369412891152,174.496103896104,173.792207792208,167.410407461954,152.735897547952,150.880503144654,154.727564102564,176,181.878067247325,181.322674418605,180.992736077482,189.753476611884,185.840707964602,176.621395751192,175.942549371634,190.977443609023,190.977443609023,192.982456140351,196.206327785275,192,192,190.977443609023,190.977443609023,202.991452991453,201.097050318103,204.658385093168,219.298245614035,224.540723730509
"Monroe","FL","Key West","12","087",546,389.652546499809,383.663366336634,383.611312545323,374.68671679198,370.111050094576,365.205479452055,351.633986928105,360.185185185185,353.118156430193,349.702380952381,352.980939716312,349.29165042817,345.643939393939,341.386554621849,334.58912037037,334.58912037037,335.131894484412,328.968253968254,316.532258064516,311.190715697791,301.676427438304,306.017925736236,307.142857142857,308.214947498456,306.737278244631,289.157093001645,294.509477780567,290.422361897691,279.496951219512,279.155844155844,295.23427960928,300.88141025641,303.695436507937,280.337078651685,298.569467905405,297.619047619048,303.571428571429,303.876201923077,306.25,319.909748327774,336.134453781513,347.221527777778,349.462365591398,347.246346843121,348.8824101069,336.919307196563,331.168831168831,331.386363636364,335.227272727273,337.52417794971,336.495278673422,334.935897435897,340.909090909091,336.538461538462,337.677183314478,338.755304101839,339.824005146586,344.613259668508,355.18102372035,366.421568627451,376.288659793814,382.560706401766,404.639911380281,405.555555555556,418.465227817746,418.607613908873,422.077922077922,432.412790697674,425.091352009744,438.657407407407,437.638888888889,434.027777777778,446.205170975813,444.642857142857,442.934782608696,434.624697336562,444.383818342152,436.627349919054,436.21766280107,431.425891181989,431.425891181989,428.385416666667,435.918675108932,449.978171956349,445.454590699156,442.660984848485,445.317299784781,454.499447920501,457.504935848788,454.545454545455,458.248472505092,461.25,463.114754098361
"Grays Harbor","WA","Aberdeen","53","027",547,,,,,,,,,,,,,,,,,,,,,,,,,,,,,,,,,,,,,,,,,,,,,,,,,,,,,,,,,,,,,,,,,,,,,,,,,,,,,,115.277777777778,115.905096660808,116.153606531462,105.120150802112,105.662393162393,105.493518775015,101.190476190476,98.1953290870488,97.7448506907106,98.8297872340426,107,114.142857142857,119.047619047619,110.943175598348,119.343389529725,125.432644566071
"Chelan","WA","Wenatchee","53","007",548,,,,,,,,,,,,,,,,,,,,,,,,,,,,,,,,,,,,,,,,,,,,,,,,,,,,,,,,,,,,,,,,,218.444055944056,225.113122171946,216.328502415459,221.062815708001,215.123221441036,218.906549922905,225.344926181259,217.761557177616,222.220346274869,225.803649000869,225.452488687783,236.039768019884,232.62823902697,236.486486486486,221.40773620799,215.983266081177,233.004385964912,239.197755167959,236.367218282112,240.196078431373,244.37876056738,255.399957342829,243.694060211554,240.346729708432,247.906850816334,254.983936651584,266.526124338624,260.206350444687,252.285685433756
"Yuba","CA","Yuba City","06","115",549,,,,,,,,,,,,,,,,,,,,,,,,,,,,,,,,,,,,,,,,,,,,,,,,,,,,,,,,,,,,,,,,,,,,,,,,,,,,,,,,,,154.514296905601,161.809523809524,158.525539059738,158.525539059738,154.838709677419,158.536585365854,160.869695516663,161.006049654305,167.095115681234,176.583210603829,172.686202686203,172.297297297297
"Aroostook","ME",,"23","003",550,77.3668639053254,78.7533512064343,76.6685682036949,75.9702725020644,83.3333333333333,88.3865047343895,90.7435612424412,92.299794661191,93.0294486215539,93.0294486215539,92.299794661191,88.8479599670237,89.1807174832743,92.1568417750399,92.5784687591669,92.299794661191,92.299794661191,91.2342171717172,89.6990740740741,91.0493827160494,90.7519640852974,87.2,97.0149253731343,96.875,92.6533523537803,90.7519640852974,93.1437389770723,95.9563402555775,83.8359469240048,85.5193865740741,91.0493827160494,102.222222222222,98.2708333333333,104.898218829517,93.2835820895522,105.519480519481,96.875,96.875,96.3020833333333,95.4861111111111,99.6666666666667,99.556784660767,104.898218829517,101.190476190476,101.691113945578,101.40306122449,95.3525641025641,95.3525641025641,95.3525641025641,98.9473684210526,97.624725877193,101.691113945578,99.730056980057,100.663069073783,99,97.0104633781764,91.3134057971015,92.6041666666667,92.7117825607064,90.72265625,90.4247339221015,90.1268115942029,97.0104633781764,92.3642734264319,93.2642487046632,88.5798514722281,95.6413043478261,93.25,93.25,94,92.5,90.261023916293,93.25,88.9387144992526,88.396281749149,88.4011243386243,91.6540404040404,87.3408564814815,85,88.7896825396825,86.71875,84.8765432098765,83.6752136752137,84.9382716049383,84.1154629730088,87.8423120089787,92.1296296296296,89.1540404040404,87.5,86.9047619047619,94.913967611336,94.8717948717949,92.9752066115702
"Clallam","WA","Port Angeles","53","009",551,166.652083268323,160.473842780224,157.382015562528,160.549346372891,157.292759706191,155.599616084057,153.126308853725,152.950730914997,151.777970511709,150.862068965517,149.512353706112,145.797155858931,140.950792326939,138.768430182134,140.756965624113,137.926566503611,139.931921331316,140.027322404372,140.200019918126,140.093457943925,138.459037711313,138.15193264876,138.75,131.329107263873,133.044554455446,131.183639336252,129.805983946609,130.006501950585,130.040322580645,132.481060606061,130.006501950585,130.289875179114,129.038326272463,129.168284212062,129.537037037037,129.750778816199,130.473163841808,132.777777777778,134.240963855422,133.049494411921,133.739313185385,135.889758943651,139.310530458285,139.614148490539,141.375545851528,139.703362604412,139.59841954023,141.217251403823,141.217251403823,140.55023923445,142.344497607656,146.372549019608,146.001050784518,147.017973856209,150.948124319333,147.279780982906,148.952095808383,146.261378413524,145.377128953771,143.81460765787,144.736184210526,148.890186915888,148.890186915888,149.635343594429,150.757575757576,150.9375,151.602994872592,150.870894772118,149.654996565577,148.304527430559,146.684782608696,148.401826484018,147.124741200828,145.591085271318,145.942663658181,144.965277777778,157.25872859025,156.741573033708,156.750739896807,160.731948565776,157.918149466192,159.020972250286,158.744012527634,162.175324675325,159.189300664528,158.59854975019,161.290322580645,166.666666666667,177.926089526223,185.267857142857,183.72972972973,181.220475205556,183.862433862434
"Franklin","MA","Greenfield Town","25","011",552,156.206597222222,156.163194444444,155.184049001075,155.504284772577,157.049851190476,154.469568426968,155.877142386289,145.591085271318,143.75,142.80505952381,140.207156308851,143.75,145.348837209302,142.380952380952,148.405797101449,145.207074627873,146.825396825397,157.184325108853,157.994155909908,154.928704277743,158.803986710963,151.143790849673,151.696428571429,148.777173913043,143.425932747563,138.978825270503,146.302003081664,138.201320132013,149.553571428571,147.073412698413,144.515223037163,144.84126984127,144.341801385681,142.857142857143,144.341801385681,144.341801385681,149.082568807339,149.082568807339,144.97472408838,149.962121212121,149.928787878788,146.034537056477,138.255535929692,138.255535929692,134.214610353619,133.19126265317,128.044871794872,123.655913978495,137.68315018315,138.095238095238,141.950757575758,141.256366035635,141.305004167931,148.065476190476,147.347740667976,150.65559824588,141.121823160658,147.690655209452,143.367464866864,138.384615384615,138.384615384615,138.384615384615,150.409482758621,151.034482758621,151.274817136886,148.503352490421,146.72131147541,146.527777777778,148.802681992337,142.746913580247,136.949516648765,143.396551580808,143.012127475757,146.160877513711,142.747252747253,139.008620689655,144.803740040719,146.02510460251,148.739818146301,148.769318832284,147.951441578149,145.179218967922,143.313203503735,138.190954773869,135.235758910001,134.194214876033,134.90888572901,135.480572597137,139.172735363667,153.239167374681,162.030974576271,155.490562387396,148.628048780488
"Riley","KS","Manhattan","20","161",553,,,,,,,,,,,,,,,,,,,,,,,,,,,,,,,,,,,,,,,,,,,,,,,,,,,,,,,,,,,,,,,117.096018735363,122.143725544283,122.143725544283,123.058712121212,125.581341019854,110.487196180556,118.197278911565,117.481203007519,116.666666666667,112.542513643914,114.668715846995,121.04743083004,123.552123552124,122.727300784855,126.674107142857,128.894919325598,125,118.595825426945,116.173406582891,118.595825426945,125.953079178886,127.697351772184,120.068663701615,124.502089018218,126.388888888889,126.388888888889,126.85546875,121.715873966566,124.107142857143,124.633431085044,129.441624365482
"De Kalb","AL",,"01","049",554,,,,,,,,,,,,,,,,,,,,,,,,,,,,,,,,,,,,,,,,,,,,,,,,,,,,,,,,,,,113.891936671576,113.891936671576,107.777777777778,100,108.888888888889,108.888888888889,114.75,121.008435582822,114.75,114.75,120.201923076923,119.135638297872,121.25,123.508435582822,121.25,117.05637254902,117.529411764706,113.256651359429,124.083333333333,122.15972636951,121.681415929204,133.664411752651,126.0348407281,124.916666666667,124.916666666667,128.5348407281,128.5348407281,129.083333333333,127.759288241912,127.532228360958,124.956590370955,124.217311233886,120.875513347023,114.473407281001,122.107656204165
"Muskogee","OK","Muskogee","40","101",555,,,,,,,,,,,,,,,,,,,,,,,,,,,,,,,,,64.3817440769411,61.4583333333333,55.703345747429,49.8888888888889,48.5416666666667,44.4746376811594,45.9592965817032,46.4914814743145,45.2635222567288,47.7878555612332,52.7594016329936,53.1028368794326,56.0993975903614,58.25,57.609630266552,54.2786687289699,54.06710665954,54.06710665954,55.4861111111111,53.1914893617021,52.874432677761,52.7831094049904,48.0722891566265,47.4366185119625,47.4366185119625,54.4139934533552,58.5195530726257,59.2592592592593,56.0889934533552,53.4699812382739,53.1792542481036,57.2404371584699,52.3288439955107,53.7180623246197,55.668016194332,52.0833333333333,51.5495867768595,51.8690694827058,50.3697007958372,48.0832323877149,46.9131562881563,50.6340579710145,55.822906641001,55.2019016635804,51.7809369307832,48.932384341637,50.4266670440394,51.9979508196721,51.9125683060109,49.3653032440056,45.7516339869281,52.4166666666667,52.4166666666667,51.8018018018018,45.9948979591837,50.1114404918753,56.9719197261979,54.1557305336833,56.6037735849057,54.1557305336833,50.3535307991121
"Belmont","OH","Wheeling","39","013",556,,,,,,,,,,,,,,,,,,,,,,,,,,,,,,,,,,,,,,,,,,,,,,,,,,,,,,,,,,,,,,,,,,,,,77.7310924369748,78.8157894736842,67.6041666666667,66.9642857142857,65.2173913043478,61.1772486772487,58.7681361607143,61.6203319502075,66.2468513853904,76.25,75.5523255813954,67.4640850333546,72.7934875749786,73.1481481481482,73.1481481481482,66.8523242630386,63.1313131313131,66.8523242630386,66.5277777777778,69.4444444444444,75.5393270583144,82.1256038647343,74.71952131638,77.2640111566286,82.1426893725329
"Isabella","MI","Mount Pleasant","26","073",557,84.2352432509269,86.5384615384615,89.2857142857143,89.7618071018399,88.8797364085667,86.5384615384615,84.4662667967822,83.0600734481397,74.8976807639836,70.5269230769231,74.8976807639836,73.5313146087959,72.1373875216018,81.9518619281682,87.15234375,83.3651602622876,86.9943676395289,83.9972222222222,82.6446280991736,80.2000863334197,81.7242141036534,79.3138760880696,75.1157407407407,72.1649484536082,80.5091145833333,79.265873015873,79.6329365079365,78.5454545454545,76.7102272727273,71.5336394027066,71.231583239642,70.8122473539667,70.97232079489,71.5764331210191,72.9300699300699,71.6783216783217,69.2627385402321,69.2627385402321,76.5557040998218,87.1443509556928,83.5663111398406,83.6309523809524,81.6044372294372,80.0070028011204,73.474913065077,70.4022988505747,67.9223786933622,67.4237047551455,69.0184049079755,74.9375,76.8566493955095,84.2261904761905,81.5696686491079,82.4637127578304,82.4637127578304,81.7102778527111,85.7966744052225,81.0682251908397,83.5558678847505,83.5558678847505,85.4166666666667,87.2727272727273,85.806231919182,84.0956422757086,78.3088235294118,77.502533207132,77.7518475301439,77.3783724886045,77.6033034159969,78.2780672486555,78.0869565217391,81.5833333333333,78.3475783475783,82.9166666666667,83.5214446952596,84.5588235294118,86.286594761171,86.74425767843,86.3636363636364,84.3728813559322,82.2222222222222,82.2222222222222,81.1957070707071,81.5833333333333,80.7070707070707,79.5,82.9163483575248,89.8840527577938,86.0832137733142,86.0832137733142,84.4849992057819,84.0395480225989,85.7755539671194
"Hancock","IN","Indianapolis","18","059",558,90.4386563402791,93.0586861383062,91.1176470588235,91.1176470588235,89.4780470965816,91.1176470588235,79.4314467504443,83.005557970107,86.2903225806452,75.9850543478261,72.7524467472654,71.7240537240537,71.2857142857143,66.6440364301755,68.3016877637131,71.2489177489178,74.199806013579,70.3200775945684,70.5978260869565,68.3016877637131,69.3108826791407,72.9055258467023,71.123417721519,70.3683640303359,65.0829076364585,58.896146007041,67.246835443038,70.3683640303359,67.6764480245493,76.9433324320113,70.8502024291498,72.7039554689978,74.5577085088458,74.7476042544229,80.2373098842833,74.9866095340118,80.9352517985612,79.7220400993986,80.6451612903226,83.9217766219546,84.0776353276353,83.3224556935159,78.2740173006983,79.0638836179633,78.5572394280293,79.0638836179633,88.0427942101951,87.3618843683084,83.2738095238095,81.8203551912568,83.1222226497124,82.0833333333333,82.0750964150845,84.2273307790549,85.4954954954955,84.7036328871893,85.390024170512,81.3892288861689,82.0012239902081,80.9816919191919,77.2875816993464,81.4520008839929,80.9027777777778,87.1530531324346,91.7943898207056,86.2759567656475,85.3988603988604,89.9427636958299,90.5024011821204,86.6537203597711,90.4604985567594,89.8609975470155,89.65272099573,90.328226046235,83.9604409857328,98.0058224163028,98.5663082437276,93.7196310511442,106.484292755288,97.0557851239669,97.1718424924424,99.946627850558,103.98308758783,108.019547325103,103.98308758783,112.294981640147,111.350574712644,109.184761737096,108.98619555488,113.212974296206,116.379724422598,104.689716668005,110.130554159326
"Creek","OK","Tulsa","40","037",559,,,,,,,,,,,,,,,,,,,,,,,,,,62.7740511915269,62,60.75,63.1699846860643,62.4801888495824,54.9807374793616,55.8701417014971,56.7595459236326,55.8701417014971,61.5942028985507,62.124849939976,66.5121610845295,61.0710951047085,62.0045366631501,67.8567696437155,56.5045248868778,56.5045248868778,64.5021645021645,67.2473867595819,72.1610156442474,69.4444444444444,72.6439144736842,76.2593159775396,72.337962962963,69.4444444444444,72.2180886243386,73.1426756517897,71.3709677419355,70.714214810403,70.6521739130435,69.4824520717378,67.9421768707483,61.0696402077151,66.610455311973,60.566021280307,66.40625,62.846933645253,66.2136883802817,64.6136328094456,65.6392694063927,69.5862068965517,68.3890577507599,68.5480364407169,68.9492832390442,61.1888111888112,63.6226157642328,65.3547390391764,64.6890964380499,64.6031504756114,64.6216738368388,61.9282195636875,59.997616977858,61.1224489795918,59.7722960151803,61.2104539202201,63.9763779527559,61.166451449906,61.166451449906,62.0567375886525,59.4494047619048,60.3671317220148,65.8399830220713,62.9880999160175,61.557607912491,57.1783937455579,57.1183393265773,57.5478518736367,54.8277559055118
"Pottawatomie","OK","Shawnee","40","125",560,,,,,,,,,,,,,,,,,,,,,,,,,,,,,,,,,,,,,,,,,65.4776618939825,60.8280774249674,57.4335748792271,54.1666666666667,52.7230590961761,50.1698878784887,51.1363636363636,51.3112884834664,56.0674157303371,55.5829403674231,59.4853190767142,59.4853190767142,53.9714867617108,54.2270531400966,59.5779099317587,56.0674157303371,57.4979935794543,59.4585451861571,55.7337113687228,53.6015703365501,53.6015703365501,59.3356092436975,56.1050724637681,50.1086956521739,52.0833333333333,47.2689075630252,49.5652173913044,57.2131147540984,53.75,57.3478760045924,55.7410514541387,58.8768740990147,50.9442134442134,49.2523260965884,52.5641025641026,56.5283018867925,58.8424571140262,59.4349142280525,60.2838553768938,51.4172192749779,52.9177718832891,57.5354609929078,65.9492878628412,60.5221238938053,68.0689488910318,69.1176470588235,67.0202507232401,63.6904761904762,58.972198820556,57.1555161719096,58.972198820556,56.3522727272727,55.9166666666667
"Barrow","GA","Atlanta","13","013",561,,,,,,,,,,,,,,,,,,,,,,,,,,,,,,,,,,,,,,,,,,,,,,,,,,,,,,,,,,,,,,,,,,,,,,,,,,,,,,89.1025641025641,89.4062544269727,88.6907555138433,88.0570341986394,89.5679662802951,89.5679662802951,90.6386066763425,92.7930438577866,94.1448950915716,91.4906103286385,90.6386066763425,91.4082126069199,91.4348462664715,91.4348462664715,103.021978021978,103.911651262645
"Wilkes","NC","North Wilkesboro","37","193",562,,,,,,,,,,,,,,,,,,,,,,,,,,,,,,,,,,,,,,,,,,,,,,,,,,,,,,114.449339207048,118.645750595711,111.940298507463,115.918278626081,117.966841746941,110.695413697857,114.663758276288,99.1459627329193,101.154891304348,108.242753623188,106.36277302944,108.242753623188,111.000794281176,111.000794281176,104.358552631579,111.62284612018,112.871485943775,109.717264610467,98.9108910891089,98.3559085075174,105.769230769231,113.988095238095,111.122448979592,115.740740740741,124.51421123676,117.773019271949,110.685582325773,107.781931923498,110.525375058603,110.525375058603,109.3707250342,111.46263885301,113.055022578832,99.8158091908092,99.8158091908092,100.524475524476,111.090975168945,110.360283304823,104.238828095374,106.698124406458
"Harrison","WV","Clarksburg","54","033",563,74.256625727214,75.9103184950643,82.1287098675543,81.3858695652174,84.280303030303,79.9107142857143,78.7621359223301,79.8913043478261,79.9010093167702,74.0123456790123,69.1218436527153,71.0729104919976,70.8751812318431,70.6774519716886,70.363197635075,67.5490196078431,66.3176265270506,64.2261119110471,61.644182466375,63.6574074074074,64.801297648013,65.7894736842105,65,65.6037866543523,66.2358642972536,74.4147157190636,78.4186649384316,78.1059218559218,75.6901157613535,71.9489981785064,68.8905423280423,72.7603787327021,72.039072039072,71.2896953985742,72.7173986686766,73.325282824295,70.8333333333333,69.3181818181818,69.3181818181818,70.9134615384615,74.8828491096532,68.75,67.8571428571429,69.9530516431925,66.9642857142857,67.8571428571429,70.987109604049,67.8333333333333,73.0421686746988,71.7741935483871,69.6441455499737,72.4322906732787,75.8116075151136,77.7511961722488,72.840790842872,77.6800438217148,77.6800438217148,76.8639053254438,79.0747516863183,82.6544419731436,72.840790842872,76.2349829657522,74.3006993006993,85.7541478129714,84.0918367346939,79.0723981900452,79.0723981900452,78.046875,81.453634085213,81.453634085213,79.2076678806276,88.0681183696259,85.5513307984791,83.2053839686352,84.9782377465064,77.6143790849673,79.8245493136336,79.5688847235239,80.7671508034611,74.8828125,73.9113562091503,72.6072607260726,75.8264241058252,75.8264241058252,70.5590582601756,76.5224358974359,74.8847926267281,71.2857142857143,69.8689956331878,71.2857142857143,76.8229166666667,79.4318181818182,84.8550473550474
"Morgan","IN","Indianapolis","18","109",564,82.4016233962112,80.3814935064935,80.762987012987,83.390303030303,85.5044118742749,86.3374485596708,86.3783783783784,89.8965596426036,81.8926296633303,81.4160772506716,79.9461400359066,79.6855120527914,72.3326816917192,72.3326816917192,72.3326816917192,72.2250903458957,72.2250903458957,67.7281627900823,74.7695852534562,75.2232067163058,68.3277027027027,70.8795900939368,70.8795900939368,78.8053765456511,75.0146752613858,78.2835820895522,80.9027777777778,78.9525691699605,79.1139240506329,75.0400132275132,75.1157407407407,76.3726900911224,73.8777251864601,78.4872735959692,79.1139240506329,80.4226730217779,79.1139240506329,77.7479892761394,77.7122407721403,81.4285714285714,82.1085972850679,78.9525691699605,78.3188291139241,81.6186224489796,77.9029462738302,75.8433966215273,77.3993808049536,74.8338967203682,76.0475619778113,78.2407407407407,79.7991071428571,81.8216682646213,82.6512455516014,81.8181818181818,81.2139830508475,83.2142857142857,85.3199858873554,86.7708333333333,83.2575757575758,78.5274446077637,80.749354005168,82.9640486725664,84.018691588785,88.3977900552486,91.839516230104,89.4871794871795,86.8551587301587,84.8404977375566,86.8470736312146,86.9047619047619,86.9047619047619,86.8667032030203,83.6848635235732,82.5662262759037,82.7375762859634,83.0663762691412,85.7336754373881,86.598801009629,86.5331921783535,86.848635235732,87.7038895859473,91.1899313501144,89.2683394720688,89.2857142857143,90.8240281224152,91.3471946397581,87.2311827956989,96.5608751608752,94.0860215053764,91.3978494623656,101.143359718558,102.609174440402,99.9900034987754
"Bedford","VA","Lynchburg","51","019",565,,,,,,,,,,,,,,,,165.089285714286,165.089285714286,140.376576097313,152.482803720209,143.379094412331,156.749049429658,160.192307692308,153.332858048162,143.424855491329,137.777017783858,146.79129999246,133.118055555556,135.578488372093,137.450211176088,152.325584062838,135.642857142857,127.279635258359,127.889817629179,144.967399087928,143.248407643312,144,133.838983050847,124.366096866097,121.785563973064,120.957320005855,121.224984839297,123.214285714286,123.519536019536,119.551282051282,120.689655172414,119.697603121516,118.257749451351,121.951148078725,122.861154649948,121.260683760684,121.224984839297,124.377828054299,125.570913461538,138.493975903614,139.673913043478,139.285519125683,131.927710843373,131.927710843373,129.999,133.705336426914,146.961740435109,143.941965811966,143.52,142.640027322404,138.60055977609,145.081967213115,138.157894736842,146.290970291545,153.491174213354,147.041420118343,146.744753775019,147.164120911885,147.041420118343,146.30081300813,144.110576923077,144.082840236686,145.528455284553,143.899343615611,143.715846994536,144.80564776062,142.1875,140.421436145821,143.555843195266,147.574123989218,137.777528005695,142.631578947368,143.4342772612,147.574123989218,152.933673469388,148.989608290905,142.280662020906,142.275609756098,141.618574108818
"Rutherford","NC","Forest City","37","161",566,148.581073844428,148.838845883181,142.092257001647,143.098644578313,134.95,144.219421754084,147.847222222222,137.395459976105,136.647729988053,145.313843508169,146.697247706422,138.647435897436,137.311382345547,137.395459976105,119.672222222222,125.366876310273,124.34120471305,130.121527777778,131.607929515419,133.43585762064,132.943143812709,127.565169162507,132.621397915389,132.785714285714,133.994638069705,125.370277256246,124.005964214712,123.341762946067,122.670661172024,122.453249540159,120.454545454545,112.313937753721,115.802675585284,114.196459562652,118.312058482556,120.324189526185,117.68843689137,111.551339285714,114.439784126035,120,120.825436408978,120.105041672135,125.268240343348,124.921875,125.536480686695,125.536480686695,122.549019607843,123.853211009174,120.506836913087,115.874363327674,112.246117084827,123.853211009174,121.202816492451,108.044730511996,107.745460304054,115.116555277538,112.246117084827,107.014818948413,106.646825396825,100.973053892216,94.4335332626086,93.9253354818259,105.511542720845,106.893767393079,105.999097880018,114.329268292683,111.907139167064,108.888888888889,106.488549618321,111.160714285714,111.160714285714,116.673614005836,111.135912698413,108.901515151515,104.448198198198,112.124463519313,109.509581105169,105.17385362891,97.9698298411552,100.907029478458,101.632681996288,106.488549618321,101.184116809117,104.166666666667,102.987853556987,99.6501895643233,99.6501895643233,99.7983870967742,112.763431285248,118.857337187553,125.222222222222,126.112759643917,127.476795803067
"Columbia","FL","Lake City","12","023",567,86.734693877551,81.6117383530546,86.8801042571677,77.6956124314442,72.9115884623197,75.6493506493507,74.671875,70.3869047619048,71.875,75.5675675675676,78.046875,67.479593941537,66.5986212861213,68.5339690107271,69.4178974804518,68.5339690107271,69.3672839506173,69.7282848324515,68.0913800705467,70.1618303571429,67.7331887201735,67.2743324553249,70.0892857142857,68.1818181818182,66.2009479717813,66.2009479717813,66.6917617638771,68.6188811188811,65.5864197530864,63.706691625322,64.0263329987529,64.3849206349206,64.484126984127,65.6498015873016,72.2870445526696,73.0948950945626,73.0948950945626,78.1078967943706,66.8154761904762,70.3794423512769,70.7004600983659,68.4523809523809,77.3391812865497,70.1998428571429,75.5338078291815,75.8928571428571,70.8248428571429,72.2222222222222,71.5412903667214,74.5174666434509,69.3672839506173,66.9540229885057,66.8898809523809,65.7090351654846,64.161220043573,69.009009009009,63.582111523288,69.3576388888889,75.1032017720499,67.6934523809524,66.7410714285714,66.6190476190476,66.6666666666667,65.4112554112554,66.6666666666667,72.0969866813886,69.7521625380064,69.7521625380064,72.1218961625282,71.6634912937047,71.3095238095238,68.0187391617435,68.9917127071823,70.2230843840931,71.1351112497401,70.1045548654244,69.8757763975155,65.6997999586121,70.6780303030303,71.3095238095238,74.1674167416742,83.0546265328874,83.7724550898204,83.8951310861423,77.2083333333333,80.9606481481482,77.2569444444444,85.7396976583023,86.2403100775194,76.9553277703939,77.8959810874704,81.3719055408173,91.9540229885057
"Kauai","HI","Kapaa","15","007",568,,,,,,,,,,,,,,,,,,,,,,,,,,,,,490.181268882175,487.3046875,492.447129909366,487.017524217091,422.837350429534,457.341488628532,490.181268882175,521.966948810963,490.181268882175,520.373784693996,518.780620577028,501.605061535506,477.195945945946,528.700906344411,528.700906344411,548.208735708736,549.997756617616,548.076923076923,533.445435285405,552.475979305248,548.018292682927,505.238649592549,506.868131868132,495.201635254989,516.562610779029,509.375,511.945392491468,503.982378119118,502.798507462687,486.516510645693,473.008685217988,486.536107711138,492.383777932105,473.505434782609,486.191024165708,482.806691449814,479.916444315179,492.960995794329,504.221834376505,507.679180887372,501.881879213969,498.795087064677,501.399253731343,511.851362893739,507.949125596184,507.679180887372,509.846827133479,505.531850045718,504.689984101749,501.592356687898,493.670886075949,487.225386493084,499.116915422886,504.25263103053,528.856825749168,531.088082901554,513.816925734024,500,496.545768566494,492.368357860794,496.998008661356,506.607929515419,504.464285714286,505.938242280285,514.261019878997
"Marquette","MI","Marquette","26","103",569,85.5569155446756,81.8103448275862,86.4321628347003,87.3074101247249,97.8336357299547,99.3576153324288,96.982439069595,98.9457714904144,95.9606986899563,94.7867298578199,93.1372549019608,88.9234446392239,89.4988066825776,92.733137617339,88.6184857423795,84.5589165001357,84.1786118025739,96.1513126377311,104.086538461538,95.945813771518,92.4887825800066,101.420019868789,101.977040816327,102.443609022556,111.981217191601,100.22098011179,104.421221864952,110.504201680672,119.951923076923,119.565217391304,110.281385281385,116.524327122153,122.550804355619,122.550804355619,118.055555555556,123.524720893142,123.578766696571,123.6328125,119.591346153846,117.857142857143,122.333751568381,117.857142857143,125,125.275827482447,113.545454545455,115.92047275641,110.602161605764,115.264797507788,116.666666666667,113.456632653061,116.114616193481,113.108524659864,115.413681614041,114.000080379391,115.622417355372,121.354166666667,118.406784188034,118.576104746318,114.479166666667,118.576104746318,122.478195434187,122.134008920269,122.648074290136,122.429906542056,128.61475641994,128.661115424068,125.346020761246,125.479078139754,119.94318654358,118.928571428571,117.891252006421,117.891252006421,113.861386138614,122.548568507157,124.145962732919,122.857708292104,127.746212121212,125.390625,126.060267857143,126.060267857143,123.540969674077,116.589998068193,115.320512820513,109.400500489609,109.89010989011,112.997555363819,116.933497536946,119.358407079646,130.401234567901,127.714285714286,135.760869565217,136.612021857924,135.3125
"Troup","GA","LaGrange","13","285",570,,,,,,,,,,,,,,,,,,,,,,,,,,,,,,,,,,,,,,,,,,,,,,,,,,,,,,,,,,,,,,,,,,,,,,,,,,,,44.011544011544,47.9166666666667,47.9166666666667,48.2376126126126,47.6910828025478,48.1868930622132,44.4811414639001,45.0308337144962,45.0308337144962,45.0308337144962,43.4981684981685,44.9507389162562,47.396266038955,47.6700386590435,47.6910828025478,45.3000036675742,44.7474932418754,43.4981684981685
"James City","VA","Virginia Beach","51","095",571,154.334038054968,154.59757458304,152.696798453173,151.395631067961,151.420155209809,152.545878754607,151.095993953137,151.095993953137,153.549382716049,153.482880755608,151.815181518152,151.079136690647,147.840531561462,150.805211792785,150.531286894923,159.097230672948,156.672025723473,160.876803551609,160.876803551609,157.40157480315,152.116752007732,151.105407858875,144.54957744941,144.448378891748,144.556721345675,144.701691896705,146.109341362658,143.649517684887,142.716640563171,143.993819908209,140.377040784766,139.71315529179,136.976625850904,133.410035400954,132.686124052252,133.991537376587,131.388478581979,125.947505573978,124.789207419899,127.516136338717,130.741279069767,133.333333333333,131.529698942229,132.849393063034,139.69946315074,149.616858237548,157.593123209169,159.348441926346,157.189219923212,157.452764170749,149.960295142739,152.025671881268,151.791135397693,151.143443052954,166.666666666667,161.184618778209,151.906127830854,146.734130634775,145.337373753775,146.341463414634,155.883905883906,154.621347644603,148.651669264211,150.57954397861,148.413054496207,144.614147909968,142.65335235378,143.80499045417,145.348837209302,141.732283464567,142.145903637045,140.474276527331,147.645547945205,141.47829926653,152.042333355491,151.586294416244,151.586294416244,144.308943089431,145.981645412901,152.352941176471,142.276422764228,142.766497461929,142.521460113078,141.475831960892,142.276422764228,136.503401360544,137.518888489633,137.666062023973,139.944946881398,147.177986175294,148.713826366559,158.529631357909,158.832642741997
"Carteret","NC","Morehead City","37","031",572,204.861111111111,214.285714285714,199.882352941176,209.192439862543,212.650933059585,215.544871794872,217.592592592593,231.071428571429,214.549590798727,214.939214196163,230.302534308521,226.686507936508,210.348837209302,221.428571428571,212.222222222222,211.490338164251,212.208672086721,205.479452054795,204.454545454545,208.181818181818,214.812618595825,220.445665445665,217.028230390299,215.457717569787,206.521739130435,207.662717864924,204.973040747328,207.107843137255,200.847457627119,199.944444444444,196.165191740413,185.736780396368,185.393026927615,189,196.817951318458,194.3359375,194.226792279412,189.325904032375,192.096597145993,195.234375,194.444444444444,194.745442036464,192.682926829268,196.013289036545,195.048309178744,196.130952380952,194.941486768031,192.354826546003,187.963281698221,191.785223704867,187.048061076918,190.41769041769,189.393939393939,187.395833333333,185.723302516858,187.395833333333,188.319517709118,189.025673400673,195.440908790542,198.888888888889,203.815516242729,206.413043478261,199.882352941176,207.420162059104,205.990710531635,205.562696372465,190.769230769231,189.142857142857,180.555555555556,182.873691166006,182.52516010979,179.987980769231,187.443181818182,203.372093023256,203.296703296703,203.810690943044,202.352941176471,200,199.233716475096,205.41958041958,201.826923076923,205.487567987568,195.446735395189,202.312138728324,201.352067405393,204.577996731529,201.899130451717,208.333333333333,201.954388691893,205.458290422245,199.794036697248,196.309523809524,190.562170939022
"Klamath","OR","Klamath Falls","41","035",573,110.060927063133,109.749860354699,109.101941747573,109.101941747573,109.106693765353,104.847955673359,104.11198600175,101.071441845771,90.6317204301075,87.3663751214772,82.8978694207399,82.0075757575758,80.5299539170507,75.9878419452887,77.2920767716535,73.9247311827957,70.5289381107893,70.8118556701031,76.6342756183746,73.7844488188976,72.8554793263274,75.6305904427874,76.9823788546256,74.4907407407407,75.6880733944954,72.4169030914237,76.9823788546256,81.6666666666667,81.9258373205742,82.4692780337942,80.0505809979494,87.7525252525252,80.3571428571429,87.7664170506912,88.8392857142857,92.5154320987654,92.4115622032289,91.6636989553656,92.583017254202,92.9054054054054,92.6535087719298,94.0627979027645,99.249592999593,95.646437994723,97.5294237012987,97.1817298347911,97.5294237012987,97.0738746261334,96.1538461538462,97.65625,96.5599327856609,97.3111347087379,97.65625,100.658468785909,100.725221595488,100.052673163023,96.9579552425069,99.5055032481784,102.943720756473,102.943720756473,100.591715976331,98.3511002502715,96.0790598290598,98.7240829346093,98.4361831015592,99.8335183129856,97.7275196957349,97.7275196957349,98.0314960629921,96.4651151722825,92.1111928436147,93.232044198895,92.4388744212963,94.8660714285714,96.6792770071459,100.696169295581,112.247491638796,105.441125843994,107.032597909423,101.061507936508,99.3279569892473,107.067522468567,99.3208460754332,101.83299389002,98.3267716535433,98.3307077787218,99.6898726881096,105.162919868802,113.122171945701,108.24780058651,113.122171945701,112.5,111.517857142857
"Dallas","IA","Des Moines","19","049",574,100.430725053841,100.247320692498,99.96875,99.9231360491929,100.655200655201,100.655200655201,101.180103944563,103.379310344828,99.7103117431894,98.1640932968367,97.9479071240898,96.2917424647762,96.5245519713262,95.9111111111111,95.9111111111111,95.8870967741936,96.4125560538117,94.6585349386513,93.9404859404859,95.1043338683788,95.2341137123746,95.0937179048271,93.6708860759494,93.1595459537506,93.1595459537506,93.3014354066986,91.8700611515509,91.8700611515509,92.1095887807844,90.2789967939244,89.2857142857143,91.1392405063291,90.1507537688442,91.2558947629685,95.3149950831356,94.5147679324894,95.4773869346734,94.4550240842388,95.0950950950951,96.5541995692749,96.0061443932412,91.2558947629685,93.6607142857143,92.8748451053284,91.8524212144504,91.1392405063291,90.4072398190045,91.1392405063291,92.2899524170452,96.7927947388633,96.7020171659774,95.7033632062,95.4773869346734,94.1463840955457,94.5295510249554,94.4229529335912,93.6921724648409,94.1489361702128,95.018115942029,98.125,97.0588235294118,99.3143879173291,99.0015360983103,96.1417114777502,97.1912395379401,100.683890577508,104.910714285714,103.348214285714,99.7695852534562,98.5221674876847,99.4091386554622,98.4265054193528,98.9001186481486,99.2647058823529,100.014872928648,100.47343879904,103.338230725418,104.611175115207,105.842962184874,107.053571428571,108.364312267658,106.787330316742,106.382978723404,106.388012618297,106.051224317478,104.525011632421,106.063539339787,110.75487012987,110.714285714286,112.12245118935,113.636363636364,114.468864468864,113.636363636364
"Salem","NJ","Philadelphia","34","033",575,,,,,,,,,,,,,,,,,,,,,,,,,,,,,,,,,,,,,,,,,,,,,,,,,,,,,,,,,,,,,,,,,,,,,,,89.9774774774775,89.9774774774775,89.9774774774775,89.9774774774775,89.9774774774775,89.9774774774775,84.8195329087049,84.8195329087049,89.9774774774775,84.8195329087049,84.8195329087049,87.3985051930912,89.9774774774775,89.9774774774775,89.9774774774775,89.9774774774775,87.3985051930912,89.9774774774775,84.8195329087049,84.8195329087049,84.8195329087049,87.3985051930912,84.8195329087049
"Butler","KS","Wichita","20","015",576,72.2941385856668,71.2209302325581,75.2259036144578,75.2259036144578,79.2228390166535,76.530612244898,82.7380952380952,80.5663712853562,78.6474263369875,76.1526232114467,68.0458310734185,63.8356164383562,61.5296803652968,54.874817251462,62.5445011995976,60.7050338132635,67.0833333333333,72.5556631171346,76.6369047619048,78.0857138229758,75.3595914616907,70.6774519716886,67.258634268321,65.0008371002846,59.739362606359,61.0033124246406,60.8051957481826,54.3248945147679,57.9218720347753,55.605958781362,47.7551915764843,55.2083333333333,63.0865798724002,62.6047062242508,58.0431177446103,58.8698363752535,66.3599393438103,65.1561699948797,63.5514018691589,66.9254470952429,66.9244077163587,67.9225634590859,66.9244077163587,59.1246105231405,56.3509277091163,56.9755854860352,57.1564885496183,57.5961538461538,60.2514391790422,59.1126105456366,55.3587380217638,59.1126105456366,60.5988938121331,59.6208530805687,59.6208530805687,58.4210526315789,57.4214601594573,60.4838709677419,65.5381944444444,63.2754342431762,66.4429530201342,69.6583551453368,72.5950314771138,70.6875753920386,67.3314083093248,62.7272727272727,72.9673384294649,65.1041666666667,64.836566091954,64.6929824561404,64.6929824561404,72.4063907657658,74.4822485207101,71.8433277027027,69.3498774509804,68.2291666666667,71.6519694931568,71.1009443713588,71.2460063897764,70.3123523073142,68.2103759519138,70.7956259426848,71.7777444073083,68.8559322033898,71.4669051878354,69.2657552941721,68.9522283272283,71.6368943544314,68.1639085894405,67.9620447924578,71.7676313006389,78.0821917808219,87.719298245614
"Warren","NY","Glens Falls","36","113",577,165.729742765273,159.300765241359,164.092176306175,165.789473684211,161.95987654321,160.695006747638,160.25641025641,158.238518983208,155.723905723906,160.50965876229,157.794676806084,161.17530601826,161.133603238866,160.952536699491,160.952536699491,160.328592222915,162.819916240112,164.092664092664,163.333333333333,160.87962962963,162.302218614719,163.062900641026,158.799755468007,160.771470160116,152.629346904156,151.353601567209,154.34341037156,149.850299401198,152.629346904156,152.620865139949,152.620865139949,151.775958488445,150.80971659919,145.263157894737,160.771470160116,163.365384615385,149.993281391147,153.289244358162,155.172413793103,147.255081300813,155.331304935767,152.796870908615,151.959860923677,150.103519668737,145.814379108772,149.411231884058,151.503686512712,156.124799679487,150.347222222222,156.456953642384,158.884536037332,156.64881993007,161.74268018018,149.978298611111,149.875,148.499554483161,146.666666666667,149.073938028537,149.073938028537,155.27027027027,158.881578947368,144.094766619519,154.862407862408,142.708333333333,146.554770318021,145.729166666667,147.418406675219,144.850098885293,146.384928716904,145.254430170418,147.10025571027,148.148148148148,146.028425141243,146.957403651116,147.916666666667,153.293046174289,152.97237156184,145.374449339207,149.534574468085,153.974360913629,160.05291005291,158.530755176614,149.465811965812,155.195681511471,147.941680960549,153.494176372712,149.538441569815,141.481909902963,148.313090418354,147.625160462131,148.623186291672,143.388072601556,142.857142857143
"McCracken","KY","Paducah","21","145",578,,,,,,,,,,,,,,,,,,,,,,,,,,,,,,,,,,,,,,,,,,,,,,,70.1063829787234,79.8701298701299,74.3189102564102,71.4754098360656,69.9098040777318,65.472027972028,65.8148943931387,68.9569439569439,66.4478058510638,64.2981691368788,64.6166170359719,64.6166170359719,67.5904977375566,75.0945434900054,69.5766168518176,68.742418115649,65.5825932085596,57.7685950413223,58.925784733369,58.4269662921348,60.2272727272727,58.9298072221626,58.0977806667286,60.3298611111111,63.0993897122929,57.7685950413223,56.4118710500729,56.918979601586,64.9350649350649,66.1623296469362,64.9350649350649,64.9371806626336,63.2682974468987,64.011467339097,65.538502803237,63.0993897122929,61.0883604917793,61.5577889447236,58.7999236664324,61.0883604917793,60.0350058343057,61.0883604917793,65.2145473574045,71.2368722640765,64.4212523719165,66.3265306122449,65.2533130981407
"York","VA","Virginia Beach","51","199",579,147.168405365127,146.586427250696,146.586427250696,147.251308900524,147.168405365127,146.901180366351,144.314079422383,141.381766381766,140.022236319758,136.987577639752,135.204968944099,132.430841671571,133.390705679862,133.603238866397,133.798103736754,133.970480439806,132.258064516129,132.584634444263,131.161034447876,131.161034447876,131.054131054131,131.65609778513,129.932636529022,129.879518072289,124.035281146637,129.879518072289,131.032524752475,132.193081844841,127.92,130.898876404494,130.898876404494,129.318483363952,129.330608456103,129.132231404959,125.806451612903,125.806451612903,124.839400428266,123.931623931624,124.839400428266,129.922872340426,127.000254000508,127.100127000254,129.085714285714,128.428571428571,128.971428571429,126.419965576592,125.042857142857,128.8,128.479106216245,127.872498146775,134.228571428571,134.481381651193,129.166666666667,133.474005299007,134.518662709704,128.869047619048,125.980392156863,126.618354923197,122.933884297521,126.085220125786,128.712121212121,123.067944705269,124.757962691027,124.907407407407,129.166666666667,127.044112149533,125.657142857143,123.863636363636,123.153002601532,124.839400428266,124.809341179406,124.809341179406,125.248271642704,123.048048048048,124.809341179406,127.085106429232,125.491741741742,127.849002849003,128.227194492255,127.946127946128,127.561141733414,124.839400428266,127.694347189509,127.219202898551,125.436229139753,123.411220109762,124.403171288513,128.015636896047,127.92,130.320890635232,126.656095739058,130.195377280265,129.146847509646
"Livingston","NY","Rochester","36","051",580,,,,,,,,,,,,,,,,,,,,,,,,,,,,,,,,,,,,,,,,,,,,,,,,,,,,,,,,,,,,,,,,,,,,,,,,,84.8549186128804,85.4274593064402,86,95.1048951048951,102.884615384615,87.6698014629049,83.6744186046512,84.6705426356589,82.9706645125632,85.6666666666667,86.6338724168913,85.5579427083333,81.9487179487179,77.330541337056,81.0696086725559,92.7548781446541,93.74875,98.5182263219646,90.8067158067158,98.5182263219646,88.2575757575758
"Saint Francois","MO","Farmington","29","187",581,75.898529908753,76.1152416356877,73.406862745098,72.8125,72.6468730259002,69.7981366459627,69.7981366459627,69.3452380952381,67.1008554937126,69.9079131652661,67.9138321995465,62.9943502824859,64.4920584641839,67.0138888888889,65.7894736842105,63.5890118759368,66.4451827242525,67.2794117647059,65.547798066595,65.7894736842105,64.7058823529412,62.2727272727273,64.8483902537797,62.2640054933665,62.6218049928503,68.9241697773201,67.8914204031623,66.0396542958821,65.9743726024865,67.1593935282886,62.5149324001462,61.4615384615385,62.106135986733,58.3860759493671,58.3860759493671,58.2450257422676,63.6363636363636,60.6565287924208,59.2403985811751,65.9448818897638,70.8,62.9262507319573,67.5724409448819,65.9448818897638,67.9333333333333,67.92,69.5923353909465,70,72.5,68.9686098654709,69.1486567845873,73.4451002084629,69.3287037037037,73.5245437939621,73.9071956960323,75.5474452554745,71.860357754776,71.5305209249392,71.5305209249392,73.9071956960323,74.5058117160195,69.2443609022556,70.4887218045113,73.9071956960323,68.5769230769231,69.1538461538462,69.1538461538462,69.2457264957265,66.5836970358247,63.8297872340426,74.5202558635394,70.5343071686819,75.1158189886803,74.4851702329541,77.9411764705882,82.2368421052632,77.1553016110903,83.3333333333333,76.9230769230769,75.1157407407407,74.5019057519058,76.3103318250377,79.345616087344,78.0374053030303,78.3730158730159,70.9517045454545,74.695652173913,78.1969246031746,81.3912155524533,80.6192526210976,73.9309210526316,71.687682748538,77.03081232493
"Carbon","PA","Allentown","42","025",582,106.075216972035,97.7385573415413,97.093023255814,100.961538461538,99.3356837606838,95.3340402969247,92.691914298019,94.9,104.017857142857,104.04369212963,98.2620320855615,98.8053075396825,105.49678657695,110,104.166666666667,104.129464285714,103.006872852234,103.014425437106,101.85707361359,102.602990616689,101.961964975664,98.8888888888889,95.5269607843137,95.5269607843137,94.781746031746,94.4444444444444,91.1729797979798,90.7582938388626,90.0673400673401,87.0485678704857,87.0485678704857,87.3238636363636,83.752712342755,83.3217512161223,87.1606475716065,86.9389180815843,82.9258536585366,82.9258536585366,84.0597758405978,85.8516483516484,88.1410256410256,90.7566812782806,92.8571428571429,92.8571428571429,92.5297619047619,88.6150892486509,85.7472527472527,85.57815228781,86.4290870025011,87.0485678704857,87.7381628787879,88.972602739726,88.7561728395062,90.4545454545455,92.6632027711164,89.9,89.9,86.2727272727273,86.5497076023392,86.4112174375332,84.0144230769231,82.0231253420909,85.0694444444444,84.4817013343799,83.2632464255677,84.0277777777778,81.3794926004228,80.1282051282051,81.297319701575,83.2142857142857,83.2142857142857,83.2387660699267,82.4263533743919,79.0370644660742,80.9027777777778,84.1688537381189,87.2143368320611,86.71875,85.2713773681516,81.6964285714286,82.7384303946804,81.3368055555556,82.9654353953419,80.0164835164835,81.4862964416536,78.4172661870504,82.8571428571429,83.8095238095238,83.984375,89.217032967033,88.1410256410256,90.5951385570951,85.8972041455772
"Fauquier","VA","Washington","51","061",583,,,,,,,,,,,,,,,,,,,,,,,,,,,,,,,,,,,,,,155.298150243003,180.790960451977,182.482600958095,180.790960451977,193.431924988027,199.84341162752,190.23569023569,171.593891542527,197.793452995868,206.803072468657,210.930009587728,180.047357369432,180.047357369432,200.059599388458,210.930009587728,199.136786188579,190.181121560432,191.044061302682,199.136786188579,210.930009587728,213.103893682753,210.66978295086,191.186093151341,182.949144353965,176.712827988338,191.044061302682,191.044061302682,190.901360544218,185.121704931973,183.436458333333,186.965811965812,191.044061302682,192.246936807349,200.356608399401,201.439393939394,197.545009383064,199.223526534605,201.048951048951,206.485765574434,201.5625,216.744186046512,246.695154185022,245.614035087719,232.110975969335,233.188720173536,234.158894317969,227.617047239388,227.470141150923,225.253046607419,228.041602377279,207.791873132022,206.073752711497,196.834415584416,209.059603628476,216.501240694789,212.460941187577
"Lake","CA","Clearlake","06","033",584,,,,,,,,,,,,,,,,,,,,,,,,,,,,,,,,,,,,,,,,,,,,,,,115.354938271605,110.067303775511,113.048450565666,114.586608717561,114.776234567901,121.811535337124,123.299319727891,125.661375661376,127.038043478261,128.667094609167,126.789372599232,127.232142857143,126.818181818182,122.159090909091,124.916666666667,130.256092242272,130.490204833015,136.690266557744,133.582089552239,144.094488188976,146.883221388227,145.833333333333,145.381984036488,144.622093023256,143.145161290323,146.673325349796,148.644708309649,145.833333333333,154.518950437318,159.722222222222,163.865361262902,165.899026897004,164.625,162.581699346405,160.25641025641,160.641420754556,161.003236245955,159.545735770036,157.327586206897,157.48841996912,157.530191891321,165.384615384615,177.884615384615,176.775147928994,176.041666666667,177.540529853697,177.884615384615
"Herkimer","NY","Utica","36","043",585,,,,,,,,,,,,,,,,,,,,,,,,,,,,,,,,,,,,,,,,,,,,,,,,,,,,,,,,,,,,,,,,,,90.1400233372229,86.7579908675799,84.8403113258186,75.8584807492196,75.6410256410256,73.9087301587302,75.7602515924804,85.9375,82.0825515947467,80.8303900764343,79.0690224043425,83.7533734860453,83.7533734860453,78.2085561497326,75.3861652115514,77.3281729091494,78.5660578051643,76.8451946301185,70.2626641651032,74.7523774775705,82.9570917238971,86.7768595041322,84.8214285714286,93.59375,93.0217874461207,99.5795760779436,93.8641826923077,99.3373449326922
"Reno","KS","Hutchinson","20","155",586,,,,,,,,,,,,,,,,,,,,,,,,,,,,,,,,,,,,61.3466833003528,61.3466833003528,58.2539741259037,58.9342023762599,66.6984732824427,64.6929824561404,67.4924924924925,67.4924924924925,67.592065558943,64.2309701153602,64.3961648205758,63.7444037444037,60.6253988513082,62.5434123907961,67.2646349969269,67.4661514218476,67.7675673482636,70.1045780230958,68.9846153846154,67.9824561403509,68.543956043956,68.4059541960485,67.5955414012739,66.2878787878788,67.3913043478261,66.4231601731602,64.5469231306816,64.1408843862282,67.5498188405797,68.9633661115216,68.0495356037152,68.1168831168831,68.3029484215016,66.6141293796683,66.6141293796683,68.370883882149,68.7119860514151,69.0396733866857,66.9072164948454,66.5220058367028,65.8489645770162,66.6360294117647,65.8185840707965,63.1720430107527,63.5514332894011,63.2228181737141,62.3958333333333,61.9957345286293,62.7744510978044,60.3597122302158,58.5488505747126,56.9347688410386,57.4494949494949,61.1564949285385,63.6192511192511,60.7300884955752,61.858407079646,63.6332310731494
"Blue Earth","MN","Mankato","27","013",587,85.8102220509178,93.1476569407604,93.7758620689655,92.1106557377049,90.4469794805567,86.2110935419441,84.9716446124764,82.1546608235187,82.0870994248151,82.0870994248151,83.4348540602336,77.5544292592928,80.0926492172211,80.3664663790742,82.5763831544178,82.3317412896165,83.5674157303371,83.155792276964,78.6458333333333,87.0103339290442,83.155792276964,82.0932188385269,80.9659090909091,79.2582070707071,82.5757575757576,82.7638513279246,83.6776859504132,85.5446428571429,88.4008352716111,91.0413524384113,95.8281444582814,96.3680692125495,98.9413952947673,99.4837758112094,99.4837758112094,99.4837758112094,101.40625,99.9285714285714,104.300149308466,101.084804389313,97.9651162790698,99.051724137931,98.7253694581281,99.7845724353053,104.07196969697,100.233281493002,99.4837758112094,100.816279679916,101.89180157922,101.89180157922,105.826228918208,110.273658483001,116.45957025728,114.802311245321,120.636663007684,118.660176292133,117.561854721684,109.133024487095,109.133024487095,109.133024487095,113.425039872408,103.390295697673,106.316489361702,102.848101265823,106.060606060606,108.497096459222,109.838567977158,104.789017829139,102.459016393443,99.0092299367774,101.272607122034,101.272607122034,99.3987049028677,106.314344543583,103.376906318083,101.011560693642,101.198798827314,105.01815052682,101.252136261302,103.607770582794,107.13894258635,103.732162458836,103.92518975655,109.832272990168,107.309986389475,111.349828251356,119.947846885813,113.865546218487,113.680560719863,123.019594114977,127.5,145.575100255195,137.597178440352
"Otero","NM","Alamogordo","35","035",588,,,,,,,,,,,,,,,,,,,,,,,,,,,,,,,,,,,,,,,,,,,,,,,,,,,,,,,96.0470085470085,96.9818376068376,98.6293859649123,98.6293859649123,98.8541666666667,98.7417763157895,98.7417763157895,94.9561403508772,91.125730994152,99.1770833333333,100.502512562814,110.232843137255,102.096774193548,102.096774193548,101.055194805195,101.055194805195,94.9603838190795,91.8086543086543,90.6685906685907,90.6685906685907,96.4285714285714,106.038920276208,99.5013842666455,100.616197183099,101.232394366197,98.8851870835469,102.439113849765,103.645833333333,96.7741935483871,94.4444444444444,92.4864220090351,93.4709489856549,92.9292929292929,92.7083333333333,99.5975855130785,113.541666666667,117.850098619329,108.547106279577,110.836177474403
"Pittsylvania","VA","Danville","51","143",589,92.8719008264463,103.974177666038,92.8719008264463,97.5463389362192,96.1501443695861,95.476062283803,96.1501443695861,96.0718670565879,96.1501443695861,87.4464261161635,87.9056097896329,85.758062215256,81.9507691757014,71.2857142857143,70.7995951417004,70.7225208246079,71.2857142857143,80.0632911392405,80.0632911392405,78.5466157616893,79.4642857142857,79.3416003207515,85.1532042723632,86.6583541147132,86.7362750885478,89.5090638528139,88.1696428571429,90.8484848484848,93.8136826783115,90.1617918342052,82.2646244375216,87.9341917436881,80.963367823765,80.5853174603175,78.5570054945055,76.0869565217391,74.7282608695652,87.4439461883408,86.8932693904667,86.8932693904667,77.9768786127168,77.598477916397,74.0418118466899,75.2314814814815,77.9768786127168,77.2200772200772,70.1914311759344,70.1914311759344,80.3619302949062,76.352569741141,68.310546875,74.7282608695652,83.8293650793651,85.1278469305175,86.1607142857143,84.1021825396825,81.2960191301954,84.375,85.9050445103857,85.9050445103857,84.2261904761905,79.2381996658312,76.2580620640053,79.2381996658312,79.2381996658312,78.6764705882353,77.2321428571429,79.2837301587302,88.9422914286755,90.0832177531207,90.4761904761905,90.2797041146556,86.6158113730929,81.5972222222222,83.1213953165173,84.3339587242026,87.5535648561964,86.8336742722266,86.4673485444532,84.1427155599604,88.2076660112831,87.2,83.1253430924062,82.2506861848124,81.7669172932331,78.732069635535,75.4821772833834,75.1043808081172,76.4576457645765,83.5270632977426,83.6244541484716,82.8292682926829,83.5270632977426
"Tehama","CA","Red Bluff","06","103",590,,,,,,,,,,,,,,,,,,,,,,,,,,,,,,,,,,,,,,,,,,,,,,,127.314814814815,124.299034950443,131.207390059849,117.460317460317,117.965367965368,117.965367965368,128.805620608899,123.333333333333,124.255982498241,119.13357400722,116.654641056263,120,129.163951103976,134.232954545455,142.045454545455,128.457772337821,117.085862966175,135.833111393137,126.057968833601,134.654471544715,123.511904761905,128.436514373254,125.456204379562,126.404494382022,125,125,128.262168750491,127.388535031847,120.023023685444,124.895833333333,131.191446028513,136.51588328012,136.51588328012,136.467889908257,137.385512073272,139.939024390244,142.965551069154,141.05504587156,141.05504587156,142.929604798871,144.543639780513,150.79872752818,151.024811218986,150.79872752818,152.477763659466,146.775793650794,148.809523809524
"Lewis and Clark","MT","Helena","30","049",591,,,,,,,,,,,,,,,,,,,,,,,,,,,,,,,131.212121212121,130.686220926702,142.91555919035,144.824488667772,149.336283185841,155.833333333333,148.524920886076,146.091435185185,144.778911564626,145.37037037037,146.9,146.9,154.174228675136,154.174228675136,161.599980734202,152.389128382852,152.389128382852,148.454456267452,149.860529986053,149.860529986053,150.071242436636,138.303571428571,143.622701403742,147.684729064039,153.485275689223,155.486425339367,155.760869565217,158.061594202899,155.760869565217,155.760869565217,151.162790697674,154.13961038961,156.470588235294,155.357142857143,169.327597195666,155.486425339367,165.296367112811,167.312962615947,155.208333333333,163.376461511069,162.509329862471,163.376461511069,166.282789507358,163.336177382831,162.859029313871,164.36592956148,169.078947368421,170.037807183365,173.989661654135,170.523148148148,175.613490876585,167.408164478868,167.408164478868,170.39542986792,169.880700694654,172.148789748458,175.970873786408,179.33390264731,179.427589621527,179.33390264731,176.810922493758,169.347098214286,166.223404255319
"Washington","NY","Glens Falls","36","115",592,122.739018087855,123.458625187098,126.001374120306,127.314814814815,124.583550046232,126.126157407407,128.192291128338,129.677459925453,122.739018087855,119.902736910934,121.477296670881,122.578948571951,117.77713027713,122.578948571951,116.415793201507,122.418879056047,123.491001751871,121.672077922078,120.041152263374,118.550686181405,119.793447293447,116.61526366715,107.94701986755,107.919254658385,106.079027355623,107.805781175346,111.406518010292,113.555194805195,117.392116682739,110.324561403509,116.692677070828,116.692677070828,111.934156378601,107.758620689655,107.788775365404,107.758620689655,108.808732419844,112.099358974359,114.795918367347,127.934272300469,127.327643396612,127.327643396612,122.941564230974,117.65873015873,113.888888888889,111.058201058201,112.850407747197,113.888888888889,111.749459237712,116.315136476427,114.555307189909,117.928750447547,119.375,121.867021713637,119.0625,121.223955974273,114.712630635019,114.732142857143,117.199237089202,117.199237089202,119.891454871294,119.823232323232,119.823232323232,119.652406417112,117.076203208556,108.493490390577,116.978609625668,113.271604938272,110.062893081761,108.448425867557,105.229591836735,103.635716324977,99.4541666666667,101.101762820513,101.101762820513,105.767195767196,109.798534798535,113.373134328358,110.802469135802,115.131578947368,115.131578947368,114.336622807018,115.625,113.807411138665,107.989066155864,102.657458730133,91.7022315919375,102.924905049151,111.406518010292,111.892361111111,118.197278911565,111.649439560701,110.385938199019
"Columbia","NY","Hudson","36","021",593,175.490196078431,168.64417989418,165.972941587536,166.574074074074,175.344736842105,177.5,172.623255123255,170.133928571429,164.561170212766,161.70489214263,158.848614072495,154.050651071912,156.25,158.514190317195,161.70489214263,157.731958762887,163.387312469257,164.391447368421,168.59344894027,164.489841331269,159.497519043958,157.206263899185,143.510638297872,142.379296235679,141.042944785276,141.042331288344,152.130434782609,160.12063813638,164.391447368421,160.923753665689,160.65388951522,159.345098039216,159.866666666667,156.216755319149,152.198421645998,149.688167878214,157.657657657658,149.688167878214,156.392857142857,161.764705882353,160.279605263158,159.888205128205,156.376623376623,146.146146146146,153.654472110168,149.160011856605,146.632881216605,141.891891891892,138.986013986014,140.437517168757,138.888888888889,143.027210884354,148.235294117647,150.815725267448,150.967199327166,152.553404858388,154.320987654321,153.879621145725,150,153.61963190184,155.481144622249,165.141196013289,179.629919343624,179.724471932592,179.927667269439,166.207618556909,163.16899710704,172.461394118371,166.223404255319,167.086481947943,159.574468085106,159.332688588008,166.028368794326,158.782372598162,158.730158730159,158.792372881356,159.266409266409,166.666666666667,167.086481947943,169.418032786885,174.793495377796,174.793495377796,175.94397795418,175.707547169811,176.180408738548,174.341085271318,172.335423197492,179.927667269439,176.180408738548,180.10806440395,180.458625301386,175.882352941176,181.450076219512
"Pulaski","KY","Somerset","21","199",594,,,,,,,,,,,,,,,,,,,,,,,,,,,,,,,,,,,,,,,,,,,,,,,,,,,,84.9,93.890977443609,98.90625,93.376070335313,90.4090909090909,89.9,78.2,78.7277777777778,83.6466165413534,86.8233082706767,81.0430839002267,73.6622658982756,75,88.0177227101631,95.9,94.3621013133208,94.4300743171509,93.3395872420263,87.6825673436409,82.0255474452555,96.4765100671141,106.423314495992,108.25,105.703771849126,108.25,98.3542239010989,99.640742260788,93.3885242274504,93.3885242274504,97.842970521542,97.842970521542,94.6428571428571,93.4803451581975,92,92.8571428571429,94.4889162561576,94.3349753694581,94.3870466492545,86.4987130347303,94.2817733990148,91.9183673469388,91.0904514769579
"Coos","OR","Coos Bay","41","011",595,131.292393410853,132.259383608815,129.13961038961,129.707792207792,126.925639372448,127.610208816705,129.141886151232,123.653501827797,120.352306248324,118.721694570804,122.201589658725,117.597292724196,113.349373908549,115.743090806543,119.057205701769,110.872781065089,109.427959352701,110.671936758893,107.471880757913,106.299411656555,109.311740890688,108.815426997245,108.473635335917,103.029427188863,101.023017902813,102.654707580555,107.000644822748,106.549885757807,108.996539792388,114.830813534917,107.92113416641,106.549885757807,107.25262466436,114.316239316239,116.719862873759,117.659279778393,115.532933501684,119.222898316163,122.159090909091,127.092374457533,127.946127946128,124.107142857143,129.166666666667,128.703703703704,128.703703703704,131.25,129.853023897835,127.946127946128,121.217606707317,110.88295687885,105.095948827292,115.740740740741,117.447337962963,125.369822485207,128.162202380952,134.423076923077,137.350378787879,135.08064516129,132.407005933364,124,123.979166666667,128.380408653846,130.81775106981,133.547008547009,138.42608348067,137.962962962963,139.463785113565,139.526464101936,139.61038961039,140.278620550162,137.82605802502,136.879407344039,137.52224379196,137.055837563452,143.14138673178,143.213628679395,150.32373834542,155.208333333333,150.974512743628,152.626811594203,153.540100250627,148.476841911276,151.788500546107,146.190256545423,147.619047619048,144.31330472103,147.270742358079,145.226062883836,147.269345238095,145.729166666667,152.912621359223,152.912621359223,165
"Crow Wing","MN","Brainerd","27","035",596,,,,,,,,,,,,,,,,,,,,,,,,,,,,,,,,,,,,,172.753456221198,185.882910349374,199.875,191.308353808354,192.220786963434,171.935483870968,192.078218485661,199.8,204.431818181818,204.488636363636,198.148148148148,204.981060606061,202.674512987013,213.669478799212,206.375,211.231884057971,204,198.400537634409,189.620535714286,211.186011904762,215.10989010989,194.771241830065,189.873624021526,190.126712328767,198.625,193.813356164384,199.345238095238,197.5,189.138051857043,189.138051857043,193.137755102041,192.380952380952,195.890410958904,193.869047619048,194.327731092437,183.02752293578,189.285714285714,190.855927698033,197.456019281477,199.914247720365,195.360085681217,202.020860495437,205.833333333333,208.177083333333,211.442307692308,212.334905660377,215.628933717579,211.442307692308,212.5,211.442307692308,214.001450724382,206.521739130435,208.21325648415,212.244897959184,215.225563909774,213.570838236118,211.372180451128
"Lawrence","OH","Huntington","39","087",597,,,,,,,,,,,,,,,,,,,,,,,,,,,,,,,,,,,,,,,,,,,,,,,,81.015207856598,75.2604166666667,78.125,71.3541666666667,78.1575471698113,79.9,84.5724907063197,84.5724907063197,78.8013513513514,82.0017182130584,77.7027027027027,71.3492063492064,65.3153153153153,67.5992779783393,70.0320512820513,65.3153153153153,62.6778859760843,63.1182817289801,69.53125,78.6713286713287,71.1309523809524,80.0998855763504,78.9627627077224,82.9959514170041,82.0072349677613,81.1596657633243,81.7543859649123,79.3010752688172,80.8704453441295,80.7004396482814,80.8578845425684,72.0192307692308,72.2898953564421,66.5625,69.8573127229489,68.5786959497563,67.1246158594683,65.715154484919,69.0789473684211,69.8573127229489,77.5460717749758,80.188679245283,80.4339477726575,81.7604463437797,80.3571428571429,79.7923322683706
"Chippewa","WI","Eau Claire","55","017",598,,,,,,,,,,,,,,,,,,,,,,,,,,,,,,,,,,,,,,,,,,,,,,,,,,,,,,,,,,,,,,,,,,,,,,,,,,,,,117.307692307692,103.624533929903,121.93178807947,132.734389227827,131.833910034602,130.926600018971,130.833333333333,118.127801951477,112.569415700883,120.573347820088,122.727272727273,123.355263157895,122.727272727273,134.125766871166,133.81570410672,126.304041353383,126.304041353383
"Mercer","WV","Bluefield","54","055",599,,,,,65.9424336695538,69.6774193548387,65.0960127201566,65.4598825831703,65.4598825831703,64.4757810861816,64.103126405758,65.08078994614,59.7329270783686,61.3927848467322,54.7887457809428,56.6231755860239,60.0203458799593,61.7898214457203,62.5,59.3469076338572,60.3448275862069,55.9986275211839,56.4394961763383,56.4394961763383,58.9541434551349,55.6618480725624,52.5438596491228,53.9079842463301,57.3979591836735,64.0235540317913,69.4444444444444,63.034188034188,64.1304741387114,62.5894988066826,58.0952380952381,60.3537087912088,60.4395604395604,60.2678571428571,62.2222222222222,63.1840610047847,66.0974551764025,64.5443993506494,64.6443915127426,59.1451292246521,58.898922961423,58.898922961423,59.0371621621622,58.0357142857143,53.4855769230769,54.1253272702219,55.4166666666667,57.6113656436299,57.1870170015456,57.7894736842105,59.5021524705015,58.6547077474497,60.03663003663,57.767689975928,57.0717681308619,55.4315476190476,56.7366629312687,59.9,56.4236111111111,55.7202086562831,53.7313911190167,60.0751879699248,59.2885375494071,60.7581918201387,61.6372549019608,60.8407079646018,57.8215755848678,58.9149166595383,56.7977624784854,54.9044750430293,58.4365506766087,55.4908675799087,62,62.3765182186235,60.3621654857829,57.6471560846561,56.6437177280551,57.3593127757084,60.6617647058824,62.2670807453416,66.3647342995169,62.5,63.2821126242179,66.1823219476744,67.741935483871,62.4958928571429,61.5789473684211,61.6518767849857,62.4958928571429
"Otsego","NY","Oneonta","36","077",600,,115.6766004646,115.156017830609,108.495192307692,115.246278146074,120.833333333333,123.055555555556,125.58022769268,125.58022769268,124.6875,125,120.584498094028,115.684210526316,108.270065228525,115.981432360743,120.584498094028,108.841732979664,107.278254649499,101.912045889101,102.173971662499,99.9230769230769,111.590666923423,111.590666923423,111.590666923423,112.218370883882,118.378378378378,121.416845925516,117.033617424242,112.595671928428,112.972972972973,112.372455081007,112.061566394322,115,106,110,110.855263157895,111.71130952381,111.71130952381,112.325957556936,119.55160390516,113.960113960114,115.079947960383,117.1875,111.031746031746,114.864864864865,105.910838674533,107.271468144044,107.178217821782,110.294990503324,113.296568627451,112.337386877828,113.296568627451,110.681760420197,109.479837343273,108.910256410256,110.37037037037,109.479837343273,114.946283391405,109.918727106227,112.466124661247,105.755617112958,93.9516129032258,99.9991666666667,109.45798992674,114.269522376329,115.751695792853,114.61937716263,122.918508368694,113.947368421053,111.634615384615,113.947368421053,110.769230769231,117.37948265726,121.082781967369,114.939354559238,114.036393065998,114.036393065998,106.076923076923,105.224512362421,104.959159859977,104.340567612688,104.319406613361,100.591715976331,98.2424075638973,99.2948717948718,98.2449570976968,95.6957354859752,100.011767079075,102.444980795183,110.297038642109,105.655948553055,106.645230439443,115.049342105263
"Washington","OH","Marietta","39","167",601,,,,,,,,,,,,,,,,,,,,,,,,,,,,,,,,,,,,,,,,,,,,,,,,,,,,,,,,,,,,,,,,,84.5498783454988,82.1827972773139,82.9853862212944,80.5637873996433,74.9591503267974,80.5637873996433,75.8401453224342,72.676641440197,82.8571428571429,85.2941176470588,81.6885964912281,85.3959765724472,83.765479876161,82.9166666666667,88.1764705882353,86.7546842030704,86.7546842030704,84.4594594594595,87.1058368098621,87.4769797421731,90.9090909090909,89.9321266968326,88.1764705882353,87.823275862069,86.4735326061293,83.1473214285714,90.8100109848671,91.1534378246327,88.2575757575758
"Rutland","VT","Rutland","50","021",602,142.718446601942,145.081615120275,139.098014723973,136.588502014968,134.790528233151,145.227272727273,146.699343532032,140.588235294118,140.806938159879,129.068912217798,129.068912217798,130.042601352114,130.042601352114,122.58883248731,122.996543903229,129.533678756477,130.55152394775,130.55152394775,134.667387777177,133.907622633273,130.55152394775,130.681818181818,126.99564586357,132.378605330413,123.106060606061,134.453499520614,136.567911836267,136.274509803922,130.037843146965,133.866492373741,131.771614485689,133.934019001133,126.477734467892,123.996970820969,123.078226681128,123.078226681128,123.958333333333,126.00585688821,125.036586376062,124.700611952098,122.549019607843,124.527114294546,121.744791666667,118.77971473851,124.931544359255,125,118.75,108.955150158061,125.9453197405,125.210084033613,119.868421052632,125.210084033613,127.109929078014,126.400335775336,125.39072039072,123.482770745429,123.611111111111,125.360771304168,123.590982286634,119.685628742515,119.329421514115,113.44537815126,125.33692722372,123.611111111111,126.760563380282,125.125313283208,123.888559573207,124.194279786603,121.416019237884,120.729166666667,119.281075596144,118.973214285714,119.101016072335,123.944279786603,127.919911012236,129.137284797662,129.62962962963,131.824484671211,133.992805755396,131.140270277911,127.059440559441,122.222222222222,121.895424836601,114.583333333333,113.856589147287,114.21996124031,118.74848411351,115.869704749679,116.632528011204,114.030036133695,115.546239837398,118.029953917051,111.941995039956
"Sandusky","OH","Fremont","39","143",603,,,,,,,,,,,,,,,,,,,,,,,,,,,,,,,,,,,,,,,,,,,,,,,,,,,77.6403416403416,79.1089108910891,77.2699401919888,80.5779569892473,77.8271918678526,87.2107567229518,77.732128982129,72.6978291316527,72.4789915966387,72.57533165437,71.2132431186152,70.9421112372304,74.44257429498,74.8635319903977,73.0019493177388,73.406862745098,75.0300120048019,72.9429498745454,70.679012345679,71.2719298245614,69.6987328528249,68.6086956521739,64.8897058823529,65.3846153846154,71.0302301452556,73.0769230769231,73.0769230769231,74.9821937321937,75.6113256113256,73.8125802310655,73.4648675213905,67.1741024419596,64.6153846153846,64.0784868965886,64.0784868965886,59.3127896200185,60.3822762814944,71.1531957798386,74.9107142857143,76.8265199161426,80.18038163387,78.0828170363054,75.3036833694195
"Knox","OH","Mount Vernon","39","083",604,99.1561181434599,93.6964509465271,90.8492919895231,88.1834215167548,84.6307776653171,83.7138687505885,79.7297297297297,77.4923530828516,72.7856573890688,71.5467002677587,73.9064856711915,76.9638728323699,67.3048439586115,76.8681318681319,76.8681318681319,78.0208333333333,80.7622592652533,83.5443037974684,83.114564350096,82.3353293413174,82.7709838799333,82.9380053908356,82.3353293413174,82.344135258894,83.7053571428571,84.3535714285714,86.1657303370787,86.8055555555556,87.4125874125874,85.0081037277148,85.5324074074074,85.5947751322751,77.2482014388489,77.7566964285714,81.7610062893082,78.6219081272085,79.4052936862458,78.6219081272085,78.8292387018502,78.5714285714286,92.1461449942463,89.2857142857143,89.2857142857143,89.2857142857143,93.0838405118602,89.9805447470817,81.8601491987475,82.1629213483146,84.6354166666667,85.9049629245428,91.3714285714286,91.3714285714286,91.3714285714286,88.9086595492289,89.2459749552773,92.5298985904812,88.6339937434828,88.2768361581921,91.4835164835165,87.5643230564716,85.2580539943798,78.6427194277736,86.6851595006935,91.4835164835165,88.2137963556125,86.073500967118,81.5866556898352,78.7223598093083,83.2799487508008,85.0340136054422,84.3881856540084,86.8158895502646,87.3106445901145,89.8932748538012,92.6519280356306,91.7892156862745,88.4084073974325,83.7765957446808,91.4396887159533,90.422322775264,90.422322775264,94.2280693935308,98.2638888888889,98.0500898105813,97.52379936374,96.0957333626825,96.1032131299122,91.5750915750916,95.1190476190476,95.6725034083163,95.945945945946,97.4114196343359,97.735460627895
"Mason","WA","Shelton","53","045",605,156.25,155.723905723906,165.372457394173,159.722222222222,159.15854978355,157.857056350959,155.211243642095,153.601762820513,153.549382716049,149.271593169761,142.320834663262,140.707298720843,134.699675324675,136.365369946606,130.208333333333,128.887605046009,135.597826086957,133.935855810856,138.819444444444,138.850308641975,135.227272727273,134.878594407365,139.56043956044,134.615384615385,126.815781014454,124.179943767573,123.618469293113,125.600961538462,134.061347603014,134.061347603014,134.172077922078,135.743743377471,128.5,125.759789895356,135.642737896494,130.149351459217,124.388647996954,132.294429708223,139.40845172811,146.323529411765,139.526716610578,139.208838414699,141.170431211499,141.170431211499,144.230769230769,138.423988842399,134.827044025157,125.936880057063,125.304383116883,128.77401103081,132.867888793596,134.141923225557,142.578125,143.235950944073,140.887290167866,144.980378197225,147.707231040564,141.986959249522,138.573983886484,138.573983886484,132.589285714286,130.668257756563,133.035714285714,136.187453229865,140.93137254902,146.335630783595,140.084190832554,140.565786366624,138.869949494949,140.565786366624,140.973201692525,140.715372907154,138.376383763838,138.648419154646,137.400793650794,138.261851015801,144.60518384569,152.11435070306,149.640861931365,150.632911392405,146.985294117647,149.491094147583,147.617453158659,147.707231040564,147.707231040564,149.305555555556,154.698581560284,158.955,169.901315789474,173.076153846154,172.875880081762,170.905405405405,167.269685652039
"Stanly","NC","Albemarle","37","167",606,74.6753246753247,73.5194585448393,78.5573122529644,82.4476600985222,81.25,80.4752837514934,78.5714285714286,78.5714285714286,78.6945662768031,78.6945662768031,72.3507945306726,69.8675211756607,72.3507945306726,68.7583341135034,68.1645087585682,70.3828828828829,72.7354254465181,78.0071813285458,79.3018518518519,76.5855099371281,73.6785399744772,73.6785399744772,68.3220255368543,68.3220255368543,70.4946920939511,71.6883625375417,70.6329113924051,73.3039970663733,69.4444444444444,71.0833333333333,69.3521594684385,68.9022702104097,66.5433012583272,69.7818472157832,75.2354048964218,76.9113029827316,75.2354048964218,80.0213675213675,84.3830693996938,79.2636326466602,79.2179051107622,76.4595141700405,74.9803767660911,75,75.472323972324,71.4275510204082,70.8451503119682,79.2636326466602,74.9667243961805,69.3756875687569,70.8451503119682,82.3931769884639,82.8703703703704,77.2214386459803,76.2118491921005,74.140625,76.8693542990967,79.8593350383632,78.4821428571429,79.2936288088643,78.125,78.2697547683924,78.5860133854537,84.0214067278287,79.8490901020861,78.1702374059062,79.2327059709966,84.1609300661025,83.1062062476172,76.6317016317016,79.9384615384615,79.265873015873,74.1308793456033,73.4406438631791,72.0222211998528,79.9479088076103,91.227191811304,91.6666666666667,96.8023255813954,96.8689672903098,91.1764705882353,90.1032474496547,88.8790035587189,90.9820937720883,88.2912196817102,90.0367156208278,92.5566343042071,101.19422994423,94.7189642614964,96.3571428571429,101.14709851552,105.809743016119,101.14709851552
"Garfield","OK","Enid","40","047",607,,,,,,,,,,,,,,,,,,,,,,,,,,,,,,,,,,,,,,,,,,,,,,,,,,,,,,,,,,,,,,,,,,65.9720720525906,64.1658440276407,68.3615807782542,64.7242718446602,65.5254012284526,63.265306122449,60.9605911330049,66.3294797687861,66.4663573915291,68.5218253968254,70.7874015748032,71.768968456948,67.9421768707483,68.4039192974174,66.4663573915291,65.1186894731159,62.3582766439909,59.062980030722,58.1567796610169,61.0775936104431,64.7244948286116,66.127497621313,67.9857706971678,63.551804541768,68.1942171303873,68.6426116838488,63.9957264957265,65.8813579871247
"Georgetown","SC","Georgetown","45","043",608,144.173140954495,143.629336264618,144.173140954495,144.938749194068,148.173673328739,146.506783463305,141.97105444521,141.97105444521,141.97105444521,140,141.07027724049,147.924121510673,140.271033314512,138.491295938104,135.321405796711,134.285714285714,131.399594320487,126.182965299685,130,131.83908045977,131.550071132554,131.764705882353,123.517439171061,117.764878385372,124.916666666667,125.956000092827,126.765136755622,136.374916163649,139.88922841864,140.730837789661,138.283975659229,132.430858472229,127.249575551783,129.054573405073,127.800359966095,121.212121212121,119.612760464687,117.529411764706,116.705882352941,118.380305602716,119.866666666667,116.705882352941,116.705882352941,117.636241887298,117.636241887298,119.170526315789,120.878048780488,122.688928058493,126.073833845793,126.93898655636,122.111111111111,119.92,118.479713603819,118.684301246354,118.287475849528,116.477349560514,124.999,136.962962962963,138.142506932444,145.432147651007,154.592496765847,126.846153846154,142.3304648047,147.407407407407,156.357142857143,140.645161290323,144.575029346741,142.531356898518,139.862424763543,140.645161290323,147.777777777778,162.521194730664,150.972222222222,154.533333333333,141.472868217054,143.487900671481,136.36,130.207435061521,127.173810645313,127.186905322657,124.5,125.363486842105,125.363486842105,126.210526315789,126.210526315789,123.870967741935,125.047123015873,122.023297491039,119.047619047619,116.323924731183,119.047619047619,117.181818181818,116.206896551724
"Belknap","NH","Laconia","33","001",609,153.118161925602,150.347222222222,148.269468479604,153.267496392496,154.760551948052,145.951035781544,153.92861996001,147.405660377358,147.431353767561,151.909722222222,145.645443250116,149.875,142.268923600488,139.026487788098,134.58013312852,149.875,143.518518518519,146.709739116003,145.951035781544,145.591856060606,143.104980996088,140.12290726817,140.651629072682,136.165577342048,132.211538461538,132.451923076923,135.71297409188,137.94250104734,139.604591836735,140.520833333333,140.69678672708,139.285714285714,133.185279187817,132.255995844829,131.782845520047,127.134724857685,126.176808266361,124.237288135593,126.85546875,129.67826657912,130.632514375327,130.329949238579,133.161512027491,134.388578522657,130.534548844919,130.358686916981,126.52870125134,127.580457035674,126.923076923077,126.072393399533,126.946652296915,129.869489666964,131.302270011947,129.887005649718,133.770678836281,133.829365079365,133.34478021978,136.006430700544,137.721238938053,135.625596943649,134.634560596099,136.86797752809,138.741244722847,139.219926637178,142.687941360508,138.365384615385,142.785714285714,147.540250447227,147.540250447227,145.46585311628,150.715557008463,154.949299017305,146.5775715709,148.994859307359,143.303571428571,140.30612244898,145.628415300546,150.081168831169,147.787162162162,147.787162162162,147.466164007976,147.557328015952,152.411330231967,158.854166666667,158.854166666667,152.107728337237,156.160714285714,160,156.97885920061,156.591440811862,158.362676056338,161.630358397751,161.630358397751
"Genesee","NY","Batavia","36","037",610,,,,,,,,,,,,,,,,,,,,,,,,,,,,,,,,,,,,,,,,,,,,,,,,,,,,,,,,,,,,,,,,,,,,,,,,,,,,,,,79.4585987261146,75.6944444444444,72.7686703096539,70.1042306511057,67.614952697611,65.5987394957983,61.8193069306931,61.3020972705379,59.3440594059406,56.4524017945071,61.2160548287141,62.8654076770281,65.5987394957983,74.7659580031903,78.4455128205128
"Huron","OH","Norwalk","39","077",611,,,,,,,,,,,,,,,,,,,,,,,,,,,,,,,,,,,,,,,,,,,,,,,,,,,,,,,,,,,,,,,,,,,72.2423146473779,70.6367924528302,74.0071369147269,74.0071369147269,76,74.1290160448483,66.1497666247116,66.079295154185,65.0390625,72.7611940298507,72.0693725251295,70.7531524122807,71.5686274509804,70.8333333333333,65.6862745098039,65.6862745098039,65.6862745098039,67.3769419115164,66.7455523500421,70.5223880597015,66.4007092198582,66.6829528421538,67.090395480226,74.8339051482296,78.2582885149802,82.2802197802198,83.2066869300912
"Washington","VT","Barre","50","023",612,139.9,133.838888888889,133.838888888889,154.017857142857,157.184829059829,153.317068106312,153.317068106312,149.57264957265,148.313492063492,146.110026041667,145.833333333333,142.647058823529,142.647058823529,135.504201680672,140.315072639225,138.392857142857,127.132936507937,129.479034307497,142.286527279475,147.20156555773,149.044574526785,153.683319220999,154.454022988506,148.017177266512,147.142857142857,147.255689424364,148.77408056042,145.916666666667,145.833333333333,144.305019305019,144.305019305019,147.260273972603,147.100175746924,146.17939821829,147.5,144.403149038699,143.865222719523,141.666666666667,141.904761904762,145.819445587469,158.35,159.2,154.970760233918,156.142787524366,154.424040066778,146.404761904762,148.809523809524,148.409893992933,146.204946996466,151.877133105802,151.596461289743,151.904761904762,155.820348304308,152.062328139322,150.829716042684,150.243439764899,150.300687285223,150.229147571036,148.763853367434,148.166068248825,146.299483648881,146.299483648881,147.572815533981,148.02065404475,142.533936651584,148.086522462562,149.029982363316,149.029982363316,147.077114427861,144.841478475835,152.105263157895,150.229147571036,149.158484942799,151.503462674407,148.9986524913,150.392351563296,149.286987522282,150.555555555556,145.073633232842,147.32905982906,141.143260409315,139.718804920914,134.036052551176,138.334949364361,132.743362831858,138.075313807531,129.190009337068,129.411764705882,137.614045792655,141.063244729606,141.430948419301,141.430948419301,142.564789278144
"Haywood","NC","Asheville","37","087",613,163.25,162.210648148148,159.232954545455,159.375,161.921296296296,161.470588235294,161.806208842897,162.5,147.865853658537,150.273224043716,149.9,150.273224043716,147.995426829268,140.33850493653,136.693255982596,133.515519568151,140.33850493653,143.580426356589,147.524752475248,149.179104477612,144.484583788862,143.12987012987,141.507075471698,141.583333333333,142.412275936991,141.583333333333,146.402663086957,138.888888888889,130,130,127.965043695381,127.501108491041,137.067708333333,132.5,138.101230156303,140.561560150376,138.737119530755,138.101230156303,138.493975903614,137.643550380597,139.63722447765,137.786653878843,135.317020508021,136.734852730556,133.802293563628,135.374149659864,132.861635220126,137.864823348694,136.322605965463,137.792396372128,131.682389937107,132.631578947368,132.351503759398,138.40143822302,141.125783057368,144.307469180566,146.141326309173,141.675020586445,137.271062271062,141.675020586445,141.067216981132,136.147525652323,143.737392223849,141.304347826087,140.112062713679,136.697247706422,134.615384615385,132.108173458062,127.278129159158,125.482625482625,126.386001386001,125.482625482625,119.983792203158,123.370779639892,126.386001386001,127.289377289377,142.22619047619,143.388571428571,142.821428571429,150.892857142857,153.784187768951,154.175627374921,152.269345238095,152.660784844066,155.776515151515,155.102613848395,152.395353302611,148.528892698669,146.701388888889,149.253731343284,152.065217391304,150.701171848902,148.615019669667
"Laurel","KY","London","21","125",614,,,,,,,,,,,,,,,,,,,,,,,,,,,,,,,,,,,,,,,,,,,,,,,,,,,,,,,,,,,,,,,,,,,,,,,,,,,,76.8269230769231,77.1011904761905,71.8769617074702,72.3582339401548,71.8580210836201,81.307103232675,81.9414094509697,83.8603809346259,83.8603809346259,81.7953578079276,81.1753181253879,75.2380952380952,71.2141577060932,74.232713217805,76.1904761904762,77.3488008342023,77.3488008342023,85
"Walla Walla","WA","Walla Walla","53","071",615,119.460500963391,131.35593220339,119.254060005505,120.277777777778,128.821362799263,133.073375134785,133.766576041724,132.72921108742,125.333811210435,123.96694214876,132.72921108742,135.555555555556,134.783934407096,139.513108614232,138.732457921574,128.701045982965,128.821362799263,116.329479768786,115.352564102564,120,117.466587390824,122.372733715231,116.358408413257,111.460446247465,122.315984320557,120.879120879121,120.417054813154,129.177435106102,128.773006134969,124.137931034483,120.075608926563,119.292331720617,127.456186935741,125.266767542285,126.367914496953,129.396984924623,130.776173285199,135.963104293226,136.184210526316,133.772102044216,135.562015503876,135.815564987359,134.871403232164,131.251890502117,132.510720227389,129.997147447839,129.964488636364,130.029806259314,125.547063414805,125.547063414805,126.355490018149,145.258668439127,134.032634032634,142.19696969697,141.159717982635,137.510933129926,136.736842105263,134.299516908213,141.225961538462,140.873854827343,136.400880518528,134.340222575517,139.444827511236,147.157460545194,146.859371278876,145.577523413111,150.227790432802,154.175588865096,152.777777777778,153.516548463357,149.127629749001,149.359886201991,136.600625651721,133.583021223471,135.676810073452,137.999690419903,142.434210526316,150.595238095238,169.230769230769,169.574175824176,169.501822600243,166.666666666667,163.356435643564,155.075187969925,155.086848635236,157.715277777778,159.875,161.809523809524,166.555555555556,163.365384615385,163.365384615385,167.401659084827,168.316831683168
"Lee","NC","Sanford","37","105",616,81.5508021390374,81.1199517120281,81.3581028437865,81.1764705882353,81.0634328358209,81.1199517120281,81.5508021390374,76.76872111809,71.9593450028233,75.2534832969616,65.7894736842105,65.7233082706767,73.48569969064,74.4010088272383,72.562358276644,71.8849840255591,69.3646412642476,69.9300699300699,71.4285714285714,78.664402942841,77.4923844496205,74.8958333333333,73.6067544136192,75.1920122887865,78.1616688396349,79.4753086419753,79.4753086419753,78.5983196697482,79.4753086419753,78.5485834440018,80.2752293577982,80.0467914438503,76.1585365853659,74.8915844042963,78.047480620155,77.7616279069767,79.8898395721925,78.2979246371855,79.3224299065421,79.3224299065421,79.0066873942159,78.6909448818898,78.2262863944333,79.0066873942159,83.9192595793719,83.2249567667969,79.0066873942159,71.2328767123288,70.6773384116836,70.6773384116836,75.5040357812507,85.2490421455939,77.8296232876712,84.1072596813337,78.544061302682,70.9704609500805,75.3512132822478,75.8132573805731,79.2540792540793,80.2564102564103,80.40038254756,82.618025751073,79.2540792540793,76.8471665231906,79.2540792540793,79.8018648018648,78.0652207896924,79.8018648018648,81.1919504643963,86.9695158398087,92.184368737475,80.9011457416949,82.1004566210046,90.0374968687375,80.5480924234283,83.0411919368975,84.355582688916,84.3255196815568,84.9315068493151,84.0238432985992,84.4254510921178,84.3267694063927,89.2119468236974,88.5416666666667,88.3104125736739,87.2928843187748,87.0331132635811,92.5154320987654,89.8437563267009,93.2730356133409,93.2730356133409,90.2006172839506,92.7734375
"Oxford","ME",,"23","017",617,104.516219239374,101.485019072228,101.322751322751,94.1558441558442,101.689275808219,106.009615384615,106.481481481481,109.347442680776,109.598963204944,112.416666666667,114.200595829196,108.878968253968,110.585784313725,113.667326900105,111.681547619048,118.625992063492,108.94495412844,118.948412698413,124.651810584958,130.323693347953,124.305071959146,122.022167034584,123.695778145695,126.224795751634,116.666666666667,126.969401041667,124.35046728972,137.679073503816,132.211538461538,126.855383609416,135.31799729364,133.404581225408,132.494658119658,131.780039721946,128.402777777778,115.162037037037,127.475,129.95,127.314814814815,125,133.166666666667,133.166666666667,135.204081632653,135.642361111111,130.639097744361,126.190476190476,124.990178571429,126.111111111111,122.387770897833,121.006944444444,122.084899749373,122.083333333333,137.5,132.137048192771,138.888888888889,141.927083333333,139.349112426036,143.2,154.496818970503,146.329365079365,149.374131944444,137.896825396825,136.752136752137,130.078125,139.349112426036,130.859882594323,123.076923076923,124.578422619048,134.095427435388,128.191276185525,134.095427435388,125.157232704403,134.408602150538,135.811965811966,135.923734385273,139.973958333333,147.459016393443,147.687841530055,154.219848316685,157.444878941676,153.225721508321,153.225721508321,150.754310344828,154.166666666667,150.754310344828,150.998776794035,144.618834080717,155.324712643678,159,157.741379310345,152.638888888889,153.75,155.695921985816
"Pike","PA","New York","42","103",618,121.7125382263,116.116220735786,110,109.375,103.487064116985,103.257568612657,103.826865391826,104.166666666667,104.166666666667,103.601771511208,109.615384615385,106.132387706856,106.132387706856,105.777777777778,105.263157894737,98.2845622119816,95.7128194386259,91.1458333333333,91.325893774399,90.9396103896104,90,90.4090909090909,90,89.8183760683761,91.5833333333333,92.0416666666667,92.7423469387755,88.1944444444444,88.1642512077295,89.280701050774,88.2936507936508,85.4838709677419,85.3749504906922,85.2660300136426,86.3673469387755,84.1640997890998,83.6199652088206,84.1839133089133,84.3878008192524,84.8765432098765,85.0867507886435,90.5707196029777,90.9933943089431,90.2090209020902,90.6048976608187,88.2222222222222,89.1369047619048,92.1474358974359,90.625,92.323717948718,96.0086299892125,94.641741895191,93.3333333333333,94.0190972222222,92.9411764705882,92.39733276884,92.0190995907231,93.1080151358789,92.6785714285714,91.4728682170543,86.6515702282343,88.019801980198,90.266564469426,88.6931180839776,92.0284018651971,90.6772203532766,90.5511811023622,90.8181818181818,89.341332954653,89.1865079365079,88.8888888888889,89,83.1858974358974,81.6065351894818,83.1666666666667,84.5670196356109,85.3374709076804,79.4871794871795,84.8524305555556,84.8524305555556,81.4573620823621,84.7222222222222,84.6153846153846,84.6153846153846,84.4505494505495,77.9333824070666,77.8362573099415,81.0199481225297,81.6051136363636,87.3538011695906,87.3019005847953,84.5489130434783,83.2222222222222
"Seneca","OH","Tiffin","39","147",619,,,,,,,,,,,,,,,,,,,,,,,,,,,,,,,,,,,,,,,,,,,,,,,,,,,,,,,,,,,,,,,,,,,,,,,,,,,,,,,74.0162037037037,73.3490275726243,77.0833333333333,75.7493291204986,75.390625,65.8211794546608,65.8965896589659,64.4736842105263,65.819209039548,60.0873998543336,58.284199485792,62.4780028647432,64.3857642722958,62.8703703703704,62.956204379562
"Windsor","VT","Claremont","50","027",620,,,,,,,,,,,,,,,,,,,,,,,,,,,,,,,,,,,,,,,,,,,,,,,,,,,,,,,,,,,,,,,,,,126.13457408733,126.643356643357,123.204976686958,123.520513577332,122.933884297521,124.537714446801,124.466571834993,130.068824404762,128.716248186234,133.957686335404,131.034247819767,132.440476190476,155.602130940698,148.767569151553,134.681039215686,136.764705882353,129.253731343284,129.862116889767,137.692307692308,141.260655353093,143.127952091768,144.730538478474,150.620567375887,152.729257641921,144.632185336095,147.222222222222,147.92899408284,147.058823529412
"Boone","IN","Indianapolis","18","011",621,85.9973723723724,84.0144230769231,82.4140168721609,84.0144230769231,81.747548976621,81.0810810810811,81.0810810810811,84.705176934249,92.0996155854017,88.9846743295019,88.4668880629546,86.7608448567248,83.0877593431676,86.7608448567248,85.5725879170424,90.4210526315789,88.8576779026217,83.1818181818182,80.6451612903226,80.6451612903226,80.1959983666803,77.802607785286,79.7023809523809,76.8614460875857,76.9597818677573,80.1282051282051,77.0661425551497,81.2368972746331,83.7872787278728,85.1097470238095,84.5052083333333,84.5052083333333,83.7430167597765,87.5,87.1952204947608,85.8190574665691,85.3570655966504,82.6833744031782,85.8739837398374,87.45,92.5347222222222,84.95,90.670804032873,86.0000561251216,90.1116427432217,90.1116427432217,87.6629918555588,85.5931822699264,87.9712746858169,94.1468253968254,97.8909514064322,91.773626831175,97.1849865951743,86.6836734693878,88.0893300248139,89.7043872346292,92.0789473684211,89.8569279525032,87.2905555341155,83.0770620244304,86.9462025316456,86.3311099730108,84.1179738083566,88.4708049886621,96.2631578947368,90.9090909090909,89.8589065255732,90.9554860024344,94.7340705634545,90.9840018371096,90.4891304347826,94.7340705634545,89.4210526315789,96.4523281596452,96.4523281596452,99.039742486034,97.9322239490542,97.2776870113199,94.6842105263158,89.4210526315789,93.2017543859649,99.0506904069767,102.529761904762,94.3322222222222,95.1001388888889,97.8991596638655,101.56220013851,108.910891089109,99.4736842105263,99.9251660224006,103.835978835979,115.073272854152,104.181951577403
"Marion","WV","Fairmont","54","049",622,,,,,,,,,,,,,,,,,,,,,,,,,,,,,,,,,,,,,,,,,,,,,,,,,,,,,,,,,,,,,,,,,,,,,,,,,,,,79.0580784889574,78.6111111111111,82.0707070707071,77.2805507745267,76.209636602895,82.9501915708812,84.5669993950393,88.0197916666667,88.0197916666667,82.4776785714286,78.2560759746026,69.3576388888889,72.3404255319149,76.9219144371529,76.9219144371529,79.9,74.6812601660216,73.7326388888889
"Garfield","CO","Glenwood Springs","08","045",623,,,,,,,,,,,,,,,,,,,,,,,,,,,,,,,,,,,,,,,,,,,,,,,157.517899761337,172.840233449609,171.270718232044,169.213973799127,180.457052797478,181.723371759564,192.218984251427,187.5,189.956331877729,188.59126984127,198.108108108108,193.603603603604,179.553264604811,179.553264604811,176.856233451637,185.67439862543,193.377965121084,204.984625483693,206.489568170791,220.34532020804,223.118279569892,246.259124087591,236.654804270463,226.599753694581,219.963057211098,219.963057211098,228.299876847291,223.721301947108,222.183344996501,223.721301947108,231.772493017034,234.71615720524,217.391304347826,248.339637610325,245.633187772926,242.123990528785,241.590214067278,233.35883703137,227.989723050659,230.410174822617,226.076697411993,244.334277620397,248.500428449015,238.549618320611,242.130596615253,242.657766990291,247.747747747748
"Franklin","VA","Roanoke","51","067",624,182.039061641578,165.24362244898,147.839506172839,143.333333333333,145.450590090825,143.480837004405,142.914876904655,145.303792986669,162.375,165.209862385321,162.375,157.692602040816,148.898919753086,153.964792551749,153.75,160.364145658263,148.638565891473,157.511057368684,162.721490805815,154.123711340206,156.772727272727,161.550080775444,161.550080775444,172.506099686302,166.965950816003,173.157894736842,159.9,140.672824947589,134.515597812578,132.52688172043,141.074549300957,139.930555555556,137.610873139495,135.939757341754,142.104166666667,141.598763690327,155.827765404603,161.875,161.976298498123,164.328272182333,166.578947368421,159.642401021711,162.077596996245,159.642401021711,167.788461538462,155.722387359199,155.819774718398,147.373271889401,155.625,148.441964795977,147.598870056497,167.403446155812,162.11504938989,162.11504938989,173.58803986711,159.000404058544,161.195802507641,169.240828444193,173.58803986711,162.11504938989,162.6953125,162.6953125,162.6953125,187.007077856421,189.001652375849,201.114488348531,191.489245907349,166.176470588235,176.895854398382,168.677325581395,168.677325581395,168.604651162791,168.75,178.930675124604,194.3359375,193.975033967391,194.661458333333,194.661458333333,199.900793462191,198.028508492599,202.779864763336,194.661458333333,161.95987654321,162.873893662381,161.38540899042,163.716114652983,187.014082567228,189.68253968254,181.746031746032,190.381867003935,203.659481482771,196.033210332103,192.914691978985
"Broomfield","CO","Denver","08","014",625,175.716440422323,175.682261208577,174.222330145447,174.337517433752,167.851879756529,167.953328232594,167.023009570352,167.023009570352,165.989740314178,161.863441436612,163.65202411714,161.20644825793,160.065711034984,158.878504672897,160.10703970011,160.542970140854,162.975543478261,159.565539235085,160.433386837881,160.047258979206,158.032112366478,155.920610143335,155.730604764814,158.858465138631,158.692185007974,161.030595813205,159.300049877914,156.021409455843,160.112359550562,163.24570884448,168.183935742972,163.365539452496,164.838291789511,166.240190951201,169.838572642311,165.676959619952,168.895704250161,172.592462134554,170.930648239844,167.96875,176.343223736969,177.997284488046,180.393917997567,180.68148441627,183.042947112607,181.401754385965,182.4425620374,184.362469927827,186.538461538462,188.61183326157,191.283209351753,195.952540560942,193.570875290473,195.432131731197,201.133090807746,202.163687676388,200.786364539265,201.089626933576,204.951320609215,207.357041251778,209.766162310867,211.969653864391,210.437710785063,209.255308924485,212.867826086957,208.960843373494,216.195053528555,215.725292242295,218.447533456254,216.801317924913,212.47175292758,209.720125905584,215.528262017961,219.512195121951,222.862646403591,237.336146971202,242.021276595745,245.726495726496,244.529012870134,245.846676687798,244.731610467727,239.683657792276,238.549618320611,243.237085154901,243.237085154901,249.781386633354,253.196930946292,254.714498510427,255.346620380103,258.542205726405,258.542205726405,263.317073170732,261.012981227818
"Saline","KS","Salina","20","169",626,95.6117806924259,95.4354306398382,98.3012018154435,93.1547619047619,90.3350122100122,88.6618814192344,89.2800548631085,87.0967741935484,87.8099173553719,86.1646690210347,82.5352112676056,84.0213335383067,85.8072916666667,85.1836479671531,86.4186851211073,87.2276845961056,86.6617235129346,89.2857142857143,89.4886363636364,86.6752902272631,84.3175983814839,81.7380925753819,72.8610647885325,72.8610647885325,71.9951923076923,72.8116710875332,76.5984654731458,83.1300147940142,91.296928327645,87.7976190476191,85.5022831050228,85.5022831050228,85.5022831050228,89.8364485981308,88.3333333333333,88.1481481481482,88.6651696606786,89.8364485981308,88.4286772607379,86.658988526526,89.5833333333333,86.4274489066317,93.206616253688,94.2367097701149,89.8457605309495,86.052036199095,89.1927083333333,89.0625,90.8314910341439,89.5703933747412,88.5944700460829,88.4495192307692,89.0749284123449,90.5440414507772,90.5218317358893,83.7792593113801,83.0090791180285,83.2291666666667,83.2547966131142,83.2167832167832,77.9947916666667,82.4956425051088,87.934000378764,87.4769797421731,84.1230687121098,88.5270979020979,88.1118881118881,91.6557908616329,88.2899628252788,86.9167429094236,87.890625,87.428985635229,85.3292398233058,85.3902529230849,83.8926174496644,85.571377072819,85.0483444485868,84.5052083333333,83.3808844507846,80.8058307394487,81.7307692307692,80.9866399648853,92.8725701943845,92.8725701943845,90.6655142610199,92.4705160943485,93.1050653664353,99.0990894864134,91.7892156862745,92.8169014084507,84.0663580246914,83.7546816479401,83.7546816479401
"Fulton","NY","Gloversville","36","035",627,,,,,,,,,,,,,,,,,,,,,,,,,,,90.3361344537815,101.872246696035,92.5925925925926,94.1712962962963,98.8372093023256,97.5954738330976,98.32953682612,98.455548554904,98.2163415677116,97.5954738330976,97.5954738330976,97.5954738330976,100.2331002331,95.75,93.0368276062056,93.75,92.5,93.125,93.75,94.6969696969697,94.5512820512821,93.0833333333333,94.5512820512821,84.2547876100508,84.97337112915,85.9375,84.96875,85.9375,85.9375,92.4166666666667,97.4547101449275,97.4547101449275,94.6913430420712,94.6913430420712,91.2777777777778,83.2291666666667,86.9559496567506,85.4437229437229,89.6117665201635,92.9069767441861,93.6507936507936,86.8840579710145,87.609649122807,80.1622763467866,87.609649122807,81.0169772014874,74.0740740740741,82.4265491452991,86.8872145366711,88.6936885129875,87.9401408450704,92.6587301587302,98.0952380952381,90.4452690166976,83.126673713883,80.3403010033445,79.430602006689,75.8784425451092,74.4689016378514,72.8831479268181,73.9814814814815,75.196335078534,73.1339227154704,73.8447319778189,73.9531063321386,76.5728476821192,82.167470663526
"Kenai Peninsula","AK",,"02","122",628,170.673076923077,162.881873727088,170.673076923077,173.363826129666,177.045703292296,173.611111111111,174.852652259332,172.964725105729,171.875,163.753399378399,155.2210724365,164.141414141414,152.259332023576,148.767605633803,152.869238005644,154.819863680623,156.02989888424,154.002093422115,154.358353510896,153.502879078695,155.208333333333,154.358353510896,154.451904028175,154.545454545455,156.25,168.202764976959,160.818713450292,156.25,155.900957923906,158.289042162996,154.545454545455,151.5625,153.093434343434,159.885714285714,171.604938271605,173.687931690869,166.051660516605,163.663809894819,165.881268436578,165.881268436578,167.488459981104,166.668952934882,169.543773119605,173.611111111111,172.521739130435,170.006613756614,169.642857142857,168.094846690874,169.508203513424,164.918154761905,166.40625,166.40625,159.411011523688,156.25,153.761061946903,158.653846153846,163.82722007722,159.411011523688,161.583017676768,163.690476190476,161.339962121212,163.963963963964,163.963963963964,163.963963963964,163.963963963964,163.963963963964,163.690476190476,163.963963963964,161.788095238095,159.885714285714,146.949404761905,145.5078125,151.128472222222,151.909722222222,164.303571428571,161.157124866802,158.007294757666,156.25,155.625,158.203125,167.925824175824,167.925824175824,176.056338028169,176.056338028169,166.772112252568,165.270121278942,169.411057692308,171.428571428571,171.428571428571,166.025641025641,163.628472222222,164.096916299559,163.628472222222
"Tuolumne","CA","Sonora","06","109",629,,,,,,,,,,,,,,,,,119.480698529412,119.280188880716,116.047520108038,115.11011011011,113.248648240447,111.429861635047,108.565737051793,104.571560031317,104.310344827586,100.792476638078,104.796977216332,93.079633120014,98.8002544529262,100.925925925926,104.891304347826,104.876219054764,99.3612497689037,107.698229407236,112.048757618378,110.036719706242,111.393696991007,112.376837825582,112.326723722276,113.842307692308,131.09672820051,135.869565217391,142.118428912784,142.857142857143,138.310185185185,135.807504078303,133.370535714286,135.637316052993,135.193787537538,137.561841887996,137.432442302074,142.142857142857,138.888888888889,146.233974358974,146.322378884925,143.429487179487,143.462192569335,147.424585769981,140.384615384615,135.084541062802,153.459821428571,147.411445002686,158.620689655172,157.738542449286,156.748188405797,159.883720930233,152.82131661442,152.470187393526,152.27676036343,152.27676036343,153.145695364238,146.132070806962,141.030011655012,147.246586013106,153.841628959276,168.257218444742,176.153846153846,178.795306001188,169.501133786848,173.259493670886,169.501133786848,167.534106891702,170.603674540682,175.695358015411,176.778242677824,177.071553771345,179.445104044397,182.545811518325,184.106185096308,187.131367292225,184.539070067808,186.280424917492,182.211538461538
"Walton","FL","Crestview-Fort Walton Beach-Destin","12","131",630,246.244632293949,244.522348816827,241.502783382357,247.486465583913,234.244764764018,234.244764764018,233.94924269744,236.452599388379,232.252410166521,226.395403377111,225,218.494941362969,225,226.829268292683,227.666362807657,225.358082343856,231.829896907216,225,225,224.357101110462,219.187208527648,212.771503040834,213.048731373339,222.879776328052,204.163336663337,207.923127680633,216.730343007916,227.272727272727,211.83838661345,212.207239176721,217.632113821138,204.582651391162,209.302325581395,201.447067783701,233.965672990063,224.090128162089,227.823871479339,234.745648369866,229.69837587007,241.016652059597,240.138412127819,238.824792243767,242.276422764228,241.463683052091,239.837398373984,235.458541221193,235.458541221193,235.458541221193,224.826388888889,223.597526488443,244.018796073088,245.957446808511,248.33215046132,243.73572668311,246.673490276356,248.173239702837,248.387398932017,242.468085106383,238.514422134628,244.045547594678,238.99692937564,240.288461538462,237.446808510638,243.091095189355,247.967479674797,240.59221468782,237.796337028245,233.111566018424,239.805097451274,232.465117175455,248.33215046132,256.410692268639,246.882454368784,254.643778033353,248.687577913031,246.153846153846,253.141167775314,267.865445303654,272.585227272727,284.575101937195,277.027699562499,274.692268041237,272.585227272727,263.894783267178,268.151815181518,283.779573901979,263.561924257932,260.777954284706,264.283075665938,279.693486590038,279.907975460123,263.108872043987,258.742965367965
"Venango","PA","Oil City","42","121",631,,,,,,,,,,,,,,,,,,,,,,,,,,,,,,,,,,,,,,,,,,,,,,,,,,,,,,,,,,,,,,,,79.1744840525328,76.1493680836294,79.1744840525328,79.053544494721,79.053544494721,87.0383275261324,87.589676583579,87.1839387464387,87.2922201047201,77.4646500069271,74.4758214251331,71.4684014869889,69.6708523272048,72.1884498480243,73.0240549828179,73.0240549828179,67.1896086369771,62.5810922387356,64.3849206349206,63.799549707193,63.2547864506627,64.3849206349206,63.3046949573277,69.3452380952381,69.3663194444444,68.8733483198244,68.8733483198244,72.5820996945275,63.3546034639927,66.121393179831
"Washington","VA","Kingsport","51","191",632,,,,,,,,,,,,,,,,,,,,,,,,,,105.269532055246,109.30602006689,114.965652600589,108.836587752479,114.135877071823,106.701388888889,110.46875,103.222532789102,103.222532789102,103.008558087856,103.042287800426,110.138218496251,113.451501481869,108.988384820098,110.044052863436,113.840797825406,112.915801842761,113.494318181818,112.745098039216,105.089716768587,111.025387028359,105.576923076923,104.211843202669,103.352876821885,103.941490520811,105.844565157912,104.036827195467,105.200231779552,108.056872037915,107.885444485561,106.363636363636,104.877369007804,104.166666666667,99.4127516778524,102.599178448363,98.4375,104.166666666667,105.908584169454,103.01115575408,100.502934486535,101.769371568029,98.993288590604,108.2336992904,103.006872852234,108.366814049398,111.022364217252,111.022364217252,117.436396936397,116.491841491841,109.523523689913,106.457164507822,108.208133012821,108.208133012821,105.619761733716,108.723958333333,117.215041128085,107.2030651341,88.2575757575758,86.9248035914703,92.7109974424552,108.599290780142,108.599290780142,107.407407407407,106.673561859732,105.599027689706,110.850801479655,111.556064073227,108.723958333333
"Hancock","ME",,"23","009",633,177.91342612352,173.49537037037,156.428571428571,156.174334140436,157.738095238095,163.803477656507,170.103092783505,176.697530864198,184.748427672956,184.140086852351,195.279220779221,186.124213836478,199.001426533524,197.457639939486,205.729166666667,204.869300314465,207,205.729166666667,208.333333333333,203.125,199.285714285714,195.414035438572,199.001426533524,198.31223628692,191.442486085343,191.326530612245,191.326530612245,199.271079590229,185.03348686997,188.388625592417,192.63698630137,195.643568275835,193.810505505272,185.03937007874,184.128506353392,182.119205298013,180,175.882352941176,179.686098654709,182.716081866611,189.097893071286,190.424374319913,191.202269736917,193.738677536232,192.801028229017,192.224080267559,188.189799331104,184.313821874947,185.314685314685,187.34375,188.879598662207,192.642140468227,190.494749230491,190.494749230491,187.099725526075,182.170542635659,184.249071810197,182.522903453136,185.249935249935,183.231570792695,175.282738095238,179.195075757576,182.841068917018,188.301282051282,181.808541513183,186.6,202.005332066308,199.845679012346,189.618644067797,196.225075621952,194.845360824742,194.845360824742,188.242001502304,203.90243902439,204.206730769231,208.289930555556,199.907950281426,197.290064102564,207.465277777778,208.333333333333,208.946488294314,206.134020618557,203.90243902439,193.146417445483,191.25,190.833333333333,204.629790940767,199.474439326437,211.666666666667,225.765954506645,208.946488294314,229.811435523114,214.080459770115
"Boone","IL","Rockford","17","007",634,,,,,,,,,,,,,,,,,,,,,,,,,,,,,,,,,,,,,,,,,,,,,,,,,,,,,,,,,,,,,,,,,,,,,,,,,,,,,,,68.8419117647059,78.5472968412071,83.4009325097002,74.1322656659103,84.573748308525,82.43511380837,78.9220204109158,78.4556439728854,81.25,81.25,87.5100942805806,92.4343588009917,83.3333333333333,80.2552552552552,74.1525423728814
"Chisago","MN","Minneapolis-St Paul","27","025",635,,,,,,,,,,,,,,,,,,,,,,,,,,,,,,,,,,,,,,,137.816091954023,136.232445237827,139.661660206718,144.134615384615,137.428630686122,139.541211862249,137.719969395562,130.020097890271,130.300305354524,133.817903596021,130.300305354524,133.817903596021,141.900393423988,141.881100266193,143.561425161081,140.017513134851,148.732083792723,146.304044630404,146.419951729686,146.695943368536,145.875517203459,145.929203539823,146.450569273604,149.691629955947,164.467592592593,164.467592592593,166.412213740458,163.33988380041,166.538461538462,163.228155339806,164.467592592593,164.467592592593,178.505291005291,168.883430128509,167.000835421888,167.000835421888,165.516624579125,177.832919768404,174.213971682326,167.449502066306,174.360985456491,177.181818181818,177.181818181818,178.511627906977,179.398148148148,175.479566739192,172.733130070572,173.295020627314,182.260024301337,186.075949367089,192.433199632822,181.687193887938,177.272727272727,191.63680549813,203.094777562863
"Gila","AZ","Payson","04","007",636,,,,,,,,,,,,,,,,,,,,,,,,,,,,,,,,,,,,,,,,,,,,,,,,,,,,,,,,,,,,146.640926640927,145.440251572327,154.962497540822,148.004216695254,150.470857184438,166.293103448276,169.553571428571,166.607142857143,175.474254742547,176.653439153439,168.71133295838,164.493577075099,155.065363740737,151.739130434783,142.107804530453,137.39898989899,140.419823232323,140.467171717172,146.503380959023,142.264851485149,136.285082498827,129.022435897436,131.684314738292,130.104166666667,137.712838067073,128.444010416667,125.531914893617,136.493432324386,152.534965034965,154.827052142488,163.796296296296,178.224238496436,178.224238496436,182.551319648094
"Jefferson","WV","Washington","54","037",637,,,,,,,,,,,,,,,,,,,,,,,,,,,,,,,,,,,,,,,,,,,,,,,,,,,,,,,,,,,,,,110.925925925926,121.845763267648,119.046825396825,119.046825396825,118.948412698413,110.925925925926,115.862708719852,114.467006133742,117.753623188406,116.912525879917,115.714285714286,117.134823124406,114.390432098765,122.764954313076,132.478632478632,128.205128205128,123.958333333333,117.408892641058,121.357142857143,121.839285714286,110.9375,110.9375,110.9375,115.490315456988,118.222371498234,123.015873015873,115.089514066496,128.724295506474,119.052693541185,119.047619047619,121.672077922078,124.404761904762
"Ashland","OH","Ashland","39","005",638,71.6188524590164,80.1282051282051,80.6485181485181,81.0793940636121,80.9899569583931,77.6048806803757,78.589634664401,79.1757377842283,77.0911195608606,76.1217948717949,74.9927610853365,74.7344461305008,75.5926694938218,73.530745077829,72.3142348435358,70.5741626794258,70.508075814851,70.1320132013201,71.7592592592593,73.6397058823529,78.3442170755781,72.9154187133102,71.5297742027984,66.6951828424992,65.1364222829387,76.4300038197097,76.7947330447331,80.1041666666667,81.0977810935695,76.8871753246753,77.8239583333333,77.7296429843305,72.7686703096539,72.615625,71.831995412844,72.6415094339623,72.2582547169811,71.875,75.0008080155139,68.287037037037,68.7392941922257,65.8547008547009,67.6262798159294,69.3287037037037,65.3935185185185,70.0603296332408,74.2916378714582,66.5625,65.7736823361823,63.6574074074074,63.6574074074074,63.4649335364165,64.2523534329226,68.4373995212747,64.2641859747002,65.938282781755,67.9341032608696,69.0636945602415,67.0871908785883,67.572820861204,67.2115384615385,68.003144654088,73.2534699272968,68.6659241788959,74.2240215924426,68.2758620689655,76.4025919732441,76.4025919732441,76.9507186858316,77.5882625687223,74.9395931799719,70.9310113864702,69.3287037037037,68.6925021003006,68.6925021003006,70.1517293646291,79.0677220756376,81.6761363636364,86.4423076923077,83.0258302583026,70.5487629459148,66.1241098677518,62.6582278481013,62.2202327663384,66.1241098677518,66.4772727272727,73.4080022541561,74.9437747391148,78.5195005131714,79.8611111111111,80.6818181818182,77.122381477398,77.664568618516
"Darke","OH","Greenville","39","037",639,,,,,,,,,,,,,,,,,,64.2105263157895,53.8938748835283,55.5555555555556,58.7831207065751,58.6980357237786,59.4387755102041,59.0463108320251,60.7905982905983,60.6770833333333,55.8955223880597,54.2604501607717,54.2534722222222,53.673835125448,55.5803730601062,53.6567266319364,50.5514281314959,52.5438596491228,58.876560332871,53.3986659356725,54.2534722222222,60.6208154506438,61.950146627566,64.0437727983325,65.2400835073069,66.4650048520136,65.6021897810219,67.7026840634831,61.950146627566,61.2781036168133,56.9879834958,59.3924956285994,58.1789306511382,54.989604989605,61.1428571428571,62.2895949930672,61.5910153427685,68.9484126984127,70.8515283842795,70.8515283842795,63.6958299264105,60.223999790532,63.6958299264105,61.42578125,61.687963938783,63.7755102040816,60.9044228830645,61.8138891032567,61.5517064144737,63.6685552407932,63.5284400569448,69.2307692307692,70.5480471540843,70.3947368421053,60.2791878172589,60.1485148514851,60.1485148514851,65.8225577995065,69.0330007674597,69.4260485651214,65.3896961690885,65.8143939393939,64.5089855720123,66.9230769230769,64.8423005565863,62.152466367713,58.8350785340314,59.6379942393297,57.8326782706345,55.0500600655498,60.0659580883462,63.1436314363144,63.3671742808799,63.1436314363144,64.4007155635063,70.4283743926542,72.9278123192597
"Wayne","PA",,"42","127",640,128.105590062112,121.516914191419,126.275510204082,123.955431754875,129.052795031056,122.151971662684,126.275510204082,123.700495049505,121.841246624662,126.730460116536,123.75,119.408945686901,121.092222222222,116.086133069829,113.009049773756,104.826546003017,110.677818329278,109.634146341463,104.804271595039,104.761904761905,109.490740740741,109.634146341463,109.210526315789,105.673076923077,99.9310344827586,98.5148476002135,97.7496483825598,95.6632653061225,96.1528846153846,99.3975903614458,97.2463030645193,91.9421487603306,89.6551724137931,89.1581632653061,88.4881763527054,87.3015873015873,87.3911230541142,89.1581632653061,95.3947368421053,96.2298768939394,98.565531240006,100.006621939531,98.2201713909031,98.6753030867559,98.9612484525641,98.2201713909031,98.0945659844742,98.1573686876887,96.9827586206897,97.7624997426978,96.1538461538462,97.0664365832614,102.900552486188,99.038657124023,105.356564153439,104.193971166448,102.540298179017,102.540298179017,106.047918303221,98.1573686876887,98.6753030867559,101.442640692641,101.679712981083,95.2647727272727,98.2201713909031,101.190476190476,101.802507836991,100.671550671551,100.617578878448,99.9285714285714,100.671550671551,103.093713191991,98.641975308642,97.8966346153846,91.1458333333333,90.0423728813559,97.5609756097561,100.189043209877,99.9285714285714,93.0428684141317,95.4918032786885,97.0833333333333,92.4768518518518,92.3,92.4768518518518,96.500196833173,96.8086854460094,97.7998687664042,95.9507042253521,94.9728260869565,94.2622950819672,97.713479198352,98.0019773352692
"Lincoln","MO","St. Louis","29","113",641,97.6352339181286,97.6352339181286,100.502873563218,96.3815789473684,92.1106557377049,91.0571955719557,90.8991228070175,93,91.1665970146734,90.0328947368421,86.6807610993658,80.5201017811705,84.46088794926,76.9039735099338,69.0023230686116,69.9333333333333,69.9333333333333,71.3492063492064,71.3492063492064,74.6352397624704,72.345163020163,75.6430868167203,76.2861736334405,71.3884920634921,75.6313131313131,63.7036425663035,65.3846153846154,68.5378086419753,70.3975308641975,73.4375,73.7691893853141,74.875,65.6845296948125,67.2664952870608,71.3884920634921,60.9756097560976,61.6965440356745,60.126582278481,65.0741185897436,71.3492063492064,68.6223757585698,73.7975616291533,80.5667694921316,79.9034202755905,78.3068657884111,74.8611111111111,74.3494423791822,74.6052767451466,74.2192556025465,74.6052767451466,76.0365888938712,73.2163878562577,73.1723173434372,74.3494423791822,75.3691656340355,71.6523580586081,82.9643296432964,92.6954720209581,89.5861950549451,86.7003367003367,88.5385228034876,87.4269539323688,86.5927419354839,81.5418828762046,87.9401408450704,87.9401408450704,87.9401408450704,80.7557805314256,82.2250939849624,82.4175824175824,82.1246512236832,82.4175824175824,80.8041596085074,84.416219539459,89.2857142857143,88.6904761904762,86.5217391304348,85.9079283887468,88.9070146818923,88.9070146818923,85.15625,87.3313823857302,86.5217391304348,86.5217391304348,89.2857142857143,88.3495145631068,89.2857142857143,93.849840255591,102.22504697339,104.238490552735,109.769950523375,104.079861111111,103.806228373702
"Somerset","ME",,"23","025",642,100.446428571429,100.865646258503,93.1235431235431,99.1252670940171,102.482955901472,101.514881977586,101.514881977586,101.815972318371,99.1679435635447,93.9589743589744,93.9589743589744,91.7647058823529,92.1497140522876,92.5347222222222,92.5347222222222,93.9815897136178,99.4499411618977,96.8836565096953,102.908273942813,100.446428571429,96.5811965811966,94.8275862068966,97.1187232905983,93.0031318082789,91.1309523809524,88.458110516934,90,92.2619047619048,92.870082815735,93.4782608695652,93.6397058823529,95.2884180834983,101.334776334776,100.160256410256,104.131944444444,102.194787379973,91.0590277777778,96.1174242424242,99.8263888888889,94.2234848484848,100.115740740741,105.902995129338,104.936974789916,105.395299145299,105.351896367521,106.258906724745,105.890425999122,105.235042735043,103.334980237154,103.409090909091,103.787878787879,102.777777777778,105.235042735043,110.8984375,109.296875,107.426099495314,105.84430771445,106.292517006803,107.948327079425,108.173076923077,100.114416475973,102.727272727273,102.868265993266,109.06339031339,115.023474178404,110.778443113772,118.019221506412,114.941950553898,111.370529968101,112.752141744548,117.068965517241,112.433862433862,116.911106135244,122.093023255814,120.096153846154,122.093023255814,120.300751879699,119.751709810266,124.008447880871,123.711340206186,110.124439461883,104.633781763827,106.682769726248,102.87962962963,102.604166666667,100.30193236715,100.6038647343,113.256753235473,121.416666666667,116.974065721649,118.064024390244,115.288461538462,115.979381443299
"Taney","MO","Branson","29","213",643,100.137362637363,97.3684210526316,94.6315789473684,92.5625,91.1979166666667,91.0416666666667,91.7441860465116,91.7441860465116,91.3220326834862,91.7441860465116,91.9874776386404,92.8884026258206,93.0521979272136,78.4883720930233,87.7585243152599,88.5332051022474,87.4166666666667,91.2671232876712,87.5202145214521,86.5333333333333,86.8944099378882,87.3836608066184,84.140350877193,84.140350877193,79.3486894360604,77.2796846011132,78.6065887634515,77.8125,77.0904170916922,76.2731481481482,78.9115367532756,80.625,80.0480769230769,79.8319327731092,75,77.1324863883847,77.5272821552313,77.1324863883847,79.8651485788114,76.4852365706154,77.2619047619048,79.4016110471807,80.9923130677848,79.0816326530612,78.9915966386555,78.9655172413793,80.9507019884378,80.1781737193764,82.9675153643547,91.9490740740741,89.7458240481496,88.3289124668435,86.9729837286659,85.4700854700855,87.7551020408163,81.0119386014781,83.97881573827,79.8630185117651,85.9905985134087,85.1598149802309,88.6725865209472,88.1481481481482,88.946587537092,94.1803278688525,96.7092689918777,88.4562841530055,87.1336669049321,85.7390873015873,86.4423076923077,89.9621212121212,90.0035831285831,86.8055555555556,88.4562841530055,86.6424617110526,86.6424617110526,87.7554681434942,86.6424617110526,87.4902438909943,89.9258554641229,94.2234848484848,92.1218964769076,93.6430317848411,94.088866607249,93.8521241830065,94.2977410515588,95.3837089130873,92.4583031182016,93.1990369721867,94.8033798110904,95.2813067150635,94.4194347319347,95.1735459662289,94.2234848484848
"Franklin","NY","Malone","36","033",644,,,,,,,,,,,,,,,,,,,,97.1731448763251,91.3163580246914,91.6986160188457,91.6986160188457,91.6832750582751,97.0833333333333,91.3163580246914,104.166666666667,106.020642201835,100.23777173913,98.0284047766963,98.8095238095238,104.651162790698,109.255998798064,110.391919588348,95.7217078695952,95.7217078695952,97.7272727272727,91.7119565217391,92.6301718092567,92.3640754268615,93.135081292976,91.7119565217391,92.1516754850088,95.4691826170699,93.7161430119177,98.0381944444445,97.0052083333333,97.0052083333333,97.2222222222222,90.0429704048902,90.9677419354839,96.4506172839506,96.8364197530864,105.077942234577,105.182926829268,95.4157782515991,94.3359375,97.9097909790979,94.6391714792009,94.3359375,94.3359375,92.6225142045455,90.5797101449275,95.0364545443944,100.521003595946,99.8667554963358,96.20886981402,94.2331861413043,89.3181818181818,87.823186409344,86.1378205128205,87.3794384379062,79.7348191714389,79.7619047619048,87.3794384379062,91.0521955260978,92.3611111111111,95.9049543074838,102.813852813853,94.201122103505,93.7038319431151,101.056459117207,92.7083333333333,86.9532259428514,83.3761626803341,97.0833333333333,103.971962616822,103.971962616822,111.359318996416,111.359318996416,99.0322487596631,98.9916379734383,104.238155668359
"Winona","MN","Winona","27","169",645,77.2425249169435,77.2425249169435,77.2425249169435,72.4094087730451,74.1971207087486,73.6434108527132,68.6182669789227,73.6434108527132,70.5041571659318,71.9269102990033,65.495706479313,71.2164511548279,68.2768841488828,68.2768841488828,69.5898189608781,77.3287671232877,77.3287671232877,84.6174695584338,83.8866796276658,86.4301801801802,83.1002433702585,81.0606060606061,79.8795079465482,79.8795079465482,79.2513863216266,79.8795079465482,80.5991082555071,80.6267147454922,83.1336365710943,79.8239895697523,79.8239895697523,79.0378006872852,74.1345202769535,82.029549708366,84.016393442623,84.0773809523809,81.4532520325203,80.1387679055362,79.3154761904762,89.3222506393862,90.0370959194489,83.1662199787863,84.2291887255401,79.527438232314,79.8155737704918,88.7910418217627,84.1277890466531,83.2707910750507,87.0322580645161,85.0439669870947,85.0439669870947,83.1218274111675,83.8064516129032,83.2291666666667,83.2291666666667,88.1578947368421,89.4054296398046,90.7202216066482,93.25,89.047983343931,88.3874849578821,89.1741071428571,87.4166666666667,87.4166666666667,88.9218595450049,88.5208012326656,89.1958867925598,94.1677882458502,95,95,95,91.55720536213,93.1902985074627,92.5609756097561,88.263358778626,88.9878008572371,88.9878008572371,91.3492364405052,91.2862009998745,90.5263157894737,88.1397820286709,92.5245098039216,92.5245098039216,93.4441475504277,92.5721075057358,94.4444444444444,83.7753434346009,88.3432589202293,88.5160011328236,100.066881918819,97.8643216080402,94.758064516129,95.0818670576735
"Worcester","MD","Salisbury","24","047",646,312.707722385142,312.724606362764,307.673464642774,309.939779346054,301.164453733301,300.875983118413,292.892156862745,294.131787586259,297.814207650273,294.79618386817,284.313606365997,284.168564920273,283.82502543235,280.167890870934,279.323504892981,277.674897119342,276.62037037037,272.571428571429,270.366666666667,265.77909270217,263.86404293381,263.050483351235,260.147078514073,264.55,261.25,259.569285200742,254.612132013658,238.015873015873,238.263195138195,233.333333333333,231.388888888889,238.242845117845,231.365740740741,231.481481481481,237.301587301587,237.904913338565,235.795454545455,235.795454545455,244.68085106383,240.470085470085,237.462944664032,244.68085106383,248.343685300207,246.894409937888,248.343685300207,245.424107142857,249.192817337979,238.017426742674,241.675617615467,238.769837195773,238.762214983713,237.531885677047,234.616619674185,233.376401426907,235.53330399061,231.365740740741,236.888888888889,239.116612554113,247.18514117976,245.028544004388,240.188041125541,230.245098039216,241.887967215711,243.792473511144,247.931763285024,240.631614124986,242.793791574279,242.054263565891,241.445979950485,244.485521121533,243.764190307688,241.611374407583,239.99922429078,240.837696335079,246.976817042607,251.594072204432,251.523063533507,251.319567481039,246.150553213909,246.147260273973,245.318287037037,242.857142857143,243.849611136159,243.849611136159,245.686590608466,244.565217391304,249.891304347826,249.891304347826,248.666999826178,244.204545454545,241.596015763453,239.042207792208,238.003663003663
"La Plata","CO","Durango","08","067",647,234.845248800959,230.60298102981,227.181818181818,222.537878787879,222.142857142857,221.917267589164,217.436974789916,220.588235294118,209.272183449651,206.235011990408,207.656612529002,207.939508506616,203.724669740778,203.0625,202.997825716235,202.997825716235,204.887462797619,201.134930643127,201.927595754028,199.302093718843,194.761904761905,194.444444444444,189.539347408829,186.395950960048,184.530938123752,183.222222222222,183.222222222222,183.222222222222,186.207565470417,193.517080745342,191.439205955335,191.322728895235,195.454545454545,197.099767981439,197.099767981439,205.336426914153,200.235012223881,197.099767981439,195.359108664773,197.549339280347,206.022727272727,200.690051753882,208.100348027842,208.700696055684,216.157704178538,218.864468864469,217.948717948718,221.746575342466,221.236557939965,218.380462724936,213.078586148469,218.864468864469,217.880457715888,218.721225257923,213.06793078056,217.267534445752,216.548493950871,212.564432989691,212.977504244482,212.037037037037,206.345565749235,219.638242894057,219.638242894057,219.897399333525,219.601730142681,235.046611077391,231.759210160846,230.139447958597,230.692307692308,236.9826435247,236.9826435247,253.39734950584,254.186602870813,254.259458418077,253.161677503783,250.358148795649,242.745098039216,240.757042253521,240.570828819068,237.012987012987,233.333333333333,234.80557256583,233.514492753623,236.772486772487,232.333010648596,226.923076923077,226.923076923077,232.333010648596,232.833171990965,234.844662487118,242.694805194805,251.547987616099,249.390686783831
"Tioga","NY","Binghamton","36","107",648,,,,,,,,,,,,,,,,,,,,,,,,,,,,,,,,,,,,,,,,,,,,,,,,,,,,,,,,,,,,,,,,,,,,,,,,,,,,,111.495535714286,110.058112684729,114.122596153846,118.238709614408,108.384005541872,105.921052631579,105.921052631579,101.385913912689,96.8507751937985,86.25,83.497191011236,83.497191011236,81.6036679693861,90.1455479452055,88.0331829896907,88.0331829896907,92.9436119873817
"Watauga","NC","Boone","37","189",649,192.614384366735,191.648937212264,191.122205284553,190.631808278867,184.206876189805,183.283151989375,182.5,181.569343065693,182.951063164478,180.701754385965,180.578384948929,179.137603043754,173.825187969925,172.857142857143,181.764705882353,185.640362225097,187.5,189.600507292327,186.884984561686,182.161458333333,182.745833333333,185.870554246877,183.450490196078,184.718100890208,179.673913043478,170.454545454545,168.585526315789,170.47619047619,171.694847020934,176.613459574561,177.453678839957,173.944021578954,168.44362745098,166.807432432432,166.666666666667,166.807432432432,161.156498015873,165.314358134186,158.750281721884,164.661712511091,166.5625,171.145363408521,171.258539017701,174.077868852459,175.78125,173.945868732799,172.49895572264,175.94567087156,180.041152263374,180.555555555556,175.78125,175.78125,175.480769230769,176.864244741874,174.392097264438,178.053411525776,175.675837320574,174.336414804843,171.256664326025,172.509348290598,172.762455062634,176.022727272727,177.632122370937,177.201704545455,174.816176470588,173.750886944182,173.266666666667,173.570083682008,177.391975308642,173.5,173.459244532803,173.812282734647,170.973762923467,170.66181156122,165.338345864662,167.912946428571,167.857142857143,170.847750865052,170,169.598765432099,170.840542099193,174.514400443091,178.409090909091,183.021806853583,175.155375410152,177.0029434297,176.16341991342,176.190476190476,178.571428571429,186.377516938639,187.040748162993,180.441866780463,181.437612007168
"Washington","OK","Bartlesville","40","147",650,,,,,,,,,,,,,,,,,,,,,,,,,,,,,,,,,,,,,,,,,,,,,,,,,,,,,,,,,,,,,,52.1775793650794,53.0662305805397,58.6734693877551,58.1348116169545,55.7265297423317,55.9895833333333,56.1277839940324,61.201674087947,63.3802816901408,63.2340004941932,63.0877192982456,63.4167841540767,64.3298755578628,64.5161290322581,64.4277745053879,64.5161290322581,62.7853054319614,62.6326963906582,57.6662143826323,57.3349624788857,60.2710413694722,59.9742303621554,60.2710413694722,60.4534005037783,57.9345088161209,51.3560300057703,50.4774897680764,48.1927710843374,47.3316342292246,46.5863453815261,49.2578717419362,46.2566354903943
"Henry","IL","Davenport","17","073",651,,,,,,,,,,,,,,,,,,,,,,,,,,,,,,,,,,,,,,,,,,,,,,,,,,,,,,,,,,,,,,,,,,,,,,,,,,,,82.4175824175824,79.9435028248588,81.1805426212206,86.1013986013986,79.3188859013327,74.4205927051672,66.6105015673981,65.2019002375297,62.605747944339,60.9162154240138,60.9792899408284,63.8020833333333,70.6378172284844,68.2515337423313,69.7424892703863,72.9143772893773,75.2311180882609,77.8356481481482
"Chenango","NY",,"36","017",652,,,,,,,,,,,,,,,,,,,,,,,,,,,,,,,,,,,,,,,,,,,,,,,,,,66.4088132635253,69.8042870456664,71.1062910334293,70.8630245447348,76.7948717948718,72.2699275362319,68.1760377464472,66.1810776942356,72.2699275362319,70.4760765550239,75.5208333333333,84.0232978461977,76.5325670498084,74.0785984848485,81.1909563258484,77.2648391825182,74.6904102440591,75.8166227556596,81.3253012048193,82.0707070707071,82.1009389671361,81.8850267379679,81.3253012048193,73.8599871547848,72.2289156626506,79.596174282678,74.7546689020677,75.6493506493507,80.6451612903226,78.5572708214218,75.6493506493507,81.0185185185185,80.6451612903226,81.1431302054042,73.6111111111111,81.5421075837743,73.9096573208723,78.6416666666667,79.4642857142857,83.2407407407407,75.1275510204082,80.9304549114332,83.9285714285714,88.9285914573838
"LeFlore","OK","Fort Smith","40","079",653,,,,,,,,,,,,,,,,,,,,,,,,,,,,,,,,,,,,,,,,,,,,,,,,,,,58.1983805668016,51.1720527992717,46.2162162162162,46.1159206081081,46.1159206081081,51.3450227086591,46.1159206081081,52.8787878787879,52.3771152296535,54.5454545454545,50.6666666666667,55.331541218638,52.6060606060606,61.2980769230769,61.2980769230769,61.2927774386108,64.7331154684096,66.0143097643098,66.2878787878788,72.4250317158262,75.0913120567376,69.9333967649857,69.3489583333333,65.933014354067,56.4484126984127,59.6073717948718,56.6666666666667,59.375,64.6104805049374,59.8958333333333,58.6510263929619,55.4166666666667,56.9401041666667,54.9920568561873,51.3235294117647,59.4819918395008,57.6416829781064,60.2272727272727,58.7126149398047,57.9166666666667,52.4305555555556,50.727826675694,52.0833333333333
"Montgomery","NY","Amsterdam","36","057",654,,,,,,,,,,,,,,,69.9029126213592,65.564738292011,65.564738292011,71.6800804828974,73.9874120318977,75.6336357334098,73.9814814814815,74.0103270223752,74.8640151858288,75.8013295507473,84.9556928034372,87.3977956567242,91.0384636867608,87.4645691609977,86.734693877551,79.8736462093863,81.6346153846154,71.9610334603981,71.1538461538462,72.5490196078431,71.5574398071222,70.9929135562047,72.8697904330816,74.0990990990991,78.1475984772103,76.5554484593084,76.3706140350877,76.5350877192982,79.4871794871795,77.0676691729323,79.4871794871795,78.9007092198582,80.6623931623932,82.8703703703704,76.2748814184221,72.2527472527473,72.49000999001,72.2527472527473,75.3494282083863,74.3525480367586,73.6111111111111,72.2527472527473,70.4338704497536,72.49000999001,67.6630771725342,67.5295441755768,66.2894098625707,67.3295869026032,68.0574968233799,68.6023686182517,68.6149936467598,67.5,68.6023686182517,68.7892060793527,70.3947368421053,71.6759002770083,71.6346331376242,69.8380566801619,67.2117037808527,69.8380566801619,68.5897435897436,69.5492286482474,69.5492286482474,68.6149936467598,71.0926617805954,70.5886711972238,75.2314814814815,78.8803001769103,74.9605055292259,71.4,67.0920080591001,66.875,69.9657573120436,73.469387755102,71.4,72.0113745021642,71.7810677433827,66.1340065502183,71.7810677433827
"Dearborn","IN","Cincinnati","18","029",655,91.5227173291689,89.8076923076923,94.7359454855196,94.7359454855196,94.9851292161514,95.2343129467832,90.304026294166,93.9569101418812,96.2099125364432,101.495726495727,87.6218323586745,82.4382684317793,81.6176470588235,78.3783783783784,84.0061474810617,82.0206298615771,82.382762991128,82.0206298615771,82.382762991128,79.8758003242432,80.1488215488215,84.0654205607477,82.4111170061611,84.190995624275,81.92037470726,85.0198412698413,86.046626984127,89.9928894634777,91.1694004524887,96.757852077001,90.2322406204462,96.3596379028376,98.3735555102337,90.733792038886,93.8824792057955,94.188180648504,95.274878596962,97.5893671545846,100.438789933471,99.2501243925108,94.4946589975349,95.8333333333333,96.3377192982456,94.2222679716921,92.033070274333,92.033070274333,84.4580197660713,81.6584967320261,87.0104735883424,86.5209471766849,89.2731818848731,87.9903923138511,87.9903923138511,98.3217592592593,97.3875181422351,89.6531100478469,89.3959886934347,89.3959886934347,89.0851031851808,88.6245211903107,89.9691358024691,88.7865028490029,88.7865028490029,88.5416666666667,89.2805546554331,90.3177004538578,90.0194426441996,90.311986863711,90.3177004538578,91.9637070641607,86.5480898778739,82.1156773211568,90.0467319531724,81.9432553272451,89.8021308980213,90.9436834094368,92.5925925925926,94.6842105263158,94.1504081915041,95.4545454545455,96.8592992932753,98.1547619047619,100.128610145477,100.854037267081,102.473149585921,99.3168681029953,98.3789421684861,97.299441910291,102.798789712557,105.277777777778,105.81220657277,102.798789712557,102.275312855518
"Bristol","RI","Providence","44","001",656,221.729953475643,223.202838827839,216.231884057971,214.60958296362,206.056525174172,208.239064856712,213.267543859649,210.199004975124,204.076572266871,206.747512437811,205.472002233729,201.529219006008,197.032151690025,188.41059602649,188.458977060197,192.230769230769,187.611626956319,192.230769230769,195.571955719557,195.571955719557,198.815726290516,196.588868940754,196.757230499562,196.673049720158,196.8,196.947316675891,195.475497331393,196.947316675891,192.067307692308,197.451180502123,192.227564102564,200.490486695986,196.521739130435,190.724637681159,198.529411764706,194.646175896176,199.875,196.897374701671,198.361427315931,201.222142343638,214.040239726027,216.338487196727,207.061921481009,209.637188208617,210.332103321033,199.29302700524,198.648648648649,196.462258885515,198.045915233415,201.926164916022,205.862028762651,208.86618313043,223.300970873786,234.008370632919,224.338782076522,223.300970873786,236.846405228758,232.323943661972,212.352478363493,211.68082633771,210.621794871795,211.009174311927,211.68082633771,211.487136617644,223.826886633725,226.641414141414,235.094066570188,222.17868338558,225.786163522013,219.771241830065,219.521482574221,219.521482574221,240.569911858974,244.174083987185,242.068466677341,250.291715285881,249.197107065315,242.306026186639,235.915492957746,237.698873281695,243.543790167424,243.018252236896,242.185595760643,238.706217235968,236.352352592509,257.098765432099,257.098765432099,250,247.863706690422,250.898306957218,253.910884478826,262.276076299828,255.742387572466
"Boyd","KY","Huntington","21","019",657,,,,,,,,,,,,,,,,,,,,,,,,,,,,,,,,,,,,,,,,,,,,,50,50.6215644820296,55.1017056946848,50,44.9,50,50.8020289801249,51.7281105990783,57.9312865497076,63.1462972334683,67.001483116999,67.25768321513,68.1526511313745,63.265881147541,64.344262295082,62.2837370242215,57.2950819672131,55.7591631423811,56.3529411764706,64.3124053556449,67.25768321513,64.3124053556449,58.9285714285714,63.6160714285714,70.126855806386,67.0469798657718,66.5454545454545,65.1500938086304,61.0902255639098,61.0902255639098,59.4047619047619,66.5700483091787,64.5301069040634,66.6666666666667,69.5498511904762,69.8636363636364,69.7301587301587,69.7301587301587,62.0196408529742,58.0404685835996,55.7796891638355,57.9339753452238,54.0079852579853,51.9886363636364,47.4364177489177,53.0088495575221,54.3556870479947,51.8020438263801,49.4791666666667
"Columbia","OR","Portland","41","009",658,,,134.788189987163,137.808417997097,137.808417997097,134.934313276552,139.580588493632,140.523498299082,138.281395944439,136.832120582121,126.021798365123,123.4375,108.391243259664,106.941544885177,107.655502392345,97.1729743801505,93.75,98.2948995422421,100.433689294576,98.6352357320099,94.2460317460317,92.3100490196078,92.3100490196078,92.014742014742,88.0626223091976,96.2367431462933,90.6087693682956,101.132686084142,90.6221517212368,92.4501424501425,95.2452264584671,105.379188712522,99.8098859315589,108.958837772397,108.958837772397,108.56829161177,104.297693920335,108.585858585859,114.74358974359,112.602459016393,121.390013495277,130.103550295858,130.860805860806,130.860805860806,125.595238095238,130.860805860806,144.847020933977,144.777526395173,134.273772204807,139.109697933227,141.478129713424,136.22151563328,139.109697933227,139.109697933227,138.815207780725,138.815207780725,139.109697933227,126.064178127047,128.591954022989,119.388888888889,124.505434782609,121.673076923077,121.673076923077,120.748608805263,130.165142276423,135.385878489327,134.522232003493,131.802721088435,143.319997063574,130.208333333333,133.751144688645,137.293956043956,130.208333333333,132.08516886931,133.160872915559,141.00709723587,141.634980988593,144.675925925926,142.9418742586,146.831797235023,162.686567164179,167.548500881834,156.381118881119,162.686567164179,162.686567164179,166.56257154304,163.919413919414,161.946138438676,164.415584415584,188.267017017017,191.966922622563,191.673267824698,163.919413919414
"Cortland","NY","Cortland","36","023",659,,,,,,,,,,,,,,,,,,,,,,,,,,,,,,,,,,,,,,,,,,,,,,,,,,,,,,,,,,,,,,,,100.911458333333,100.911458333333,100.625680087051,97.3876660432552,95.1690224512003,94.9775784753363,98.5493599716149,93.9810372996837,92.1555133681379,95.1849836779108,94.6845057278443,96.8257886626137,99.6394230769231,104.151821925501,104.092261904762,101.540616246499,101.540616246499,104.092261904762,98.3404396808011,95.9899749373434,96.6935483870968,86.0552763819096,86.0552763819096,99.3426213294226,109.027777777778,107.465324900928,113.456842302996,114.400715563506,108.134920634921,106.306854255022
"Greene","NY",,"36","039",660,145.004344048653,147.413519542057,153.472023979446,153.807011572498,150.662251655629,152.150537634409,150.986616334935,146.523178807947,146.320346320346,140.287769784173,143.30405805226,148.972612339865,148.122529644269,149.822695035461,156.603990112994,149.493243243243,149.493243243243,141.242937853107,139.355742296919,134.732887353855,134.408602150538,136.265320836337,133.246696114343,133.440170940171,135.23465046792,133.665769993895,132.715648965,132.715648965,126.889204545455,132.352941176471,132.352941176471,128.731343283582,127.80487804878,125,127.80487804878,125.744047619048,128.205128205128,128.109452736318,130.63184079602,131.930693069307,131.8359375,128.157290470723,128.039377289377,128.102564102564,126.622718052738,126.843657817109,127.97619047619,120.242214532872,120.449292594621,122.111760804865,127.257799671593,127.219808926705,123.655913978495,123.704215618521,128.044871794872,130.956594651815,130.95647957119,131.944444444444,129.050344781415,128.970216576287,121.951219512195,122.159090909091,118.279569892473,127.974276527331,125.9765625,129.108297413793,131.784377744682,129.361054766734,129.411764705882,125.780532419005,125.9765625,125.9765625,130.291005291005,129.539733908666,127.97619047619,127.461925973062,130,127.245508982036,127.245508982036,129.598189020939,129.662197509166,121.842928981938,128.224206349206,118.965517241379,114.74609375,115.320041972718,119.805339265851,120.645161290323,123.938879456706,129.076923076923,132.60687732342,130.947626274729,132.71375464684
"Delaware","NY",,"36","025",661,,,,,,,,,,,,,,,,,,,,,,,123.75,115.131578947368,115.131578947368,123.75,124.538745387454,129.111111111111,124.538745387454,138.888888888889,131.435406698565,125,128.472222222222,138.888888888889,124.963235294118,123.75,123.75,121.527777777778,119.716394716395,119.716394716395,120.20202020202,115.618686868687,117.272727272727,122.273193818783,134.151785714286,135.897435897436,135.727654340793,136.272727272727,135.55787278415,134.375,134.375,137.22338083652,135.819371850862,147.277227722772,136.080870917574,134.349244505495,133.880346119929,132.716049382716,125.730994152047,129.950617283951,124.458874458874,119.519981299758,116.612377850163,124.458874458874,124.382215007215,128.031383737518,124.931795634921,125.130561800136,127.232142857143,127.232142857143,128.90625,129.761904761905,119.685767097967,112.824675324675,118.670886075949,127.291325695581,124.553389083615,131.642512077295,129.107603092784,133.064516129032,132.636363636364,132.028883157291,132.895412177702,126.923076923077,124.959935897436,122.794117647059,128.098290598291,125.613079896907,131.636424731183,126.477663230241,134.124693454065,135.733695652174,124.744735663082
"Carroll","NH",,"33","003",662,151.397058823529,143.575418994413,142.019781261105,146.985294117647,146.283811717458,143.170518104416,142.695130086724,141.972726378437,142.474318892363,144.13323782235,143.161343161343,139.632352941176,140.584415584416,141.578947368421,138.715277777778,156.578947368421,141.962612914632,141.917244819114,142.046991030267,142.001235330451,137.333037387787,131.829498622169,130.669155247136,131.829498622169,126.074139382329,121.778350515464,130.82336382829,131.632653061224,132.889963724305,131.632653061224,131.622516556291,129.537037037037,134.259259259259,132.244897959184,135.432612950599,135.281385281385,133.070920353643,132.022639946621,133.238095238095,129.591836734694,130.383268081599,128.47619047619,128.658536585366,130.125910807426,131.09756097561,131.825396825397,135.421700392631,128.21661237785,132.169312169312,133.324317270506,136.184210526316,137.206397896582,137.206397896582,135.151508078969,133.222222222222,134.817691121392,133.084769480041,130.742049469965,133.694866232827,132.137317213587,129.048330842053,129.299847792998,128.216275659824,128.49044108085,129.601226993865,130.102040816327,129.387978012792,131.496710526316,136.11604499704,133.957654723127,135.64453125,135.961363369361,136.598329536826,133.587786259542,138.145995967044,137.093881334181,138.527724665392,137.868696479543,139.057590872606,138.888888888889,137.868696479543,138.669906585093,136.921624173749,134.75888957452,137.167089296715,134.743172571315,139.562970537076,139.697084360267,139.697084360267,143.920595533499,138.528138528139,143.804956035172,146.109271523179
"Franklin","VT","Burlington","50","011",663,127.341597796143,131.167979002625,131.167979002625,131.875,143.394886363636,147.056436210848,147.056436210848,145.363636363636,136.449579831933,140.666181245225,144.325398908251,141.701680672269,140.260562558357,137.990762124711,137.990762124711,131.875,132.046045034642,131.875,131.875,132.725832012678,131.875,131.875,129.920014880952,130.078125,126.703645007924,124.007936507937,122.509960159363,120,135.294117647059,136.282589959061,129.586206896552,132.323133478306,132.323133478306,139.571694599628,132.323133478306,129.586206896552,138.020833333333,137.798819124424,140.191480819917,135.893011216566,138.227079091201,142.492122933884,149.833333333333,143.057162534435,149.769585253456,146.94928624524,140.666666666667,135.187888891248,124.068965517241,134.06374501992,141.112956810631,147.885714285714,143.880308880309,147.885714285714,142.463616907437,144.571428571429,139.9,139.285714285714,132.67429760666,134.575569358178,127.388303212851,124.735285971472,133.599066361805,134.84126984127,134.575569358178,136.074794501134,141.162227602906,141.162227602906,131.673686464877,131.673686464877,129.482071713147,126.628075253256,127.889055472264,125,125,124.137931034483,128.260869565217,136.155606407323,141.129032258065,152.233515049585,134.156050955414,131.491228070175,140.213815789474,128.90625,141.713815789474,132.993774759479,138.30938737974,151.712215854594,157.406476828587,155.488031289452,154.165556664201,145.833333333333,157.777777777778
"Stephenson","IL","Freeport","17","177",664,61.1589884020619,61.0456553755523,60.6864268697802,61.9885488163608,60.2259044779542,58.0576946277483,55.7203389830508,57.6710054031959,57.7685950413223,55.2045944005743,54.6099290780142,51.6109727337454,53.1205673758865,53.1205673758865,54.6099290780142,57.0428948510526,57.4386503067485,59.2408592589529,58.6306857339766,59.0216010165184,58.134765625,57.0363408521303,53.5179640718563,55.7471264367816,55.5311651961411,53.5211154094133,53.1028368794326,55.3152039555006,56.4102564102564,57.9896907216495,57.9896907216495,55.3994082840237,57.4358974358974,55.2973977695167,55.3152039555006,56.4620355411955,57.5544174135723,57.7324484452007,62.5099720993767,58.5568317309869,56.0106856634016,61.0429447852761,61.129389452016,57.8507078507078,57.3122529644269,57.0273386034256,57.6636904761905,57.3979027980029,57.0273386034256,60.3225981163485,60.1950354609929,60.2586206896552,60.226828075324,56.6666666666667,56.4732142857143,55.23598820059,55.23598820059,55.23598820059,53.7104133118626,52.9545454545455,52.9545454545455,53.1635802469136,55.2403846153846,56.3147973609802,52.2959183673469,52.5394045534151,56.517094017094,52.3514851485149,51.8614568599717,51.2439510822248,50.2154058444555,47.4016853932584,46.6328279907469,46.0865698687618,47.6907630522088,47.16796875,45.8639705882353,45,47.16796875,47,47,50.0645598582543,51.3054037644202,49.5248241619956,51.9057519057519,48.6386138613861,50.3048780487805,52.977358490566,50.0807030129125,47.1603791392218,46.3175347551708,45.7470259445242,45.3829139535739
"Noble","IN","Kendallville","18","113",665,,,,,,,,,,,,,,,,,,,,,,,,,,,,,,,,,,,,,,,,,,,,,,,,,,,,,,,,,,,,,,,,,,,,,,,,,,,,93.2782525190225,93.7453462397617,91.5158371040724,86.9444444444444,86.8640148011101,86.2244897959184,88.7777777777778,86.9791666666667,86.9791666666667,90.979381443299,89.5006402048656,92.28515625,93.6197916666667,89.5006402048656,98.2980304719435,94.2028985507246,90.659239432703,94.7575532418657
"Cherokee","OK","Tahlequah","40","021",666,75.0300762611639,75.0300762611639,81.1298076923077,87.375,83.2291666666667,83.7304862982929,83.2291666666667,83.2291666666667,83.2291666666667,79.656237494998,76.4668367346939,76.0152284263959,73.7250554323725,72.5740586932447,73.1720515257101,73.7250554323725,74.0392518541173,73.5659590887353,73.7250554323725,74.614224137931,75.5208333333333,75.6358197401353,76.1070110701107,75.1646284101599,77.1661401339442,74.6261194029851,75.3787878787879,70.9084699453552,71.0702341137124,76.967363403007,79.2793880837359,77.0148953301127,81.5850815850816,77.0148953301127,76.9927536231884,77.037037037037,73.9534355212839,69.492338963319,72.1153846153846,78.4637848570461,76.1855905152759,72.9330322613754,72.8636919315403,76.222703324298,78.859011627907,77.9947916666667,78.4418402777778,79.9278846153846,82.897879260994,83.8293650793651,78.125,77.4521587481146,72.7700786480718,69.640179910045,68.3762254901961,68.3762254901961,68.3762254901961,68.125,70.1850407869482,69.1999299719888,69.640179910045,70.5685121564482,72.5543727106227,73.6885245901639,74.5116730093677,75.567916616478,76.2272574123989,78.8744343891403,78.7407445495681,75.8035714285714,76.6509433962264,81.1092139070478,77.4859883032793,78.7500787500788,78.4961809408304,78.125,78.6713286713287,84.6273291925466,84.0002308402586,80.0676404924018,80.9350665152498,85.5654761904762,81.8118781094527,80.159100331675,78.797603626943,77.4924304475469,83.1666666666667,79.2444029850746,79.1630178190679,85.0115522953439,84.4202898550725,80.236516357206,79.9356223175966
"Hopkins","KY","Madisonville","21","107",667,,,,,,,,,,,,,,,,,,,,,,,,,,,,,,,,,,,,,,,,,,,,,,,,,,,,,,,,,,,,,,,,,,,,,,,,50.2629904162923,47.4867724867725,44.4345503116652,47.0911949685535,51.75983436853,57.9427083333333,66.6903409090909,64.5505275974026,66.0253126695342,62.4107142857143,63.1300730519481,61.4247159090909,56.9430051813472,56.1968694669838,60.7142857142857,63.6488095238095,62.1647509578544,62.1647509578544,63.5416666666667,62.8169014084507,61.9546282261799,62.2807034514781
"Fremont","CO","Canon City","08","043",668,90.9763981696618,94.0989497928766,90.9763981696618,87.8595408403473,86.5050929930341,86.3110216406643,85.6083410090114,81.266318537859,81.266318537859,81.1784850479663,80.5182341650672,81.8042492442056,81.8042492442056,86.3047501542258,82.4348309294938,80.7314460578307,83.8736679829069,83.6466165413534,82.0043176454647,82.0056232427366,84.0146454265159,82.8602620087336,86.438679245283,78.6897590361446,79.1338922569258,77.0195369199794,76.3100436681223,79.6903460837887,78.855589708561,75.4716981132076,75.8674280039722,75.3372908796546,74.7599451303155,78.2512858192506,81.0114503816794,75.4716981132076,76.3668430335097,75.4813333627247,73.6474403171594,74.9166666666667,73.6788617886179,74.9166666666667,77.6006211180124,76.0204081632653,74.9796251018745,83.7249373433584,78.8,85.6869129895446,85.9782770239545,87.9069767441861,84.1517857142857,83.9136725894957,86.9061413673233,83.3333333333333,83.2407407407407,81.862725188635,80.7888200822514,79.2233866320945,79.3326523663602,79.8810739821976,79.9678633516263,86.2114681295716,89.3904479476909,88.9400274373009,89.5417567916854,89.5417567916854,88.7295081967213,93.9531687590685,89.3686942066292,89.2045305665512,91.915122967426,94.56947213404,101.913265306122,101.48849797023,95.9996422662433,93.890977443609,99.7980827294686,93.872741555381,95.5378486055777,92.8495202695159,93.2024249974831,94.4536780159731,91.3098236775819,86.6153105440539,91.9831223628692,101.556263297639,102.798353909465,101.439790575916,98.2469512195122,95.3071127421613,101.439790575916,102.039087514573,107.720775095299
"Hillsdale","MI","Hillsdale","26","059",669,,,,,,,,,,,,,,,,,,,,,,,,,,,,,,,,,,,,,,,,,,,,,,,,,,,,,,,,,,,,,,,,,,,,,,,,,,,,,,117.609498031496,118.061202576951,97.0873786407767,93.0515759312321,93.0515759312321,90.2066784348338,96.5029761904762,90.1442307692308,96.5029761904762,99.1071428571429,96.6859014348097,100.854037267081,107.219512195122,108.379492939666,104.838709677419,101.561526964753
"Iron","UT","Cedar City","49","021",670,,,,,,,,,,,,,,,,,,,,,,,,,,,,,,,,,,,,,,,,,,,,,,,,,,,,,,,,,,,,,,,,,,,,,,,,,,88.9,101.648351648352,104.444444444444,102.199640508191,107.142857142857,112.58650576264,115.633074935401,123.872747747748,122.633928571429,119.929484577922,115.526249527886,112.5,116.568047337278,117.041198501873,119.1829004329,117.041198501873,117.041198501873,117.041198501873,117.659846562764,124.103035878565
"Lawrence","IN","Bedford","18","093",671,,,,,,,,,,,,,,,,,,,,,,,63.2799145299145,60.5787690570299,51.3576076076076,56.737012987013,53.343837535014,48.5485485485485,48.4126984126984,51.3145916421016,54.788961038961,55.1948051948052,55.9146148989899,55.2073732718894,59.3452380952381,59.2857142857143,59.2857142857143,59.8759442906798,60.7822410147992,62.3958333333333,61.3314358227149,62.4107142857143,62.4107142857143,62.4107142857143,66.417025862069,63.4479400398903,62.3958333333333,61.1120842675635,60.1785431580396,58.032456673761,57.8113063407181,56.8337129840547,58.12235044748,56.9406660158369,58.2901554404145,58.2901554404145,58.609363434493,58.9285714285714,62.5508988520684,65.2500447161742,65.8213100102145,73.968253968254,66.1931818181818,62.8698224852071,65.6798245614035,70.0860430051134,68.0110837438424,68.4933005976172,68.7782795110381,64.2282958199357,65.4731341189675,61.6666666666667,59.4259259259259,61.6666666666667,61.6666666666667,55.4444444444444,54.2053998632946,55.0141025641026,54.7132253711201,60.0805733618234,59.2789687481468,59.9759615384615,60.1851851851852,61.3231754021228,61.9152806652807,62.5,65.3095804346518,66.7447171288014,66.7447171288014,67.1396564600448,67.7738083295249,68.4766763848396,66.4725457570715
"Campbell","WY","Gillette","56","005",672,,,,,,,,,,,,,,,,,,,,,,,,,,,,,,,,,,,,,,,,,,,,,,,,,,,,,,,,,,,,,,,,,,,,,,,,,,,,,,160.417775633775,140.722088239467,131.790162003997,130.947580645161,130.222265932337,125.762195121951,124.873578763983,124.895833333333,121.426800697396,106.18821085686,121.385991058122,112.44019138756,112.44019138756,131.567540322581,132.481060606061,140.586797066015
"Fayette","WV","Beckley","54","019",673,,,,,,,,,,,,,,,,,,,,,,,,,,,,,,,,,,,,,,,,,,,,,,,,,,,,,,,,,,,,,,,74.2636413974385,68.5568086883876,67.6691729323308,68.5568086883876,67.9798856114646,69.0322580645161,67.9798856114646,62.5,57.439443423828,61.9184733514002,64.6683214446372,61.9184733514002,63.1854838709677,58.1707543664065,48.1326644370123,48.0769230769231,48.0769230769231,49.6076233183856,48.5739750445633,49.0907991814745,50.3246449925262,46.5549348230912,48.5352901410983,48.2113071031216,48.2113071031216,56.0204081632653,51.0542993094155,49.0510941812104,56.25,51.8162393162393,49.5049504950495
"Lincoln","OR","Newport","41","041",674,213.317502222401,214.740602671637,216.25,209.28104076765,212.691771269177,201.196953210011,194.444444444444,194.444444444444,193.154034229829,185.980148883375,187.913125590179,188.497650967471,187.577575928298,181.985294117647,185.727504609285,171.92118226601,171.92118226601,173.312883435583,177.038626609442,174.219910846954,177.64060356653,173.573200992556,176.866585067319,171.428571428571,171.428571428571,173.318551367332,167.195767195767,161.259541984733,158.624338624339,159.579313046347,161.054288239002,161.897348456767,161.530147093378,161.257476620072,162.484280295221,161.271676300578,161.245050631715,158.685288996475,162.183544303797,165.396176676971,166.471897390207,164.620535714286,164.975676548722,167.998031978645,166.024027335447,162.952898550725,165.924276169265,165.514081279809,165.768752590137,165.253522300578,166.067976414866,169.086788652006,169.186152721958,166.426642664266,167.966183574879,169.127096528843,171.113689095128,171.113689095128,170.103092783505,172.975930163738,170.540807618021,172.91590826356,176.902654867257,176.773455377574,178.921568627451,179.784258889333,176.902654867257,183.737646001797,184.444923922772,185.086106811145,186.487494763465,187.971105527638,185,184.600303618253,187.033501312364,191.936376951381,191.482843137255,192.916666666667,195.918367346939,196.693989071038,194.401885680613,193.877551020408,189.631319908684,189.907802720647,194.653063223343,193.877551020408,195.964513686033,198.29798891132,201.20447888037,203.114842903575,205.479452054795,201.85982101586,200.834025470653
"Barron","WI",,"55","005",675,98.8278388278388,98.4767025089606,98.2567561624557,98.6522706683997,98.8278388278388,98.6522706683997,103.640040444894,100.699695121951,91.4318100598588,91.5018315018315,87.1116071428571,87.4375,89.1105322419216,89.1105322419216,97.0731707317073,100.641025641026,107.497076023392,109.722222222222,114.390842191333,114.119881527321,114.390842191333,111.428571428571,111.428571428571,111.428571428571,112.965888278388,106.455074875208,106.236711552091,109,117.261978537271,118.841807909605,114.919312169312,121.590909090909,111.595238095238,108.976351351351,108.976351351351,101.938775510204,100.933673469388,109,111.305107010124,112.891085846103,116.427817280758,123.045540386136,117.656596688855,119.824000874274,120.732657833203,119.824000874274,124.916666666667,121.193016488846,118.915343915344,118.333333333333,117.307692307692,114.501552002994,118.333333333333,118.333333333333,119.012861190112,119.31242355408,120.694231905069,129.593175853018,129.593175853018,119.415807560137,116.213203463203,118.952380952381,123.253787878788,126.224489795918,128.472383221707,124.916666666667,125,122.263742990285,120.503358325523,115.151515151515,112.370242214533,115.151515151515,118.692590424148,116.709437516238,116.583333333333,126.7578125,127.889335396699,131.079763148729,132.619863013699,132.42104261796,134.980623081182,132.564278164837,125.6052141527,126.876681150424,126.876681150424,116.387337057728,115.283722292305,129.267895351099,141.106621871409,140.666666666667,142.123873873874,136.378964766452,134.125766871166
"Logan","OH","Bellefontaine","39","091",676,77.0114942528736,75.1612903225806,76.879271070615,79.9512987012987,80.3983112211529,78.5094525959368,80.2678571428571,80.4714533894299,83,79.7916666666667,79.7958333333333,80.0315789473684,79.8,80.2631578947368,80.0315789473684,80.2790320304783,81.2289562289562,77.3668384879725,81.0588013075524,83.3333333333333,84.4245348035837,87.0011337868481,85.0852272727273,83.9285714285714,84.251968503937,83.9285714285714,84.2271581600504,91.1458333333333,83.648393194707,84.2293906810036,87.3480902777778,82.6807228915663,90.3846153846154,86.6923818707811,88.8151041666667,87.8703703703704,80.8704453441295,82.0097995145195,86.2903225806452,86.6795242687239,90.7873101847374,86.6923818707811,86.6923818707811,85.9139784946236,85.6386131789358,81.530612244898,79.7405189620759,79.3490133897111,82.0422535211268,90.9221887550201,89.5344210107441,89.5344210107441,90.5598958333333,90.0789177001127,90.7780979827089,86.7476851851852,97.3583523987798,98.9664082687338,87.5414044252536,85.4208472686734,84.9656357388316,93.3931669946635,96.6935483870968,98.846019094333,101.563478130699,100.773690357024,99.240990990991,98.380215562995,102.845528455285,100.070987654321,93.4511434511435,94.6969696969697,92.755214050494,89.2508680174043,92.755214050494,91.2414965986395,90.1682599453733,85.8504778618852,87.7019973741418,84.411930219471,89.3684210526316,91.2980769230769,90.9090909090909,91.6385406621665,84.7605224963716,88.2339885409576,94.4683544303797,88.2309729643445,92.0691287878788,93.2291666666667,93.4270833333333,97.9166666666667,105.410835453774
"Pittsburg","OK","McAlester","40","121",677,,,,,,,,,,,,,,,,,,,57.5961538461538,57.5961538461538,57.6923076923077,67.745600289296,62.1408045977011,61.4038713542252,65.8963072366687,64.6824310227925,62.9968092252575,60,66.6708428789614,65.0789701239612,71.3912252470457,68.2835820895522,67.5771057300908,65.1800468771078,64.3639346764347,65.1800468771078,63.7393767705382,62.2909698996656,60.4551920341394,63.7393767705382,63.4276540814313,65.3348778636267,66.5038477825966,64.1247833622184,59.8820714769648,63.7687408874584,59.8820714769648,62.9042658730159,58.1103678929766,60.8231707317073,62.3937572212594,62.4479166666667,62.4479166666667,63.0739795918367,62.5,60.2678571428571,60.1913875598086,58.8942307692308,58.1763666003303,58.786231884058,60.6526259793017,62.0556872037915,62.5,58.430726561498,58.786231884058,58.8942307692308,58.8942307692308,58.786231884058,58.786231884058,61.2940850098905,60.4281135531135,58.7200390189521,58.7200390189521,56.7995918150975,58.2932692307692,60.7185671471386,58.786231884058,63.5790369842401,66.4893617021277,63.5790369842401,58.5567256265484,57.1937994830005,58.3810893593162,57.3843416370107,58.0155565978737,59.7316576086957,63.388987391647,63.1205673758865,62.2112956135513,60.1691784869976,61.1224489795918,61.1224489795918,60.9696741052375
"Calaveras","CA",,"06","009",678,,,,,,,,,,,,,,,,,,,,,,,,,,,,,,,,,,,,,,,,,,,,,,,145.864413364413,142.93487654321,141.6,141.92597074608,137.574404761905,135.069475240207,143.415718157182,146.406388642413,144.995806669219,151.057790775533,156.25,161.989795918367,157.451923076923,155.908801020408,161.796536796537,163.502109704641,169.935897435897,175.456065673457,175.433420745921,176.086956521739,176.086956521739,175.70849476252,183.292937035757,185.155508072175,187.206969956328,184.413580246914,183.316934099393,187.898089171975,187.5,181.937537551417,190.583705300852,184.113300492611,182.926829268293,178.321678321678,178.571428571429,173.611111111111,180.218211155906,184.111150345261,184.735002527341,179.564668688984,182.175595238095,189.221589112608,195.870535714286,189.655172413793,190.488605179873,198.343436454849,199.134199134199
"Polk","TX",,"48","373",679,80.5645161290323,81.134648916907,75.0377073906486,74.1337790571703,73.471628679962,72.3333333333333,72.1774193548387,70.8661417322835,70.5915178571429,69.5072900955254,72.8105709876543,72.8105709876543,73.2253086419753,74.2632207124495,74.1216795201371,76.6666666666667,75.1841253742876,77.7678571428571,84.5120226308345,76.2515262515263,77.5602869352869,79.9,73.0855855855856,73.0855855855856,76.9230769230769,74.4163424124514,78.4090909090909,78.4090909090909,72.5572292409027,78.4090909090909,80.4398148148148,80.4398148148148,77.9264214046823,76.4950640100974,74.6021543868784,74.8791364371836,75.1232311106261,73.3414598108747,65.4970760233918,69.6084797555386,74.0151515151515,73.1872750787225,69.4117647058823,70.3185374806801,68.75,68.5185185185185,68.75,68.5185185185185,67.51813517339,68.8657407407407,70.3245749613601,70.1621621621622,71.3492063492064,74.4794447410571,74.2559523809524,78.2967032967033,78.9930555555556,82.3529411764706,82.5827205882353,77.2105361131794,77.0164027149321,73.3173076923077,73.6235119047619,76.144943019943,77.1627897419037,76.4163372859025,76.5208621414033,76.4163372859025,82.8481245668746,77.2151898734177,83.0050069060773,78.7929968072271,80.2621755725191,77.3650266292569,80.5343511450382,85.812356979405,83.6148648648649,86.875,95.3947368421053,90,90.8636363636364,88.1696428571429,88.4375,88.4222898230088,90.4545454545455,89.3111455108359,97.5433526011561,102.5390625,104.247166409067,101.722899125648,101.441888283811,99.3836671802774,98.5640157924422
"Phelps","MO","Rolla","29","161",680,,,,,,,,,,,,,,52.1953065859198,52.6201661910959,57.6809470124013,65.2386392485402,67.8561606160616,67.6567656765677,68.0724932249323,69.0353535353535,69.0353535353535,68.9722222222222,65.9552845528455,63.7254901960784,70.1006944444444,72.5544252288911,74.5,70.7691614066727,67.5383228133454,67.0396744659207,64.8614053672316,64.8614053672316,61,62.3844731977819,63.086642599278,64.2965015210778,68.75,69.6748506967485,69.6748506967485,70.759739238553,70.3645518111696,69.333936106088,74.0682850918145,74.1714285714286,74.0682850918145,74.255525606469,73.9651416122004,74.255525606469,75.5532661782662,77.8834720570749,76.0067602300612,71.2797619047619,69.3384284690709,68.3130241090147,72.8451563691838,68.5069444444444,66.9661789652248,66.1323155216285,66.1323155216285,67.2008547008547,69.7969543147208,66.1641277519881,66.1641277519881,66.1323155216285,68.5279187817259,68.5279187817259,66.1323155216285,64.8611111111111,70.1320132013201,67.8009937289902,68.5736079328757,66.1931818181818,68.1151868047217,69.847148794024,71.1538461538462,71.1111111111111,68.8793103448276,71.1324786324786,71.3191105769231,68.5515098487908,68.3729384202194,68.5736079328757,62.4391233766234,61.8267919469292,62.154304029304,63.3562639129359,66.6666666666667,66.7316620241411,67.5632911392405,76.0769230769231,74.5395841903195,77.8378378378378
"Tazewell","VA","Bluefield","51","185",681,,,,,,,,,,,,,,,,,,,,,,,,,,,,,,,,,,,,,,,,,,,,,,,,,,,,,,,,,,,,,,,,,,64.226955400418,56.5960912052117,57.1846002244546,58.8344712885154,56.5985576923077,56.0096153846154,57.4803046218487,63.1069094304388,60.0340136054422,63.7535816618911,62.1977667035807,61.2550665301945,60.8882521489971,57.5,64.8535698247786,62.8385388577153,63.8459088757442,60.4651162790698,54.6458649930977,57.4917491749175,60.4651162790698,59.8938589840788,60.414101256025,60.4651162790698,59.522619047619,56.1594202898551,55.1654964894684,54.7566612882125
"Itasca","MN",,"27","061",682,148.316062176166,157.444282945736,158.312182741117,156.617647058824,154.263565891473,147.387770897833,150.228626396795,152.378048780488,137.674418604651,150.075664066357,135.910087719298,128.600823045268,128.600823045268,132.255455382283,141.300632094943,133.816964285714,138.362240829346,149.969512195122,152.943410355156,152.378048780488,144.921875,144.782608695652,147.774480712166,140.93137254902,138.60119047619,126.27052238806,132.651243719628,137.218527086948,139.738095238095,148.215754575951,150.424614222883,151.082251082251,149.332018093522,146.663095238095,144.420995670996,130.208333333333,130.130754662005,135.07228158391,140.666666666667,149.674479166667,151.472498090145,151.082251082251,148.269230769231,144.134615384615,144.303702250131,144.134615384615,141.395447096179,140.048076923077,139.046314741036,136.580459770115,136.580459770115,136.494252873563,141.309523809524,136.476426799007,138.773148148148,144.230769230769,140.35583855056,138.008720930233,141.369047619048,138.39093453919,138.773148148148,136.204397624434,134.126984126984,135.913932880845,136.71875,139.377210778194,139.98127340824,137.824675324675,134.8907152115,137.48280605227,134.347826086957,134.813506952108,131.706871345029,132.710597826087,134.417867718153,136.441336441336,139.377210778194,140.793269230769,141.432355207397,140.961538461538,136.884514360993,141.191014359619,134.837962962963,134.197255291005,133.485617597293,134.399058798646,135.433604336043,139.539635298564,146.495454545455,146.050579322638,145.19906323185,138.495180631451,137.681342147496
"Stephens","OK","Duncan","40","137",683,,,48.5323400486133,46.6355140186916,44.4565217391304,43.3870959701701,43.37899543379,47.1604787048282,47.9655287130263,45.5322194123774,47.6854433909649,47.6854433909649,40.8333333333333,41.3983440662373,43.4308122664287,45.4067489232164,47.942890833073,44.7643097643098,43.3501683501684,43.3501683501684,42.6774483378257,42.003367003367,44.7282608695652,51.4851485148515,51.4851485148515,51.4851485148515,49.009900990099,47.6192657245947,51.153261424418,52.536231884058,50.4156010230179,52.5393023827069,49.7795762996135,51.7955801104972,50,49.8081841432225,49.8081841432225,49.4059405940594,46.0688405797101,43.8888888888889,41.0900876032769,47.5624256837099,47.3544138344108,47.5049900199601,47.5367033250175,47.5367033250175,47.510980966325,47.0953707916288,44.5859872611465,46.1200585651537,47.866604339455,47.5,47.5,46.1200585651537,49.4830132939439,47.5409836065574,47.3892405063291,48.9985693848355,45.9016393442623,44.7445869891125,43.2315800620929,44.7445869891125,40.9016393442623,44.8442760942761,44.3351466740118,44.3351466740118,43.7360269268133,46.2962962962963,46.046046046046,46.0409258363223,47.6210774164738,42.5360246673459,40.9380021117385,37.037037037037,37.037037037037,36.2604540023895,41.0583941605839,39.6126083440145,39.7420867526377,39.7420867526377,42.7246123959068,43.2551319648094,41.5300482519082,45.278021978022,40.2781228433402,37.593984962406,35.4440461967344,37.3306878306878,39.5894428152493,36.1557155161806,39.6590909090909,40.2200994963257,42.01197053407
"McDowell","NC","Marion","37","111",684,96.7261904761905,91.2228796844181,90.9663865546218,91.2331932773109,90.0702987697715,95.4676870748299,92.2619047619048,90.9663865546218,93.6819727891156,93.0342136854742,90.0962885154062,93.3998599439776,97.6388888888889,102.233539486204,99.4444444444444,88.75,88.4375,88.4375,88.9046311645255,88.1821151818057,88.75,92.8571428571429,95.8964646464646,94.2983405483405,95.0392857142857,95.1785714285714,96.2346477052359,94.6315789473684,91.468253968254,96.7906746031746,96.2006549831829,96.4285714285714,99.4786212914485,101.409967540316,102.64941619936,95.2160013263556,93.1578947368421,88.7909836065574,90.0819672131148,82.9696394686907,85.7514880952381,93.3779761904762,97.923191055295,97.923191055295,100.180272108844,108.748481166464,108.748481166464,101.360544217687,107.804568527919,107.804568527919,97.4405850091408,96.4702925045704,92.8571428571429,100.990048413125,102.07100591716,102.168525402726,108.240740740741,110.593713620489,110.593713620489,112.693298969072,108.240740740741,110.199897488467,111.528520172805,120.072115384615,120.277777777778,122.063329928498,120.277777777778,120.072115384615,119.25827991453,120.072115384615,111.11037037037,96.0737179487179,92.9861335053209,93.1151241534989,94.3506115317414,104.151943462898,101.884615384615,115.2875,111.607142857143,113.846153846154,127.832512315271,123.151477832512,125.263157894737,122.402888718678,122.402888718678,121.347048687566,123.151477832512,123.151477832512,125.263157894737,123.151477832512,125.263157894737,128.535714285714,135.815217391304
"Lincoln","SD","Sioux Falls","46","083",685,136.134453781513,129.683544303797,131.860158311346,129.683544303797,127.380952380952,127.380952380952,129.122774790421,132.920168067227,125.960385438972,109.457544517338,109.018181818182,109.018181818182,109.018181818182,109.018181818182,104.590813885853,104.590813885853,109.018181818182,109.011955213925,125.861408882083,111.346548188653,117.412935323383,112.275731822474,108.358764717591,117.370892018779,108.91677675033,109.561403508772,113.185110005725,113.156904668901,121.968503937008,123.682735664455,133.277451802179,133.277451802179,132.504927517803,130.962065495945,129.058073654391,123.915737298637,109.126984126984,109.126984126984,110.153551826295,108.443450131221,114.046288906624,115.186440677966,115.52179656539,118.194090409485,115.642458100559,115.393191362749,116.389351081531,118.229753747574,118.270737354131,118.852459016393,122.586520947177,117.847025495751,124.280104712042,130.448020878643,131.944095909407,136.370579510266,147.475482928069,147.347176601295,132.850658600321,142.485732403297,130.448020878643,135.253296321999,143.379790940767,135.101772539109,138.489415257519,147.344343923855,156.707317073171,149.233447144674,140.291897047887,146.598733424005,136.995649327623,157.129583891986,151.275720164609,150.27972027972,163.205931221442,159.043795414063,154.758522727273,155.229565976343,166.666666666667,172.417153996101,180.412371134021,181.671093787283,182.702349869452,182.702349869452,182.702349869452,178.362974939369,174.321705426357,176.941797077802,182.015638575152,178.288518535235,177.972238986119,177.972238986119,178.427655269674
"Windham","VT",,"50","025",686,136.154756681657,140.82774049217,135.73543928924,135.923275200176,135.111662531017,129.5870858979,134.134615384615,139.513108614232,156.527277096852,156.527277096852,151.805300245098,156.527277096852,151.8679777196,151.8679777196,150.672229949003,166.632513661202,162.5,157.518796992481,149.423551433676,150.56386763921,144.931271477663,144.832126398947,139.270604395604,143.419471153846,142.307692307692,146.086956521739,146.086956521739,144.19025674786,142.207767722474,138.333333333333,136.272727272727,135.623556581986,135.311778290993,132.60663507109,129.01023890785,128.70966490847,129.394655248782,128.140703517588,137.29674796748,137.29674796748,137.5,136.577868852459,134.259259259259,133.828996282528,134.259259259259,134.408602150538,133.63603988604,131.818181818182,134.259259259259,129.067245119306,133.012820512821,133.63603988604,132.746940559441,133.012820512821,136.648171859439,142.996987951807,136.130536130536,129.067245119306,129.63778922632,127.005347593583,130.208333333333,127.574468085106,127.67094017094,128.870553092279,141.761006289308,143.154761904762,145.454545454545,147.777777777778,144.53125,145.650048875855,146.262524437928,145.625520100877,157.602296143656,156.435643564356,154.166666666667,155.301155115512,152.962909992372,154.166666666667,156.291992244117,156.291992244117,148.656746031746,145.966778202677,148.214585220221,143.333333333333,139,141.166666666667,148.313492063492,141.166666666667,145.823412698413,140.625,138.999602859412,137.077594894189,134.618421052632
"Beltrami","MN","Bemidji","27","007",687,,,,,,,,,,,,,,,,,,,,,,,,,,,,,,,,,,,,,,,,,,,,,,,,,,106.658291457286,103.865968739299,109.63037523684,117.663043478261,116.761889243966,112.905092592593,112.760416666667,112.803819444444,114.236111111111,112.803819444444,106.75515551048,108.2995951417,115.546218487395,122.5,128.584558823529,129.910714285714,129.910714285714,132.300335182617,130.090497737557,131.595831353113,134.438856960409,127.605042016807,125.071193555707,126.602564102564,126.602564102564,129.358985608986,145.967741935484,156.363636363636,159.548611111111,170.127659574468,174.346445653967,170.240480961924,170.240480961924,174.468085106383,174.346445653967,174.468085106383,174.468085106383,174.468085106383,174.468085106383,168.551587301587,165.888888888889,161.338582677165,157.615894039735,161.338582677165
"Shelby","IN","Indianapolis","18","145",688,,,,,,,,,,,,,,,,,,,,,,,,,,,,,,,,,,,,,,,,,,,,,,,,,,,,,,,,,,,,,,,,,63.9957264957265,61.3616071428571,61.300694579603,64.8285576857005,64.8285576857005,64.3832138590203,62.8070175438597,60.7835935861129,61.7949027602917,62.8070175438597,63.0038704355826,64.7704590818363,72.2423146473779,77.233676975945,74.875,73.3569587628866,66.2385139985643,68.9366458243839,69.4935620919026,62.9691236537057,62.3697916666667,62.5685199686766,72.6172465960666,69.5807314897413,75.3079721899791,75.2931323283082,79.3810860632669,79.7993019197208,70.0637343515726
"Polk","WI",,"55","095",689,,,,,,,,,,,,,,,,,,,,,,,,,,,,,,,,,,,,,,,,,,,,,,,,,,,,,136.959816612729,154.251012145749,174.792388224181,170.100308641975,166.023579849946,156.375071762487,150.952336469978,150.281954887218,123.595505617978,123.595505617978,133.990536277603,154.744525547445,154.240394641854,148.825187969925,143.613123315364,142.57089352595,154.744525547445,143.421052631579,145.366379310345,145.881126173097,143.408425504229,143.408425504229,138.950892857143,141.316998764288,151.654411764706,144.396551724138,144.382913266649,143.338483558426,141.358501049512,140.863148479428,135.536480686695,135.476573676681,135.536480686695,135.536480686695,142.37896745681,144.549356223176,144.622093023256,145.955056179775,163.329928498468,155.925155925156,146.74671592775
"Camden","MO",,"29","029",690,131.578947368421,129.496402877698,129.496402877698,127.181818181818,123.785950023574,126.54004576659,124,124,123.714285714286,125.115848007414,125.93984962406,127.09549689441,127.09549689441,122.774725274725,123.714285714286,121.050125313283,121.047619047619,122.796610169492,123.157894736842,122.928571428571,120.068610634648,120.27149321267,119.004237288136,120.512820512821,118.421052631579,121.94696969697,119.981673738377,120.811893203883,120.685344827586,120.27027027027,118.928571428571,118.173913043478,114.238095238095,113.578947368421,113.578947368421,111.266666666667,113.118885869565,115.017985611511,119.037142857143,119.440425531915,119.75,117.241379310345,117.132380952381,116.918994214508,119.12380952381,116.644470404984,117.02704616256,118.310970797159,118.310970797159,117.181818181818,118.952380952381,117.529411764706,117.529411764706,117.233009708738,115.789473684211,117.207413945278,118.957811194653,117.712074303406,118.625,119.047619047619,119.63696369637,119.714315181518,117.529411764706,113.187702265372,112.5,113.937343358396,113.234476132686,113.020833333333,113.333333333333,113.2,113.333333333333,116.466165413534,115.497633679452,114.736842105263,116.315789473684,114.160455486542,113.992021909979,114.210526315789,115.70164851641,113.256113256113,114.815789473684,115.850707850708,112.83185840708,113.009780336226,113.187702265372,113.2,115.684210526316,116.835455824589,116.285410216718,115.684210526316,115.176470588235,118.157894736842,117.177136479592
"Hancock","MS","Gulfport","28","045",691,105.724660188431,104.85806226041,104.718417047184,105.233228736818,104.020979020979,101.484375,101.215805471125,101.079943403681,100,101.215805471125,93.0720848056537,93.7086092715232,91.9179894179894,93.7086092715232,93.7086092715232,92.9168477402023,91.4261126343865,88.1612090680101,90.1100852272727,88.9777352373068,93.7853925563352,91.785977180714,93.1174089068826,91.785977180714,88.0108273926196,85.5018587360595,89.5295077087683,89.3617021276596,81.5206702789484,83.3333333333333,83.3333333333333,80.1619433198381,80.7627898417372,83.2575757575758,83.5104767689037,85.0531914893617,83.6879432624114,87.2295743639922,85.7891222252924,85,82.4449899632431,81.4732863278631,81.3829787234042,83.9675853205769,83.2172701949861,83.4993359893758,83.6653386454183,79.0084388185654,82.5062861042044,81.7953020134228,77.7410207939509,78.2149249390339,79.1788245102126,78.0353772076306,78.6017595834456,82.3536628110761,80.3037275655775,79.7181005940432,81.9958133971292,83.4231072555205,84.3881856540084,81.8708133971292,84.3881856540084,85,84.75,81.4048184594503,81.3636363636364,86.7146596858639,84.75,86.6906631762653,85,82.03125,81.530612244898,82.5446898002103,82.5446898002103,85.2477092450766,87.0454545454545,89.6,89.8936170212766,90.080971659919,89.6860171437318,89.3668682075616,87.5,85.9027777777778,93.0979133226324,94.2616372391653,92.4042040913903,93.7473947478116,94.3181818181818,92.1782659018246,94.1587658017299,90.2759132253514,90.0983236621534
"Sweetwater","WY","Rock Springs","56","037",692,,,,,,,,,,,,,,,,,,,,,,,,,,,,,,,,,158.687943262411,161.020107994842,152.67302259887,130.208333333333,128.286749482402,119.644012944984,127.605244996549,138.782051282051,141.838000708968,145.638629283489,140.367067234287,142.777777777778,143.859706009511,155.982905982906,151.954816017316,151.562019304722,149.970292207792,152.384584239787,152.399678302104,152.284263959391,153.769230769231,154.318243703199,152.173913043478,151.383064812771,174.298490318346,172.901943623965,180.335968379447,177.667984189723,179.841897233202,174.699748355705,166.565656565657,166.464646464646,159.312115239555,164.755233990148,159.869666116891,158.043432960229,154.36279875935,152.544215044215,151.576335773227,151.036269430052,151.576335773227,162.755102040816,169.26068180081,172.447013487476,170.918367346939,161.943319838057,156.002415458937,146.58685114738,151.333333333333,155.30612244898,166.1918328585,152.978484264611,146.971471471471,153.605200945626,156.54198742434,154.209444834445,138.888888888889,138.888888888889,146.022727272727,146.159511784512,147.259954551621
"Crawford","OH","Bucyrus","39","033",693,,,,,,,,,,,,,,,,,,,,,,,,,,,,,,,,,,,,,,,,,,,,,,,,,,,,,,,,,,,,,,,,,,,66.8526785714286,66.8526785714286,67.8418803418803,65.7366071428571,63.1645569620253,63.1645569620253,59.2670401493931,62.0720720720721,63.272013198429,63.6160714285714,65.8800393313668,64.8587782987451,63.2013201320132,62.9603399433428,63.2586917363733,63.4439291789275,63.5350318471338,63.9957264957265,69.2901234567901,63.0050505050505,63.1645569620253,63.3497944045795,63.1645569620253,57.6282051282051,63.1645569620253,64.8351648351648,56.8794607454401
"Sullivan","NH","Claremont","33","019",694,,,,,,,,,,,,,,,,,115.909090909091,119.01681759379,121.786197564276,118.242929801028,117.445054945055,114.166031987814,106.420368846839,104.097222222222,98.1957717273711,100.202338981766,98.9304812834225,101.447162773501,101.447162773501,104.307692307692,104.097222222222,105.258881721703,103.096774193548,100.892857142857,106.008313012636,104.166666666667,98.5044123445683,93.2471264367816,96.6462281679673,112.78801843318,117.015840572305,116.583333333333,114.870689655172,113.968702793401,113.572291421552,112.57018321513,108.695652173913,104.181303739396,104.739347662142,103.211330044786,102.943340691685,108.695652173913,115.786291658385,122.189655354521,117.838575326727,114.435042309607,105.059288537549,105.985831137886,107.508532423208,104.529616724739,104.387186629526,106.485489054559,115.105644906969,121.151515151515,118.790950378469,116.666666666667,118.099231306778,119.773519163763,117.109375,116.529492455418,110.845544485388,105.686938615935,101.903467029232,101.509825292132,106.256158349273,109.875438694743,111.958146487294,112.10688644175,112.10688644175,111.92,108.695652173913,111.906893464637,106.690777576854,108.0631237879,113.684275793651,113.25294384058,108.606557377049,114.026845637584,116.630196936543,116.666666666667,120.845404116536,110.457063711911,105.516431924883
"Stevens","WA","Spokane","53","065",695,140.997023809524,147.598870056497,152.666666666667,143.821022727273,144.666666666667,146.493242529828,145.274012285355,146.493242529828,146.311227575086,145.474137931034,132.592261904762,125,125.661375661376,123.125,124.977678571429,124.955357142857,130.670426065163,131.666666666667,132.231404958678,133.184523809524,133.184523809524,131.703431372549,128.782051282051,126.383763837638,124.135538613672,122.81976744186,126.243584314784,126.243584314784,128.517823639775,126.404494382022,133.184523809524,132.850241545894,128.098290598291,126.851381838691,128.098290598291,126.480541455161,126.404494382022,123.508522727273,126.404494382022,135.746606334842,134.837962962963,134.83606557377,132.478632478632,131.318681318681,132.393924762607,135.276124338624,132.478632478632,125.473484848485,127.665216395695,127.181818181818,135.775862068966,137.704081632653,137.704081632653,135.775862068966,137.025511815545,133.101851851852,137.704081632653,131.326831388636,126.859654598419,125.612745098039,123.333333333333,122.649223221586,121.936274509804,123.235551737497,124.729437229437,131.642512077295,136.438356164384,140.244524639124,142.814549791294,145.906432748538,150.334168755221,146.456692913386,152.04343068974,138.611111111111,138.58266398929,140.269886363636,138.815789473684,138.815789473684,138.202711640212,138.721804511278,137.163220551378,138.815789473684,138.475307261644,136.231203007519,138.475307261644,144.263544923137,139.481026785714,143,158.234126984127,159.52417376608,156.25,141.677125395613,144.946798748482
"Sanilac","MI",,"26","151",696,,,,,,,,,,,,,,,,,,,,,,,,,,,,,,,,,,,,,,,,,,86.6583333333333,82.2352941176471,83.1666666666667,83.1904761904762,83.3333333333333,78.9427325581395,78.9427325581395,80.4794520547945,70.325,70.75,80.8722561478792,89.2129754924072,99.2854990187833,100.126156433978,91.2946428571429,87.9807692307692,83.7245696400626,76.8131868131868,73.7091157339224,67.5409635274905,69.5121951219512,73.1732839194226,78.6802030456853,82.2291666666667,83.6520076481836,85.3333333333333,85.3333333333333,81.7131979695431,73.6666666666667,69.4950838168923,70.9219858156028,64.7567567567568,68.7526595744681,70.4054373522459,68.8793103448276,72.1811129691565,75.8883248730965,72.953431372549,73.406862745098,78.8999098286745,78.7806635757546,78.4090909090909,87.4,87.4,72.7352941176471,75.6818181818182,75,87.4,94.2165032679738,94.3888888888889,97.9166666666667,99.9
"Habersham","GA","Cornelia","13","137",697,,,,,,,,,,,,,,,,,,,,,,,,,,,,,,,,,,,,,,,,,,,,,,,,,,,,,,,,,,,,,,,,113.850612423447,104.895327318991,110.569772528434,109.722222222222,100.815850815851,94.488188976378,99.1666666666667,105.35298035298,99.9056603773585,99.9056603773585,96.974435617233,101.094322344322,104.9343832021,104.537834786454,106.166475610596,111.160714285714,110.795454545455,110.795454545455,107.398568019093,106.205474213287,97.5488125642735,96.6747279322854,96.6747279322854,101.352928168477,107.87037037037,118.142144638404,125.248508946322,119.046626984127,118.142144638404,124.479166666667
"Butler","MO","Poplar Bluff","29","023",698,,,,,,,,,,,,,,,,,,,,50.1432291666667,50.1432291666667,48.3333333333333,48.0769230769231,53.3216783216783,53.7692307692308,53.7692307692308,53.7715517241379,48.3333333333333,48.3333333333333,48.3836206896552,55.8411214953271,54.4588744588745,57.7088567839196,56.875,55.6640625,55.4166666666667,56.0301507537688,53.4818405663281,55.4166666666667,55.5574482582404,56.0301507537688,54.4545454545455,54.4545454545455,54.8305084745763,49.1141732283465,48.5014619883041,47.7430555555556,49.3819183375104,46.6517857142857,48.0674342105263,50.8018092105263,51.9460685483871,52.4021352313167,52.3729426156584,52.4021352313167,58.7704172985219,58.7704172985219,55.2052169932517,47.6657424641952,47.92,48.2084690553746,48.2084690553746,46.1609620721554,52.5116144018583,52.1777003484321,51.5433956287615,50.9090909090909,56.3088368775934,54.9274553571429,53.7274517276423,57.9641712454212,56.5629144562334,56.0344827586207,49.5973190780261,47.2537878787879,46.5435606060606,47.2537878787879,50.5949945444626,50.9731432360743,50.8741613356218,52.5041918175721,50.8741613356218,49.1155169654289,48.6854022169928,49.1695075757576,47.6760563380282,45.8440366972477,47.2764645426516,47.6760563380282,47.6760563380282,50.0476190476191,48.5859728506787,48.5535498056211
"Sequoyah","OK","Fort Smith","40","135",699,,,,,,,,,,,,,,,,,,,,,,,,,,,,,,,,,,,,,,,,,,,,,,,,,,,,,,,,,,,,,,,,,,,,,,,,,66.7107066793547,58.0357142857143,61.6071428571429,62.5,62.5,67.1341043307087,67.4375,68.144766873166,74.5833333333333,76.6574589964078,76.6574589964078,82.5,77.0178681454097,76.2970498474059,76.4655904842821,75.3192980757845,68.0272108843537,72.2175021240442,69.0352182539683,67.3486786018755,70.6101190476191
"Jackson","IN","Seymour","18","071",700,,,,,,,,,,,,,,,,,,,,,,,,,,,66.2589194699286,71.0394783429718,69.980694980695,65.1086956521739,69.0789473684211,65.6275635767022,65.4455188188813,63.1316998468606,60.8739837398374,59.9047619047619,59.4047619047619,57.504873294347,59.3032159264931,57.504873294347,57.504873294347,62.4305555555556,64.4483279020208,61.87624750499,62.0301815142279,61.3908841534057,62.2208666259988,64.3981135070177,61.0282856322389,69.6485805860806,70.9508145363409,70.6845238095238,65.7116071428571,65.8344379828387,63.2012829403606,66.7194594066166,65.3809971777987,63.2012829403606,61.7094444246124,63.0097087378641,66.5833333333333,68.1271929824561,63.3928571428571,63.4017265846736,62.8248332406893,69.6710526315789,70.3125,64.1447368421053,63.2702850877193,62.7875905797101,68.337863767189,64.5918996710526,63.7779077796532,64.1447368421053,64.1447368421053,62.3958333333333,64.2558164818439,64.1267123287671,63.9664902998236,63.6135013473787,62.4038461538462,63.789126262587,63.5817307692308,63.1317689530686,64.6187690919189,68.9484126984127,67.527090964591,70.9918541145978,76.7689039991101,72.1119133574007,71.251184444427,70.3904555314534,69.5304546996946
"De Kalb","IN","Auburn","18","033",701,,,,,,,,,,,,,,,,,,,,,,,,,,,,,,,,,,,,,,,,,,,,,,,,,,,,,,,,,,,,,,,,,,,,,,,,,,,,,,,,73.9423076923077,66.1872909698997,65.08078994614,59.6868905411994,59.641638225256,62.1335132890365,67.156862745098,67.8442028985507,71.3392857142857,65.6651401029074,63.2352941176471,63.9498025358553,71.3392857142857,71.3392857142857
"Pettis","MO","Sedalia","29","159",702,57.2344322344322,58.8541666666667,61.4929743431441,62.2034557222302,55.4029304029304,52.8218694885362,52.5100569896078,54.2391304347826,54.2391304347826,57.5892857142857,57.7835111317254,59.0627626439907,58.6283185840708,58.2155477031802,57.791095890411,57.9777365491651,58.0966421261727,57.1366572703782,58.2155477031802,61.3117870722433,59.8501872659176,56.0776302349336,56.6919191919192,60.1444582320511,56.6919191919192,60.9043263267383,58.2013964281406,55.7209302325581,53.1345565749236,51.8007697947214,53.8419913419913,55.7209302325581,56.0304482238893,53.8419913419913,54.7814607872747,55.8728525036665,56.0361216730038,58.0232558139535,57.3999062952551,53.682447689297,53.61328125,58.5340994042527,57.8097048300537,57.6442307692308,57.5961538461538,58.9285714285714,57.6923076923077,56.6404281778321,55.6487574941559,59.6593990671439,57.5611888111888,54.8003398470688,56.6361556064073,57.1610961233637,56.734934295231,59.3235161363123,57.6086956521739,55.7821758394278,56.6628701594533,57.1357829058136,55.6344878408254,55.2689756816507,53.7711352657005,54.3478260869565,54.6875,56.3912429378531,58.0645161290323,56.4516129032258,55.9139784946237,54.6382189239332,54.1470664512139,55.0561797752809,53.167242703533,56.1440677966102,57.6592082616179,56.6886018910667,54.788961038961,55.4273504273504,58.1845238095238,60,57.7281044926805,58.0495356037152,61.2244897959184,60.7040281147424,57.4267782426778,65.7594381035996,65.5361050328228,65.6477715682112,66.1695389600825,64.540215379438,65.4761904761905,62.8960980775497,59.5170454545455
"Wyoming","NY",,"36","121",703,,,,,,,,,,,,,,,,,,,,,,,,,,,,,,,,,,,,,,,,,,,,,,,,,,,,,,,,,,,,,,,,,,,,,,,,,,,,,83.2222222222222,80.5299539170507,81.6666666666667,80.042689434365,76.6228130509229,74.7695852534562,70.8431836091411,76.5607886089814,70.7912402914755,68.7203791469194,63.8792102206736,65.8572717528921,67.6011493488324,71.7708333333333,71.7708333333333,66.114810350821,66.114810350821
"Shenandoah","VA",,"51","171",704,136.165577342048,139.011204481793,144.232172586016,141.025641025641,141.071644042232,144.396551724138,145.391635237069,155.774087024087,150.29547275641,144.291338582677,144.291338582677,138.146167557932,128.477804165144,118.591045810302,118.306010928962,122.662889518414,118.591045810302,114.081049734901,111.532738095238,119.78345826126,120.588235294118,118.838978107512,119.784356258772,118.980477223427,115,114.987080103359,114.99354005168,118.197909655252,121.450034340659,119.521604938272,118.197909655252,118.004722550177,117.222299700703,117.415342087077,118.492599886802,118.980477223427,120.491760154113,128.009778975203,125.954198473282,128.009778975203,121.809744779582,118.89880952381,124.562937062937,128.305519897304,128.758169934641,132.65625,132.424006235386,132.424006235386,137.153225229095,132.186948853616,137.541016190401,127.199074074074,123.456790123457,122.273190621814,120.096153846154,121.921921921922,120.781461185873,122.111111111111,118.870192307692,116.909381632536,113.811728395062,114.864864864865,113.888888888889,107.622203811102,106.543803418803,114.825581395349,115,123.498962538335,122.950819672131,123.131286927727,114.583333333333,114.035087719298,115.221987315011,115.319516407599,118.534482758621,118.534482758621,114.583333333333,119.215425531915,121.870882740448,120.088945591635,122.907103825137,119.708016956883,130.61797752809,130.61797752809,138.118814454424,128.999464954521,140.159970238095,124.071870537839,120.4270233375,130.698864974837,123.42069479767,138.819444444444,139.331597222222
"Tioga","PA",,"42","117",705,,,,,,,,,,,,,,,,,,,,,,,,,,,,,,,,,,,103.092734329855,103.902953586498,106.838782509667,114.686468646865,114.367816091954,114.686468646865,114.686468646865,106.183416193182,100.641025641026,99.0556746555262,96.0227272727273,97.1698094370967,98.6495017745018,96.0227272727273,93.7842331768388,93.8184663536776,93.8184663536776,93.8414676090732,96.3598588342441,97.233606557377,95.2857905982906,94.9660633484163,95.2260872297637,93.8184663536776,99.7962655035024,95.4861111111111,95.1446099912358,91.7177914110429,101.51892964393,101.282963125068,102.699530516432,104.598348348348,101.214574898785,103.365384615385,95.1700680272109,95.2469045172026,95.2469045172026,104.855188343994,98.7103174603175,95.1700680272109,95.3237410071942,95.581171950048,102.532775586221,107.5707149586,104.340873491624,103.41796875,98.2209737827715,97.4374180050382,97.7777777777778,102.027027027027,97.0833333333333,95.4063604240283,101.055975824528,102.027027027027,106.548913407484,103.059644465894,96.625533934504,100.376157407407,98.3966364323507
"Wood","TX",,"48","499",706,,,,,,,,,,,,,,,,,,,,,,74.0808823529412,69.9,68.6377593360996,71.229804479619,69.2558545603944,72.8296366145035,77.7853260869565,80.1937567276642,81.4837541114766,81.0714285714286,81.0714285714286,83.7837837837838,86.3636363636364,86.589128886779,88.4853852967228,86.1805394094397,85.997442455243,80.4953560371517,82.5632594174794,81.5217391304348,85.0918992511913,86.8146214099217,86.4363990637979,85.0918992511913,80.7070707070707,79.6703296703297,79.6703296703297,77.7472527472527,75.0126262626263,80.9180918091809,80.0561797752809,85.3846153846154,85.3846153846154,81.7307692307692,81.382625994695,80.5921052631579,76.8669254992733,77.781775210084,76,74.2067553735926,73.5392976588629,72.8350045578851,72.4415793714746,70.2003960460854,70.6556155135029,71.8929626645179,79.8221982758621,84.7776305828917,87.2573853260662,87.4595094863489,87.0296635854716,87.4595094863489,87.8571428571429,87.8571428571429,81.5297373744572,81.5297373744572,85.2225866916588,84.5360824742268,87.5333037300178,89.9305555555556,91.0759355961706,99.7899159663866,99.5412844036697,90.8333333333333,91.0759355961706,96.3767481241424,93.0124223602485,91.4835164835165,91.3185378590078,92.1296296296296,91.0778107407321,89.1054870349349
"Shawano","WI","Shawano","55","115",707,98.0038050185109,99.9442724458204,94.3715170278638,96.0664335664336,97.4390243902439,101.988817401961,105.438311688312,104.036458333333,105.438311688312,106.290542532803,100.877192982456,100.877192982456,100.877192982456,102.472858866104,101.67502592428,105.764705882353,101.503332436714,99.5196929238985,98.3005366726297,95.0848102398854,93.5846931269122,92.6761433868974,91.0160681156312,91.015625,83.5562987736901,83.5562987736901,92.733420530658,91.8458841934487,92.6761433868974,93.9155701754386,94.6842105263158,93.9155701754386,94.6842105263158,93.9155701754386,94.6842105263158,91.9263649821619,88.0969875091844,97.1337719298246,101.117592479922,101.90670213787,101.788756388416,101.788756388416,100.446428571429,105.362734362994,102.620396600567,105.362734362994,93.6495535714286,93.375318877551,86.5684575389948,86.4423076923077,84.95670995671,85.3705118411001,88.0973467322152,88.5302197802198,93.2823129251701,93.6383928571429,87.0671269519954,84.0387048237866,80.2446041875807,86.4697802197802,92.8738603381917,92.8738603381917,92.8738603381917,95.1162324176343,90.1819460401727,91.2171507607192,87.0930232558139,92.4142302237841,98.3333333333333,97.6388888888889,94.9754901960784,93.2708688245315,87.4375,88.0217420710069,92.1506319806548,87.6644736842105,82.9579333915067,87.9337993421053,88.203125,87.6644736842105,84.8993211981006,86.9167780748663,86.6176470588235,80.7494489346069,79.2851468907216,80.4114490161002,80.4114490161002,83.4861315660285,79.7890578413834,83.6984536082474,89.1865079365079,81.9444444444444,82.9537105069802
"Marinette","WI","Marinette","55","075",708,,,,,,,,,,,,,,,,,,108.328579577867,108.328579577867,108.328579577867,97.2495088408644,95.8469766426544,98,94.5981490183793,88.2238337378173,85.1973684210526,87.0902777777778,85.1973684210526,84.3984962406015,82.8409090909091,83.2352941176471,84.2024539877301,86.1375,83.9285714285714,81.4779270633397,79.9166666666667,80.2827380952381,79.2882352941176,79.9083333333333,80.3770017793594,87.4394581776372,82.9186182669789,81.0936051899907,80.2083333333333,74.2113095238095,76.0973011363636,71.24928693668,76.0227272727273,77.720207253886,78.887134964483,78.887134964483,80.2083333333333,80.2083333333333,81.8488394216134,81.90620604782,83.7947043224069,95.8333333333333,99.8185117967332,96.8586729362591,97.9239067220812,90.422322775264,90.422322775264,90.7272727272727,92.4644199785177,104.851742031134,104.108796296296,104.210526315789,104.056712962963,111.706018518519,110.163652024117,104.45060483871,97.4193548387097,87.1276595744681,86.7001934235977,86.7001934235977,84.8505434782609,81.8452380952381,78.5,74.7916666666667,77.1818181818182,84.7537878787879,86.5370813397129,90.4793000786429,93.75,87.3563218390805,87.3407483321276,95.0208590852905,93.357683982684,93.357683982684,95.1923076923077,100.892501057466,106.896778003806,119.568991545894
"Delaware","OK",,"40","041",709,100.151785714286,99.6510506145104,99.6510506145104,99.6510506145104,99.6510506145104,97.0833333333333,95.7045691335619,97.0833333333333,91.9651500484027,96.2747445721584,95.4661558109834,90.4239569313594,93.7156529296931,85.5714285714286,89.2113095238095,92.5637716053979,91.9651500484027,93.1623931623932,90.2703607600234,92.455202419951,92.9247339961626,89.7714907508161,92.687074829932,90.7806191117093,92.436974789916,92.9247339961626,96.1538461538462,95.8041958041958,91.4441028827554,86.3493511759935,85.7712765957447,89.1123882503193,89.8412698412698,90.8090258668134,88.6752136752137,88.4615384615385,88.5016025641026,88.8888888888889,88.5416666666667,88.5416666666667,89.2219387755102,90.1388888888889,90.1388888888889,89.1607348584595,89.9621212121212,89.3316532258064,88.8480392156863,83.25,83.4410095579451,93.1122448979592,93.1122448979592,97.7183833116036,102.507598784195,106.451612903226,103.846153846154,99.6677740863787,99.1890205864005,93.7460913070669,94.9499687304565,89.3962848297214,83.2209639953542,85.3846153846154,91.4145435244161,93.7460913070669,95.5769230769231,93.2580213903743,93.2687074829932,91.3095684803002,85.8882521489971,85.3333333333333,82.6923076923077,82.172342621259,81.1111111111111,84,85.0897736143638,89.8954703832753,90.4126213592233,96.6666666666667,90.3554778554779,96.3622291021672,96.3622291021672,99.1735537190083,96.6666666666667,95.1871657754011,104.18118466899,104.41921609169,103.181427343078,105.406141114983,103.125,103.125,104.459930313589,99.4594594594595,103.125
"Ottawa","OH","Port Clinton","39","123",710,154.382892434926,156.607629427793,154.382892434926,154.030699721965,148.239960337134,141.836946836947,140.926640926641,138.421452133913,137.816091954023,140.409309791332,140.846203346203,136.356340288925,137.53967476489,136.356340288925,136.724918111942,138.157894736842,137.986993345433,139.447787323581,138.902382360395,131.649650725416,132.999257859721,134.348864994026,135.022522522523,138.902382360395,144.38202247191,147.795698924731,144.151011235955,119.983948635634,117.320972881014,116.325730710366,118.279569892473,118.279569892473,121.576398852224,123.273026315789,144.46227929374,144.46227929374,144.46227929374,144.46227929374,138.851932243786,136.268343815514,139.423523942352,140.393258426966,135.608552631579,137.3231644401,137.310606060606,116.906474820144,131.52361064355,128.737113402062,130.990153172867,140.77380952381,147.580981891702,142.857142857143,136.281538900722,135.504201680672,136.420907641003,135.765107212476,132.958801498127,130.160320641283,129.534754624779,135.740740740741,136.420907641003,139.916963226572,139.721074380165,139.669421487603,144.229859776078,139.772727272727,143.894253353515,141.528354686249,138.133640552995,139.454190767216,138.851744186047,136.496743996744,137.252747252747,137.252747252747,139.135654261705,141.322063898144,143.975155279503,140.697674418605,139.560569638695,140.263605442177,140.480639930391,146.527777777778,147.938826466916,145.833333333333,141.095723663246,139.244186046512,142.522272254097,148.002335044158,146.614583333333,143.782112811247,143.452871533229,137.896825396825,146.223958333333
"Montrose","CO","Montrose","08","085",711,131.424375917768,133.692029470427,125.425755689163,127.053094989407,131.783616530313,130.398925143587,130.219165169234,129.746978148558,123.755658196179,123.293489558726,117.894351520641,116.883880915529,114.878542510121,108.703535811423,108.295964125561,108.295964125561,115.597616358728,115.597616358728,110.123876813268,103.115727002967,109.341360513534,110.186472927544,117.17432394371,116.62384300746,105.352798053528,105.092966855295,106.509539842873,98.9707046714173,99.4853523357086,98.9707046714173,98.9707046714173,101.104562659005,107.461476074615,107.848385096131,113.112391930836,113.387424438437,113.112391930836,114.410774062366,118.518518518519,120.676446617767,118.273468850734,117.496352448617,116.773388648389,122.34693877551,122.366581318874,122.34693877551,116.157137043908,111.111111111111,121.356275303644,117.979926367461,129.420029511773,126.728161813736,121.638141809291,112.996400414501,106.483126110124,106.483126110124,114.636075949367,121.486595980339,131.603773584906,131.189851268591,116.044364351958,110.563324194389,108.044982698962,116.2510957223,126.580794341121,119.299440298507,119.375,115.673211781206,120.7045328911,119.391949863309,122.185185185185,122.185185185185,122.744176303,127.941176470588,128.098290598291,144.864696440168,137.745340355973,134.703504043127,141.390460792239,138.462622767534,137.876254180602,136.583333333333,141.990075142249,135.932359307359,134.208739977971,148.953301127214,146.428571428571,147.725058206919,148.953301127214,148.953301127214,148.953301127214,148.953301127214,150.863757704783
"Mayes","OK",,"40","097",712,67.9398834222486,70.2247191011236,68.4523809523809,70.2247191011236,78.2911552175697,81.4342636495939,80.0248138957816,78.4377321019149,77.3075320831675,78.0240374690339,75.9158984161024,78.0133928571429,77.3181766950585,68.8559322033898,79.126679462572,81.7272727272727,81.7272727272727,78.0346820809249,79.126679462572,75.6369426751592,79.1829049486773,83.3333333333333,83.4752981260647,91.2172788592598,86.5587238432066,82.8098229583095,82.7725221760755,83.5203854239387,79.6970390720391,70.3463203463203,71.0684304434304,75.6286809595633,74.6527777777778,75.9782608695652,75.6713828229174,73.9837398373984,69.1018994446414,75.0720109442886,76.4506688963211,75.9782608695652,74.9559082892416,75.4670845794034,76.8952334173949,74.9546279491833,73.8636363636364,75.6493506493507,72.9638009049774,72.9638009049774,69.1964285714286,69.3447177822178,72.6851851851852,67.7966101694915,72.3684210526316,71.5748687757129,67.3595505617977,67.7966101694915,71.3056077694235,66.875,67.0055751173709,61.4406779661017,68.4523809523809,64.2335766423358,68.52487135506,67.566722972973,68.4523809523809,68.4523809523809,71.6261636049098,74.4677197802198,71.200277430447,72.8819278463572,75.093984962406,74.6794871794872,70.0187969924812,71.875,80.20723015714,80.7189221085759,79.4956140350877,77.1422030350602,79.3708028083028,74.468085106383,73.4929810074319,75.5255855713173,73.0240549828179,72.3095185308355,71.880650994575,77.6255707762557,82.1428571428571,80.9716599190283,74.7565348128189,74.6856734811145,75.5911822137255,75.6227758007118,75.6227758007118
"Davie","NC","Winston-Salem","37","059",713,,,,,,,,,,,,,,,,,,,,,,,,,,,,,,,,,,,,,,,,,,,,,,,,,,,,,,,,,,,,,,,,,94.9240607513989,95.5235811350919,95.5235811350919,94.5090800385592,96.3384141229111,96.7046125273973,99.1128235427641,99.8401278976819,96.8859418158695,97.6903870162297,99.7195291894826,92.3464161222342,93.1122448979592,91.9264588329336,91.8465227817746,91.7857142857143,93.9248601119105,96.9251336898396,97.3222979552094,97.1237158225245,96.753986332574,96.9251336898396,97.3145797004701,99.7304582210243,101.830662328103,101.279835824795,96.9251336898396,99.5222929936306,95.342805132099
"Okanogan","WA",,"53","047",714,,,,,,,,,,,,,,,,,,,,,,,,,,,,,,,,,,156.83941234167,155.665280665281,152.501144688645,158.00457404231,173.177083333333,150.314465408805,149.894458673381,150.756223877164,160.060978078664,162.91245311684,162.91245311684,165.014561781391,164.191419141914,148.735119047619,144.352703455964,143.804126337239,146.054964539007,149.548532731377,168.918918918919,168.142932848815,157.518796992481,155.815972222222,152.213728300685,153.201948755152,150.375939849624,144.052222686734,141.778523489933,134.640957446808,136.969192339717,130.47867666937,125.941179800725,139.772727272727,142.467911890343,139.650145772595,149.305555555556,141.706954098135,146.780303030303,154.654641376331,148.872180451128,143.030894886364,136.726641414141,134.14797008547,146.110056925996,167.335400448608,175.079344376331,176.510226732202,173.688100517369,170.883442265795,173.696911294107,170.470588235294,170.883442265795,171.373825979089,162.813077740802,156.311637080868,166.867807733032,169.036531528493,167.762237762238,171.634615384615,173.688100517369,174.980813507291
"Mercer","OH","Celina","39","107",715,,,,100.08896797153,98.4375,97.1279761904762,99.4471153846154,94.8229949874687,88.7510209385209,89.1964285714286,86.3583138173302,81.7720090293454,78.4573692626035,79.1198501872659,78.0208333333333,70.1694139194139,71.6443884799174,74.6794871794872,80.7970779220779,82.8965677179963,83.1944444444444,77.375,80.2919708029197,80.8583918813427,79.0883855981417,77.6029195633866,81.2353401094605,77.9677736217632,83.2386363636364,86.9900107411386,84.1019483805668,83.2386363636364,84.5052083333333,83.2386363636364,84.5052083333333,83.6265297202797,79.7567016317016,79.5454545454545,79.0672817281728,72.9680365296804,71.947194719472,72.9680365296804,75.4045307443366,75.8947368421053,78.488539566273,81.8693368035473,79.7657711066624,83.335402184707,84.4339622641509,89.7562817382533,91.4138374485597,89.2857142857143,93.016560421286,92.1317332065906,87.6099706744868,82.7814012910167,87.6190476190476,87.375,82.8409090909091,83.435782967033,79.7652582159624,78.393665158371,79.2182934436456,77.5859624246721,77.3943661971831,76.8594470046083,75.7708468002586,77.3943661971831,83.125,83.2291666666667,80.7291666666667,89.1865079365079,93.5416666666667,89.1865079365079,91.5458960380835,94.4036376355369,94.4036376355369,93.7432578209277,101.238738738739,101.104614412137,101.155083655084,92.5348942165863,86.6228070175439,88.4323640960809,93.2227891156463,89.6686159844055,90.9556629669412,94.2116306954436,97.1502590673575,96.1538461538462,96.3509252344204,94.1336971350614,86.6220735785953
"Howell","MO","West Plains","29","091",716,57.3157355952033,57.7164467331831,61.1224489795918,62.4031007751938,60.5278911564626,61.7627748773928,60.1003764115433,62.929061784897,62.6884892257818,61.1224489795918,61.1224489795918,57.5909661229611,56.33626097867,58.0860695316272,57.9463716090539,61.0975383940988,58.1944444444444,58.1944444444444,56.7245817245817,59.0371621621622,55.6691449814126,53.1380208333333,55.3643343954682,52.25,53.3567708333333,59.6720898530109,60.3070175438597,59.03246996997,54.876239157373,55.6691449814126,54.0743573623917,54.0653813914501,52.6376146788991,53.6160240290584,57.6763392857143,54.9,53.6160240290584,58.0275473165673,55.9857142857143,64.2823811463091,64.484126984127,64.2823811463091,57.6607142857143,57.6607142857143,53.9051189697847,55.8686962429183,53.9051189697847,53.6837560935305,53.1179480483647,54.0833333333333,54.0833333333333,52.1800595238095,52.3809523809524,52.6376146788991,52.6376146788991,52.2615901743,56.829035339064,55.2136583784471,53.5982814178303,56.829035339064,60.6428571428571,63.1944444444444,63.3926767676768,63.5909090909091,61.7026179941003,63.28125,62.6140763274336,63.782634032634,59.2562075779706,57.5221238938053,54.7233163608416,57.0436507936508,55.9000861326443,57.282887343728,56.4718684631475,54.656283566058,55.6691449814126,55.8603896103896,51.1538461538462,51.4018691588785,53.934233876617,54.2701863354037,53.5982814178303,51.5495867768595,51.475727967869,51.5495867768595,49.9,53.490990990991,54.9696656584082,55.6917153478492,62.375,62.9857456140351,66.328125
"Des Moines","IA","Burlington","19","057",717,77.5117924528302,66.2414221624748,62.6447876447876,69.4444444444444,73.8636363636364,73.8636363636364,73.8636363636364,74.6922348484848,71.9951923076923,70.7682291666667,70.1937806372549,69.6831597222222,66.3965750773994,70.1937806372549,67.8155637254902,64.3167101518027,71.7811158798283,71.7811158798283,71.8838668656294,72.9978354978355,70.2527271295239,69.8517599375119,68.172268907563,63.2716049382716,69.8369511069192,73.8636363636364,77.2634053621449,78.8521241830065,74.4992441421013,72.6553476553477,78.287980209546,72.6611226611227,76.6417910447761,75.2012894710123,78.0881502775732,70.0836820083682,77.3395844824416,75.8503401360544,75.8539299624863,75.8575197889182,69.4276704240472,69.9024463355869,73.7755557051271,75.8575197889182,75.2652084925899,80.6910569105691,78.4199499965413,79.8300298380222,72.9991744573834,72.0930232558139,81.1500227519339,70.1357466063348,70.1357466063348,71.6521223874165,73.1684981684982,73.3029990842491,75.2008032128514,73.4375,74.2766203703704,75.2008032128514,74.9077260458839,74.8987854251012,73.4375,79.6376811594203,82.0255474452555,78.6636636636637,78.5555555555556,73.2084690553746,75.5091920657958,83.7692823608317,88.8594164456233,87.2876588021779,84.2163149350649,84.7272727272727,91.5520826469275,92.2508946664942,80.1239294278863,77.0811921891059,82.5053440213761,83.6122047244095,80.510752688172,83.2439198855508,79.265873015873,84.375,84.375,89.515455304929,87.0489374477861,85.2272727272727,83.056133056133,80.6898212898213,82.6388888888889,78.8815789473684,77.297619047619
"Jackson","NC","Cullowhee","37","099",718,170.185185185185,170,174.078947368421,171.578947368421,180.108827876679,178.90625,173.826086956522,174.45652173913,171.56862745098,166.25,167.60768921095,168.675654714324,167.391304347826,168.463232346013,169.102390617952,168.246847482889,166.354166666667,165.284391534392,163.203015734266,158.978835978836,157.305456171735,156.918604651163,155.1328125,153.893543956044,153.063197767145,152.840909090909,149.958356468629,145.927601809955,144.029066539773,140.511319542125,144.545454545455,138.781718036095,138.086456598186,140.766795767196,138.57924449821,138.154043311279,143.518518518519,137.416666666667,139.968317000552,142.159217594,143.014301430143,147.058823529412,147.551923613047,143.962264150943,143.606393606394,146.960784313725,142.339591083227,136.282467532468,138.117283950617,134.268074748502,135.886854741897,137.268283865774,142.156862745098,137.905844155844,136.841740544126,145.161985710766,144.675925925926,143.229166666667,141.375545851528,136.309523809524,133.259259259259,136.05424136346,137.270089285714,144.63768115942,143.78299975979,144.890510948905,144.75630198608,145.07299270073,146.209411501705,146.551724137931,147.053571428571,144.981751824818,145.833333333333,145.833333333333,148.723245109321,146.068213599021,149,147.429254683141,146.589046932354,148.439732142857,150.757575757576,151.002227171492,153.487723214286,152.92735042735,153.404017857143,152.083333333333,150.292585225408,150.056285178236,152.713800904977,154.977362087454,159.048227403386,163.730596405229,166.057585825028
"Ravalli","MT",,"30","081",719,161.732456140351,165.594362745098,162.412503465209,159.628378378378,157.625434169109,157.625434169109,155,155,152.378871128871,160.246533127889,151.134215500945,153.782051282051,147.303685897436,137.051039697543,141.465445462115,136.194653299916,136.278195488722,140.896274777854,141.331646294882,143.318965517241,142.112537481259,143.326149425287,143.326149425287,141.082519964508,140.883458646617,142.516869095816,141.663010310923,140.860281359507,135.989010989011,135.989010989011,140.996306176893,141.357142857143,134.637362637363,133.285714285714,136.459228224695,140.883458646617,136.63967611336,136.63967611336,141.357142857143,149.210989967793,152.984560612566,152.782846715328,154.132111646157,153.186274509804,153.417422969188,153.648571428571,156.614462444067,157.03781512605,153.910149750416,152.779146825397,157.848215675318,153.648571428571,151.133501259446,149.808052434457,149.386845039019,148.18763326226,149.386845039019,149.105011933174,149.456532183816,153.044871794872,148.18763326226,145.643939393939,142.666003599507,147.494247829593,147.208121827411,153.88802657113,148.8,144.886956975773,148.8,148.325505191042,148.325505191042,148.325505191042,147.780373831776,148.870636550308,150.252525252525,157.433093994778,167.265571526352,179.276315789474,175.101214574899,178.474353602048,179.083094555874,177.601809954751,177.865612648221,179.276315789474,179.276315789474,184.49192919492,183.375634517766,171.232876712329,168.388429752066,163.299663299663,172.332015810277,174.129353233831,175.905289979902
"Okmulgee","OK","Tulsa","40","111",720,,,,,,,,,,,,,,,,,,,,,,,,,,,,,,,,,,,,,,,,,,,,,,,,,,,,,,,,,,,,,,39.53125,37.1982937994174,40,38.2663367804589,36.7933723196881,39.9166666666667,40.0608519269777,40.0608519269777,39.4793724788859,35.8533441866775,35.4107274838982,35.9924026590693,37.4489465153971,42.0873381908379,43.6834842243921,43.4985729817885,41.8814432989691,42.4385664770707,43.2692307692308,42.0296430732002,41.025641025641,42.2374429223744,42.6165662887734,41.6315419740077,38.0228136882129,37.1004566210046,38.9716264119202,42.1474358974359,40.2813299232737,38.1030701754386,37.1608917539619,37.8107968773015
"Knox","ME",,"23","013",721,152.081563296517,149.164089738693,147.962772237434,149.392009264621,148.936170212766,152.081563296517,157.41622717325,155.208333333333,159.465020576132,154.192281420765,152.081563296517,153.644948314925,153.644948314925,157.327586206897,163.349364838727,165.847665847666,168.918918918919,174.449812130972,174.418604651163,175.914994096812,174.262873754153,174.141668267845,174.059650455927,169.093572778828,169.585280904864,173.544540565817,181.205620562056,195.480347183261,190,177.821782178218,178.527324004717,177.037037037037,170.843711083437,159.866666666667,155.15873015873,160.87962962963,172.277227722772,165.441176470588,162.985865724382,177.873913787937,164.057750759878,169.051878354204,178.83086622807,169.096251677102,164.057750759878,164.0625,168.210149703418,171.299084065274,176.193976454097,184.229918938836,184.055748943102,182.250424208145,182.250424208145,179.877528476041,179.121863799283,178.975382568197,179.036458333333,175.675675675676,172.437673130194,175.008890469417,175.675675675676,176.095413595414,180.080482897384,179.121863799283,177.40614334471,176.12597940756,169.270833333333,176.528599605523,173.472222222222,176.787030213707,176.414348440187,169.819081478745,173.654121863799,173.100599729155,173.534532791642,172.666666666667,177.669111654442,174.641577060932,178.85034171854,180.720305915405,178.834420366085,185.267857142857,173.188405797101,174.102709796123,169.693530079455,160.364628194086,171.682098765432,174.013157894737,177.247333671915,190.46753875969,200.1148216375,189.209726443769,188.718235314908
"Essex","NY",,"36","031",722,,,,,,,,,,,,,,,,,,,,,,,,,,,,,,,,,,,,,,,,,,,,,,,,,,,,,,,,,,,,,,,,,,155.876068376068,151.261352169526,154.121572871573,153.340635268346,142.622437803161,142.387732749179,150.470219435737,136.911281489595,141.190895372233,128.571428571429,135.9375,132.494563529046,128.865681975537,129.895561357702,129.789272030651,130.519636015326,127.284595300261,126.651982378855,121.261681587686,118.431135437882,118.431135437882,121.261681587686,121.47619047619,129.273391466871,136.904761904762,138.183193617976,139.353400222965,145.539906103286
"Mower","MN","Austin","27","099",723,,,,,,,,,,,,,,,,,,,,,,,,,,,,,,,,,,,,,,,,,,,,,,,,,,,,,,,,,,,,,,,,,,,,,,,,,,,,,73.4848484848485,78.3315358825874,78.3315358825874,87.8021978021978,89.8541114058355,84.9226916376307,83.914912770845,77.3624091381101,74.3055555555556,72.4175824175824,78.2647584973166,79.0178571428571,79.0234204108859,81.8641315327355,81.9487179487179,83.180682764363,83.180682764363
"Crawford","KS","Pittsburg","20","037",724,50.3128815628816,48.8638000576203,48.8638000576203,49.9363734979973,50.2232142857143,50.3873424369748,50.2232142857143,54.9107142857143,55.7861133280128,54.4986263736264,54.0280252556554,52.4542829643888,52.4542829643888,52.5891801465178,52.3432129107658,52.7240773286468,52.9352273545044,52.7245979060295,53.8363413547237,52.7240773286468,54.4642857142857,50.9475218658892,49.1489340018752,48.3805374001452,48.921568627451,46.673890202259,44.7482720131999,49.6028525046382,48.9627032595783,52.40370533099,52.0833333333333,50.3569417631918,50.3569417631918,50.9856630824373,51.8453427065026,51.7116890139737,52.536231884058,50.2369629917184,50.2369629917184,48.6013986013986,47.4273828638155,48.1052496045322,50,47.6556682622901,50,51.2719671201814,51.5873015873016,52.7833084453294,53.0925230402582,52.8455284552846,53.6102642276423,54.375,52.7210884353741,52.0477815699659,54.0992647058823,52.8926509092213,51.0625501202887,50,48.6111111111111,52.4245887846121,55.5555555555556,56.9343065693431,57.2916666666667,55.9523809523809,54.3201524712787,56.8425422705314,56.6239316239316,55.2579365079365,54.728835978836,54.3154761904762,52.8577651600499,52.0526486566046,52.4031266272863,52.4031266272863,53.6585365853659,54.6781994047619,56.1580084369223,55.3830227743271,55.9954751131222,52.7849088895601,52.2276782357428,50.2064922312713,49.6451465201465,50.0368405540819,47.2015475104404,47.7969348659004,46.448087431694,46.5856481481482,47.7969348659004,48.3125299329502,49.5972222222222,50.5443234836703,50.8578431372549
"Defiance","OH","Defiance","39","039",725,,,,,,,,,,,,,,,,,,,,,,,,,,,,,,,,,,,,,,,,,,,,,,,,,,,,,70.2975724917588,69.9486836807251,75.3394819466248,69.9486836807251,70.2626641651032,73.2910834822315,60.2157360406091,59.8666666666667,61.0230769230769,66.3386631716907,57.2,57.3820512820513,58.0193394176445,57.3665393435473,57.6550387596899,64.1543305346885,60.7527814837397,60.5551497443389,60.9048723897912,57.6362421859246,61.0169491525424,61.0169491525424,62.1368565383223,64.4736842105263,64.010989010989,62.3958333333333,60,62.1379993112948,62.4387855044074,66.5678280207561,65.5060018533379,66.9895678092399,64.0090811965812,70.995145631068,66.8807339449541,62.9761138029941,62.2759856630824,62.6344086021505,66.6938110749186,71.5909090909091,67.7974269320423
"Cass","IN","Logansport","18","017",726,,,,,,,,,,,,,,,,,,,,,,,,,,,,,,,,,,,,,,,,,,,,,,,,,,,,,,,,,,,,,,,,,40.3508771929825,40.3508771929825,40.4435133324782,42.3951048951049,44.1953844657586,45.7093821510298,50.5471682369954,45.6151035322777,42.135914541052,42.7756653992395,41.2076647851016,38.4607618791224,37.4791318864775,38.0393864100251,37.2580844617572,37.2580844617572,42.3850574712644,41.5443722943723,47.2370766488414,44.4313186813187,42.4294871794872,42.4294871794872,43.1910569105691,42.6549145299145,43.7749003984064,45.7469186837414,53.4650725245089,47.4408014043716,50.6666666666667
"Lawrence","MO",,"29","109",727,61.8146392598332,62.1621621621622,60.9629165964482,60.2391223217422,57.3008959681434,57.5609756097561,57.5609756097561,58.5709064327485,56.1704516363537,57.3936529372046,55.8052248677249,55.6320980274955,55.6940027894003,54.4759825327511,52.8891701363753,48.9583333333333,52.2461538461538,53.5182150040974,57.3324905183312,56.2698636373491,55.6485355648536,56.2698636373491,58.5679945054945,59.3306361543833,58.4821428571429,56.3839285714286,51.7876344086022,49.5646766169154,47.9083333333333,48.0247869868319,49.5646766169154,52.7748591227774,52.6905829596413,49.9479166666667,53.4188034188034,47.9166666666667,49.3617978952707,47.7437584345479,48.1171548117155,48.1171548117155,52.5520833333333,53.3464716317103,52.6556558935361,52.1863117870722,53.3653846153846,51.2987012987013,50.2877697841727,51.6170763260026,50.5952380952381,51.7981214963346,51.4683622099221,51.6170763260026,50.5557548219585,47.7486559139785,49.99875,48.4316746557103,48.0310336300692,51.2005649717514,53.125,50.5131964809384,48.7179487179487,47.5117924528302,51.130810536015,51.0223048327138,48.3173076923077,48.2456140350877,49.3716337522442,48.2456140350877,47.8211009174312,53.2563025210084,52.9411764705882,52.7225378787879,51.440329218107,53.8348416289593,56.5610859728507,57.9825834542816,55.4444444444444,57.1416787563723,56.8456838314958,53.202500933184,50.6230322271081,50.6229986479755,52.3066442702501,48.3372003093581,51.8672199170124,54.5951859956236,51.8672199170124,53.9032125127094,53.4522885958107,54.4092110719469,55.1588423831071,56.0096153846154,56.5843621399177
"Chippewa","MI","Sault Ste. Marie","26","033",728,,,,,,,,,,,,,,,,,,,,,,,,,,,,,,,,,,,,,,,,,,,,,,,,,,,,,,,,,,,,,,,,,,,,103.472222222222,102.777777777778,102.777777777778,96.1538461538462,98.75,98.75,98.75,98.75,95.3389830508475,98.75,91.5,94.4,99.6670190274841,107.100563909774,111.848958333333,109.022556390977,109.022556390977,100.933441558442,100.933441558442,104.290956439394,108.846153846154,114.916666666667,107.052017594186,102.435897435897,107.052017594186,112.28591954023
"Benton","MN","St. Cloud","27","009",729,,,,,,,,,,,,,,,,,,,,,,,,,,,,,,,,,,,,,94.4594594594595,96.4785335262904,95.3753853615279,93.8882044148309,90.7792207792208,94.3794964028777,90.4411764705882,89.6694214876033,88.9629528187296,89.6694214876033,86.0738255033557,87.1651548266058,86.6244411326379,89.7448015122873,89.7448015122873,94.7637437528396,94.3661971830986,89.8341359015516,89.8341359015516,88.6986964602866,89.8692810457516,92.6380928853755,92.6380928853755,91.7032785336357,94.8511824179307,89.5739910313901,87.0280979335743,85.5133079847909,84.0659340659341,82.9735429447853,87.4841872549609,86.7305411676229,90.4285714285714,87.1930092767275,91.7769015879518,100.595238095238,95.6081081081081,96.8878229697434,99.9399984999625,98.3923884514436,98.3923884514436,99.2714025500911,106.196795996065,103.630705394191,102.651699894202,99.9285714285714,103.576402420852,103.522099447514,103.576402420852,105.589599513058,105.940452018832,105.043978085325,107.069198886578,105.006180469716,108.065366367949,98.1547619047619,102.179836512262
"Knox","IN","Vincennes","18","083",730,,,,,,,,,,,,,,,,,,,,,,,,,,,,,,,,,,,,,,,,,,,,,,,,,,,,,,,,,,,,,,,,,38.8888888888889,37.6046901172529,37.5076150651326,40.1321630347054,37.7904402967217,40.9404478871079,43.3378938167446,48.697270471464,53.2142857142857,57.6554232804233,53.2631257631258,54.922533428631,54.4406288156288,51.434128253599,50.945179584121,47.0941353857233,48.8148148148148,51.4432989690722,47.164461247637,49.7519841269841,48.8148148148148,49.3589743589744,50.786583492627,56.5758547008547,49.2216117216117,54.261993741075,54.261993741075,56.4206558336993,48.8114279026739
"Douglas","WA","Wenatchee","53","017",731,,,,,,,,,,,,,,,,,,,,,,,,,,,,,,,,,,,,,,,,,,,,,,,,,,,148.331448272847,143.45573856799,154.34227433344,145.650048875855,154.090909090909,146.293820777942,145.420974889217,148.741319444444,151.449912126538,147.482638888889,155.28413028413,146.291089735409,158.653846153846,174.081662557096,186.260444874275,176.704545454545,186.293859649123,177.383367139959,179.6875,171.550775613276,169.553571428571,184.212451651015,186.122721393941,159.971644612476,164.311490564786,181.807780320366,184.714335034458,187.703302017132,194.380733944954,194.380733944954,187.785714285714,187.785714285714,187.620889748549,206.493506493506,175.326257306118,187.95260173702,195.243753325421,186.470066518847,178.538386050745,187.620889748549,176.514032496307,184.283118434097,177.678571428571
"Montgomery","IN","Crawfordsville","18","107",732,64.9350649350649,62.8643995952635,62.4091578366156,57.7046385148714,55.2423059255857,60.6060606060606,62.0890410958904,62.0890410958904,57.7046385148714,65.5247813411079,66.8260609683204,66.895173341303,66.8864986350316,67.0680014430014,69.2592567126208,69.90562403698,70.6994759626339,71.0526315789474,68.1818181818182,70.2347083926031,68.9484126984127,65.9552845528455,65.6012686500491,59.9759615384615,60.131195335277,60.5025895375572,61.3670447089699,56.836902800659,59.9759615384615,60.131195335277,60.5025895375572,63.9856557377049,63.3803139273471,61.4241803278689,59.0737407612713,61.1952464472027,59.0183083887657,59.0261060078133,58.4487250554324,60.5459761527657,59.4246031746032,63.5538261997406,63.1644950209307,61.1661585365854,59.5536100302637,63.8528138528139,67.5675675675676,63.7551106301106,63.3680555555556,63.3680555555556,67.5675675675676,67.9260450160772,70.0207080839529,70.6957547169811,69.5415695415695,71.92,75.0563486100676,71.9951923076923,69.4235625485626,69.3055555555556,66.6935483870968,64.6766169154229,66.25,70.5724508050089,74.3801652892562,73.4185303514377,74.3801652892562,71.0072500209538,68.1547619047619,65.3387469421038,63.8528138528139,60.2893890675241,55.2884615384615,58.5123922098954,62.8116096866097,66.2921348314607,68.1547619047619,68.1547619047619,69.0779077117573,68.75,69.5284891071061,67.2435897435897,68.2905982905983,68.2527672691607,66.5268840569551,62.6069542373343,68.1761786600496,65.0247657499039,68.4590246354952,70.8603281681361,80.7158507574809,76.4964012189743,77.5326797385621
"Amador","CA",,"06","005",733,,,,,,,,,,,,,,,,,,,,,,,,,,,,,,,,,,,,,,,,,,,,,,,,,,,,,,,,,,,,,,,,,,,,,,,,,,151.813184193997,157.971711259755,163.369766009852,166.666666666667,162.361871515395,162.216522678186,164.751242140439,170.483122770238,170.400943396226,164.935858277337,176.153846153846,176.939482318629,174.189814814815,181.960375391032,188.351479620324,188.888888888889,204.619883040936,207.134502923977,201.922510417735,200.790722192936
"Putnam","IN","Indianapolis","18","133",734,,,,,,,,,,,,,,,,,,,,,,,,,,,,,,,,,,,,,,,,,,,,,,,,,,,,,,,,,,,,,,,,,,,,,,,,,,,89.7905002434275,86.0991379310345,82.9444444444445,81.4034890685834,78.9207968901846,77.6666666666667,76.9891975308642,76.8849206349206,77.5049603174603,76.6369047619048,73.9917270329872,73.9917270329872,70.3125,70.3947368421053,75.5483367983368,73.5789473684211,76.438969017094,74.5731348037264,73.5789473684211
"Isanti","MN","Minneapolis-St Paul","27","059",735,,,,,,,,,,,,,,,,,,,,,,,,,,,,,,,,,,,,,,,,,,,,,,,,,,,,122.865170907278,119.06096706377,134.151949699936,133.895297249335,134.560143626571,132.65625,131.846733668342,132.793640248947,137.595552466991,134.841364775575,135.17316017316,140.180360721443,143.160127253446,146.710508834861,145.934447464537,147.371794871795,146.510719718004,146.103896103896,143.476491221652,138.311920403941,142.031950061123,145.819672131148,148.580705009276,153.416149068323,152.308305565368,151.708860759494,149.083804573074,151.612006137323,151.493030190532,154.177521802571,155.055055055055,155.166910682925,149.300511025624,143.872113676732,151.353807012117,152.516241014193,152.730935730936,162.148521989906,161.557244723525,170.037807183365,170.037807183365,169.98488998624
"Oconto","WI","Green Bay","55","083",736,,,,,,,,,,,,,,,,,,,,,,133.689839572193,128.503383190883,117.843656808555,119.266055045872,116.456309391092,114.168618266979,114.882345914955,116.452991452991,122.262862194844,122.99794661191,115.438034188034,105.826271186441,105.933543756486,114.423076923077,101.605504587156,105.960839266778,93.417788758108,100.712719298246,101.425438596491,101.425438596491,109.50326878517,103.766233766234,109.550438596491,102.369643829225,100.529661016949,93.507773055828,97.7063509763108,99.2722412318221,103.728716960688,96.2272347535505,98.1813186813187,108.609794628752,108.609794628752,108.609794628752,98.595111784767,98.1931514569592,100.694305694306,98.595111784767,110.238461538462,109.69387755102,104.22619047619,104.166666666667,107.398647314376,107.444168734491,109.196820175439,110.149572649573,109.027777777778,109.027777777778,107.617630385488,100.385834726867,99.5210224558051,97.1938775510204,97.1283783783784,101.260416666667,105.394345238095,115.636304909561,116.666666666667,116.40019379845,124.104512839879,133.913080601093,136.105113636364,135.9375,135.9375,135.869565217391,122.687680327875,117.640526214748,125.789473684211,132.562696522881,132.562696522881,120.851690032154,117.074513729977,129.420731707317
"Warren","VA","Washington","51","187",737,,,,,,,,,,,,,,,,,,,,,,,,,,,,,,,,,,,,128.840436075322,113.193657984145,113.193657984145,126.76102220134,138.623931623932,138.358974358974,138.584117829983,135.074183504893,143.098958333333,140.93137254902,135.623409669211,134.428879310345,146.139705882353,144.149184149184,143.266475644699,146.936274509804,144.170022951874,146.797153024911,143.117915799214,143.129770992366,140.689979206654,144.366197183099,141.281809613572,140.953404806786,144.782608695652,141.281809613572,142.045454545455,143.007662835249,139.163961038961,146.547894283512,145.857630019597,145.460735018237,147.001332230798,152.102160017633,155.027215774879,150.575908491381,147.916666666667,148.72468847352,149.532710280374,142.525331439394,149.315476190476,147.97149122807,147.414215686275,157.954545454545,158.823529411765,164.308336366946,164.604998659877,156.306622869318,152.571926765475,150.27628514354,142.426856265332,147.916666666667,149.038461538462,166.504120879121,164.423076923077,156.468531468531,155.578015734266,155.578015734266
"Pontotoc","OK","Ada","40","123",738,,,,,,,,,,,,,,,,,,,,,,,,,,,65.7832465688594,65.7937869721061,59.5168166324015,68.3060109289618,68.3060109289618,64.9064906490649,66.5983606557377,63.5488277807157,62.8121325309539,64.0273224043716,58.0782144973336,56.3540090771558,58.2329317269076,56.2006033586369,64.3935456435457,59.6153846153846,57.9789028287371,55.045871559633,52.0722635494155,50.5239479150303,55.045871559633,50.0705218617772,57.2183098591549,62.2171945701357,63.0155041919748,63.8138138138138,59.125308673954,52.874432677761,56.7263710069083,56.4568337181403,57.5331192146067,54.974854428081,58.5585585585586,56.5076798706548,59.7826086956522,60.0349825087456,60.2873563218391,61.3346418056919,64.6382673249991,65.2046783625731,61.3721966470545,59.7826086956522,65.1241634378302,69.4444444444444,71.1635426162261,69.4444444444444,70.6401209677419,65.9722222222222,62.1487533692722,56.25,61.8867924528302,61.8867924528302,64.327485380117,64.4567219152855,68.8412131346914,72.465034965035,68.8412131346914,72.9634831460674,65.2173913043478,66.5983606557377,64.6031746031746,66.3461538461538,68.243356444077,68.1590966303449,68.1590966303449,61.8273400336466,64.0039447731755
"Calloway","KY","Murray","21","035",739,,,,,,,,,,67.0634920634921,67.0634920634921,66.991341991342,69.6899224806202,70.2068033455732,70.5369255260244,73.9644970414201,73.9729892614508,76.8025078369906,76.9230769230769,79.7777777777778,83.0848623853211,85.7142857142857,84.4155844155844,81.2221157476335,80.550918196995,80.550918196995,80.550918196995,80.550918196995,85.221396250808,85.2258518286965,81.4551422319475,80.2178899082569,78.7199124726477,71.1722488038278,74.0385053542948,77.3509174311927,73.7850140056022,76.4777327935223,77.346801243663,78.5753784538507,78.5753784538507,77.914798206278,76.66015625,81.25,80.9027777777778,73.3400402414487,74.4755244755245,73.9077823584866,73.3400402414487,74.6009389671361,76.6355583578274,86.5504358655044,86.3455097099405,88.4588135455323,86.5504358655044,79.262757026976,85.8364329995231,77.9443644393241,79.8611111111111,93.0112372232378,87.1369294605809,82.002174919359,84.7285067873303,80.9018567639257,73.3983108030395,76.1086932227382,79.2711661341853,80.8664408473368,82.1010558441314,80.9018567639257,84.2998093335479,83.9686098654709,84.2998093335479,84.6310088016249,95.9655674704023,96.0407239819005,96.0930232558139,95.7811963678348,91.7878798687402,91.2762822554954,87.9588057168004,89.6278167444925,92.2425249169435,86.6340526916867,89.3044009513476,93.8281060343333,98.6078886310905,89.6261673355269,87.4558303886926,91.5299504006105,90.9805969359702,91.414496833216,93.4189341445868
"Bennington","VT","Bennington","50","003",740,,,,,,,,,,,,,,,,166.345238095238,164.833333333333,161.916666666667,161.916666666667,159.97619047619,161.817073170732,162.793263646922,164.634146341463,160.952380952381,164.89157648199,158.81708652793,158.81708652793,161.194257549679,153.395348837209,146.933774834437,147.015707068682,149,149,143.928767681361,145.775611569131,138.033661740558,140.688775510204,135.19313304721,140.30612244898,140.30612244898,139.285714285714,140.90527361387,140.30612244898,144.007208387942,148.258064516129,144.891944990177,151.178402395441,151.178402395441,150.546218487395,155.697445972495,160.837209302326,146.856581532416,146.856581532416,145.760314995563,157.747489239598,155.553575893974,156.278366111952,142.225736013854,142.346208869814,142.91223486969,140.795120849334,153.061224489796,139.484978540773,139.484978540773,148.717948717949,146.739130434783,144.830635652267,142.105263157895,135.87347232207,142.105263157895,135.19313304721,135.531349132301,154.320987654321,132.890365448505,132.432307187772,134.101432724253,132.890365448505,132.890365448505,131.946865656905,132.404923917639,131.919482386772,130.646583859201,130.646583859201,128.040057224607,131.200575125809,130.646583859201,128.84837962963,126.226538370159,125.772825305536,127.604166666667,134.59998544078,139.123617288174,160.207939508507
"Delta","MI","Escanaba","26","041",741,,,,,,,,,,,,,,,,,,,,,,,,,,79.8922800718133,77.7222222222222,75.765306122449,79.9183622581289,82.2173435784852,81.2757201646091,78.234756224282,71.156289707751,75.251256281407,70.8579881656805,74.1157819265199,71.0110584518168,67.1372691053966,73.8712776176753,75.8980797215168,75.4442843419789,74.6987661461346,72.3768138081891,76.3529411764706,75,78.5714285714286,72.5378787878788,74.6934225195095,80.4513888888889,84.6153846153846,85.726532361766,80.5989583333333,78.5984848484848,75.6628787878788,74.9329758713137,76.222435282838,75.6881313131313,75.6944444444444,78.3549783549784,80.9728867623604,83.9686098654709,77.9220779220779,77.1324863883847,77.1324863883847,77.7096038290068,76.4537288428721,77.1324863883847,81.8622613519092,85.7142857142857,85.7142857142857,85.7142857142857,85.7142857142857,86.0091743119266,86.6925943696693,86.8901887338726,87.7712031558185,85.8617300131062,82.7462705761317,81.3572511525728,78.591088344107,91.3269230769231,98.5897435897436,96.4307418969182,94.3742469160386,98.5897435897436,98.4354967948718,98.28125,108.333333333333,102.963917525773,107.412790697674,106.492248062016,97.4653672680412,96.2078067841703
"Clatsop","OR","Astoria","41","007",742,196.598639455782,203.961584633854,195.141065830721,195.869852643252,197.963800904977,198.433545517294,199.898073636234,203.457446808511,206.474995466086,203.961584633854,202.609780672978,194.188367781883,193.925025209843,188.163407821229,196.751968503937,196.751968503937,203.457446808511,208.646953405018,207.964601769911,205.959002447677,209.687261632342,212.979094076655,212.510189240162,211.614173228346,208.066239316239,193.993506493506,194.893221912721,181.812169312169,191.964285714286,189.822352039839,200.845110771581,204.710482219326,191.926578323637,193.837039348354,204.268292682927,205.924939075177,207.031676306886,210.172744721689,210.197353669256,210.882958420588,202.235772357724,204.37811461794,206.936416184971,198.817442719882,204.253519589654,199.165894346617,196.751968503937,200.803571428571,196.539946677246,197.122295758611,187.785388127854,192.722214786915,197.983014861996,202.651515151515,198.50536008796,193.993506493506,192.540584415584,192.809327184327,192.809327184327,178.479931682323,170.380078636959,166.757935609688,181.348146349361,184.259259259259,184.259259259259,199.186991869919,195.26671675432,205.941901408451,207.403489484305,195.3125,194.612386184706,206.456456456456,213.959627329193,214.509899559217,227.077719361059,212.31621372406,230.206524884259,228.963193602839,246.089461227442,249.826026443981,257.768052516411,254.335260115607,252.572497661366,242.49797242498,252.572497661366,259.884058294463,254.335260115607,257.990737216089,258.706242739089,248.554913294798,248.809523809524,244.034707158351,241.379310344828
"Scotts Bluff","NE","Scottsbluff","31","157",743,,,,,,,,,,,,,,,,,,,,,,,,,,,,,,,,,,,,,,,,,,,,,,,,,,,,,,,,,,,,,,,,,,,,,,,,114.188532555879,114.709302325581,108.661417322835,119.825708061002,119.825708061002,123.584274803787,117.961165048544,117.424242424242,117.654051912027,117.961165048544,119.825708061002,120.098039215686,108.796296296296,103.202846975089,114.37908496732,119.499362244898,114.37908496732,117.410278224155,121.410736579276,117.521367521368,116.042793852427,120.209059233449
"Gloucester","VA","Virginia Beach","51","073",744,,,147.338247338247,151.169123669124,152.5,158.658008658009,147.171821568928,147.171821568928,146.583581349206,141.55749636099,140.40404040404,140.073815073815,140.073815073815,140.40404040404,140.073815073815,143.707482993197,139.399571927453,139.273648648649,137.439854627355,137.439854627355,139.3929218853,138.684443371943,138.095238095238,138.095238095238,136.931506849315,136.900684931507,139.9,139.9,136.931506849315,135.531135531136,134.126984126984,135.531135531136,136.487804878049,129.381816632584,135.409090909091,136.085106382979,136.169073872755,133.607744994731,133.653846153846,138.777777777778,136.508306616147,138.777777777778,138.392857142857,138.802083333333,138.802083333333,139.671232876712,144.867549668874,139.236658105023,148.045023696682,157.289776164549,139.671232876712,153.621621621622,159.042553191489,154.986522911051,154.304072266336,156.126287001287,150.070193171608,141.509433962264,141.094986807388,135.151466032707,131.469298245614,131.884422193911,126.498538011696,122.741679873217,140.653281650278,151.286089238845,137.248004502661,151.286089238845,147.733918128655,150,155,147.190008920607,144.489247311828,158.873015873016,162.337662337662,155.47263681592,148.628048780488,151.552287581699,150.793650793651,152.310924369748,144.186046511628,137.185308273548,138.110472747232,129.201540348964,137.844611528822,152.916073968706,134.615384615385,156.926406926407,171.124031007752,165.719696969697,164.182692307692,141.777286135693,140.144230769231
"Jasper","IA","Newton","19","099",745,84.1982091982092,83.3738055752981,83.2291666666667,84.0353978129714,85.8577457795432,78.0865504636234,82.7814569536424,82.6719576719577,82.9436023221366,84.1116971287835,79.0037317355198,75.3205128205128,75.1602564102564,75,70.364238410596,70.5118634852442,69.0024655256443,67.3400673400673,67.3400673400673,70.4931972789116,72.6363636363636,71.7348484848485,65.7236606075102,67.3986486486486,61.8556701030928,61.8556701030928,62.2760025908134,61.2965546625675,60.6620869579598,61.7657471394585,64.1347697492118,74.0178571428571,72.8125,72.65625,73.8754288369603,67.7397220613781,69.4444444444444,74.6242957247632,83.4251995068861,82.91015625,86.7198838896952,79.580078125,84.0664309193498,77.3265706806283,79.4999276081741,78.710282407763,77.2151898734177,75.8262547107735,76.2008733624454,74.1058406258287,78.1494675287904,81.7474174305252,80.111274150159,82.5953299708313,82.91015625,85.693237370994,79.6435272045028,78.1389136242208,75.1477807191138,78.0346820809249,78.9473684210526,75.9932375316991,78.0346820809249,79.7008392635673,80.5860805860806,76.1162500588429,77.8769841269841,77.0547945205479,77.0171149144254,75.1712328767123,77.4279713766266,78.1839037698413,79.5833333333333,78.5560344827586,78.5560344827586,78.5,82.3937554206418,82.7262039611437,84.5572555709564,81.8304865257479,81.8304865257479,82.3937554206418,82.6556776556777,82.6556776556777,87.2800044782803,82.8529657477026,86.0025938973307,87.7742946708464,86.5632832080201,86.7768595041322,89.2857142857143,89.9064485761356,86.5580448065173
"McLeod","MN","Hutchinson","27","085",746,,,,,,,,,,,,,,,,,,,,,,,,,,,,,,,,,,,,,,,,,,,,,,,,,,,,107.638888888889,105.929588897298,110.456150130063,117.291277112939,100.822585978836,100.443743863525,104.607329842932,100.506524725275,98.406747891284,99.8112819345462,99.8112819345462,108.515529635155,103.095238095238,111.851175140649,110.639706827826,108.811881188119,113.940092165899,111.98275862069,109.053497942387,99.4907407407407,103.581577266922,110.198371448371,111.486486486486,115.435606060606,118.962585034014,127.689030883919,123.634812286689,116.831683168317,122.171688459352,120.44227987324,122.585844229676,118.712871287129,118.712871287129,113.736263736264,130.149960536701,120.78729281768,120.78729281768,122.113953248438,120.483529243995,119.953138972129,128.613861386139,133.783980267883
"Steele","MN","Owatonna","27","147",747,67.0731707317073,68.4729853479853,68.6268761726079,68.6411149825784,67.3004065040651,64.5325203252033,64.0688259109312,62.726244437034,64.5325203252033,67.6724137931034,66.3113260442949,64.6551724137931,70.7827260458839,62.9504504504505,67.9674796747967,61.0134436401241,68.6607142857143,75.6628787878788,75.6920415224914,77.1523178807947,78.9481510163023,80.3556308213379,78.9485340929305,75.8638743455497,78.8228155339806,83.056325023084,85.4071797483087,84.7727655856382,76.406335335882,81.2375975824729,85.1400730816078,83.7072914427647,82.2745098039216,83.5015136226034,81.240428743258,73.5294117647059,75.8638743455497,78.5696576612416,81.3989239046887,81.3989239046887,82.4502187636461,83.6708658176913,88.6178861788618,85.0746268656716,84.9223946784922,85.0746268656716,79.8570227081581,85.0746268656716,77.6574099428015,74.9331398023728,84.404951144655,76.8783852009,70.2143385070214,79.8570227081581,91.036866359447,95.1002990466039,95.1002990466039,96.9659090909091,97.0833333333333,104.527603683614,100.777292882556,99.3792665667666,100.777292882556,100.777292882556,101.74717368962,102.262475733699,95.1923076923077,93.0151338766007,88.0605029653357,78.9982425307557,81.6728087649402,79.5523127547396,92.215088282504,88.4427384902305,88.4427384902305,96.4772727272727,103.761263712064,107.463338085292,107.52688172043,105.368729157605,96.1719069007758,94.9,93.7423312883436,99.2282152921032,92.2878323108384,99.1791044776119,103.602410422347,104.473672351301,104.522613065327,97.2824718887662,99.8667554963358,105.427658139469,112.621546163474
"Summit","UT","Summit Park","49","043",748,,,,,,,,,,,,,,,,,,,,,,,,,,,,,,,,,,,,,,,,,,,,,,,,,,,,,,,,,,,,,,,,,,,,,,,,,,,,506.376594148537,456.87134502924,430.963910870725,422.39702546522,411.129568106312,435.446906035141,443.287362792007,465.346534653465,456.87134502924,451.127819548872,442.046559616707,432.965299684543,474.420485175202,531.157270029674,529.340102904745,527.522935779817,531.157270029674,559.76430976431
"Cowley","KS","Arkansas City-Winfield","20","035",749,50.364837398374,52.6630542684029,53.6249251048532,51.3361462728551,51.1363636363636,50.2155172413793,48.6111111111111,47.7666666666667,50.2155172413793,49.2097701149425,48.9104406130268,48.1888888888889,49.1190979563073,49.1190979563073,48.5133020344288,48.6331839174137,47.399384469697,48.2074652777778,45.8754208754209,45.4545454545455,44.6472401530671,45.4545454545455,45.6642066420664,45.1882102272727,43.0680673038752,44.921875,45.2473958333333,44.7410300925926,44.7410300925926,50.3751339764202,50.5011870598947,45.8767361111111,46.9868173258004,48.4256926952141,48.5209989280109,51.9016830870279,47.2154598185748,44.6515256588072,49.7116561884148,51.9791666666667,49.8948696953594,43.5897435897436,39.6169620567211,39.6169620567211,38.9243020664372,38.6146496815287,43.6363636363636,43.6363636363636,43.9030994354188,43.6363636363636,42.6356589147287,42.4129820605959,39.5127748068925,38.240631017627,38.6627906976744,45.3146701574563,45.3146701574563,45.9016393442623,45.1977401129944,46.2406759767882,47.8081059900507,53.2544378698225,48.398417900569,49.812030075188,48.6691083541822,47.6190476190476,47.6190476190476,48.4312606959498,54.0254237288136,57.1266666666667,55.92,56.7355889724311,53.3536585365854,53.0075200950197,54.6368292682927,58.3333333333333,53.8585200845666,53.6322360953462,54.7761180476731,47.6539589442815,47.6539589442815,46.6666666666667,45.7317073170732,50.6604703330197,50.6457358431043,47.1653543307087,49.718045112782,48.7798858657435,42.741935483871,49.718045112782,46.7221519813852,47.1553991336634,53.6461277557942
"Douglas","MN","Alexandria","27","041",750,117.131696428571,118.031241452073,118.977591036415,120.15037593985,122.432855082932,127.484080841639,130.55425456924,131.021299836155,123.706896551724,123.502994011976,119.948369666654,122.161591643212,119.741039543594,123.502994011976,123.502994011976,127.093596059113,130.087209302326,141.583333333333,136.324818976867,136.324818976867,143.009188198175,140.277777777778,137.578616352201,135.097719869707,137.578616352201,137.38686915171,140.179299103504,140.228538440641,137.38686915171,139.116548285929,134.114551287686,134.055646898085,137.578616352201,136.779379157428,137.578616352201,132.627422828428,115.522388059701,123.733416252073,135.982829061273,132.627422828428,132.627422828428,140.775646722898,145.740598618573,151.14247311828,145.681321452589,142.560997171146,140.179299103504,130.060941043084,140.744466800805,145.786061588331,145.795246800731,147.612642905178,147.612642905178,155.528255528256,153.788265306122,145.588235294118,146.536904126861,154.642857142857,155.491657441912,151.880276285495,149.680481839488,147.97627704584,150.78318219291,162.080262080262,167.786561264822,163.887406558166,157.13939674783,158.78648561402,158.00395256917,157.460611677479,158.00395256917,150.78318219291,159.027205276175,172.057811424639,168.632268632269,172.076251479895,172.057811424639,168.632268632269,168.632268632269,168.608897474029,165.106675843083,165.845004588208,167.29013174725,168.632268632269,171.908271908272,171.908271908272,154.43864229765,156.287593984962,149.159587556059,161.255411255411,149.103591275645,161.401098901099,161.403562363032
"Oneida","WI",,"55","085",751,154.444444444444,154.444444444444,153.938034188034,144.389438943894,152.76166692426,154.444444444444,151.631733774591,147.193398755899,146.915676575824,144.444444444444,152.788104089219,152.788104089219,151.367781155015,142.767857142857,142.767857142857,141.257638722019,142.767857142857,143.333333333333,149.829399703736,148.065476190476,160.20981981982,164.5,168.243243243243,154.947916666667,154.947916666667,141.371994342291,152.34375,152.560763888889,153.78082412975,162.520325203252,163.414250651941,165.973717848792,160.89922839562,157.492691315563,152.34375,142.767857142857,142.767857142857,122.33782129743,128.038194444444,122.33782129743,142.767857142857,149.133545310016,154.296875,153.061224489796,149.088541666667,149.088541666667,133.382789317507,137.67783440027,132.697074718045,142.755102040816,142.767857142857,148.75,151.824324324324,158.3122971511,152.802359882006,150.931278098908,148.75,149.840639049454,142.767857142857,137.825170981925,135.337939610481,134.874759152216,138.342696629213,142.595068467802,144.150641025641,144.473279696494,144.150641025641,147.830374753452,148.727522856276,145.180427477337,141.025641025641,140.264713636732,137.426900584795,137.5,139.636570130608,140.264713636732,142.767857142857,142.767857142857,146.18320610687,142.767857142857,142.767857142857,142.767857142857,142.767857142857,142.767857142857,136.81891025641,141.830357142857,142.767857142857,150.299099396844,158.137432188065,166.527777777778,170.449645390071,165,159.375
"Wapello","IA","Ottumwa","19","179",752,77.5807473084231,78.9699074074074,80.4398148148148,77.7210637391574,76.2502691645134,71.9233537243613,76.2731481481482,70.1352415966387,68.8419117647059,71.7616042419596,68.8419117647059,68.9300411522634,68.9617738228849,68.9935064935065,70.9210526315789,70.9210526315789,69.1177983539095,69.0856481481482,67.9916317991632,69.4328703703704,66.4893049269917,67.6020408163265,68.8010204081633,66.238068068612,68.2819383259912,68.2819383259912,69.7490562134768,71.7312348668281,69.006309148265,69.006309148265,71.2857142857143,70.6658291457286,70.4826732673267,64.9739583333333,64.8480902777778,61.0795454545455,68.7380497131931,62.21985691228,64.7727272727273,74.6812386156648,71.7024539877301,69.8766881972989,71.3703526769251,72.1704021632339,70.1793460004966,73.3547078527228,71.8002081165453,70.2413479052823,68.1818181818182,65.9722222222222,69.375,73.7044817927171,74.4047619047619,77.0337995337995,75.7128810226155,76.2538764087437,64.2882508116883,64.3173274094327,65.3195488721804,64.5112781954887,69.5255316618555,69.6271929824561,68.5672514619883,69.0972222222222,66.8934240362812,73.406862745098,74.0740740740741,74.9198717948718,74.8394004282655,74.9198717948718,76.8229166666667,74.26597582038,73.6975857687421,73.8378544848316,70.0644841269841,71.5811965811966,67.0640834575261,67.0656106333567,66.7735042735043,63.301803582834,67.3788476304184,69.119414232759,63.3737346613286,63.3012820512821,58.4928229665072,59.5238095238095,62.6344086021505,62.5,67.1487603305785,67.1487603305785,72.4849797128589,72.4849797128589,68.5096153846154
"Barry","MO",,"29","009",753,,,,,,,,,,,,,,,,,,,,,,,,,,,,,,,,,,,,,,,,,,,,72.6455026455026,67.6691729323308,58.8828502415459,53.3463541666667,52.0833333333333,53.4390679537522,53.4390679537522,56.9221967963387,55.5726613562092,60.7591486807819,60.7677902621723,65.3242677824268,65.7163742690059,63.0373874409091,69.3452380952381,71.0227272727273,70.7995951417004,70.7995951417004,74.7282608695652,75.6493506493507,75.9668508287293,76.3337765957447,72.7219626168224,66.524086200993,65.8244680851064,69.8653198653199,69.8653198653199,69.8653198653199,75.7142857142857,71.0476190476191,74.1288363171356,74.7282608695652,77.2405660377358,76.2142679812739,78.125,79.4258130081301,85.924339537368,81.1133879781421,79.7472972972973,76.4388489208633,68.0681818181818,67.9563492063492,67.9563492063492,70.3012589928058,78.4336609336609,77.2727272727273,84.7255543281899,84.775967413442,84.7101449275362,88.8744096943776
"Laclede","MO","Lebanon","29","105",754,68.3229813664596,71.3186813186813,71.9775224775225,72.6158224715394,72.5952813067151,70.9438045543078,71.5821045483247,68.8775510204082,66.5759015594542,66.2768031189084,61.2598930162265,61.3839285714286,62.8480509148767,59.9,61.3839285714286,58.0469367588933,60.3070175438597,66.1797752808989,60.0642230576441,59.9830542264753,56.125,61.0681064652791,57.0228091236495,55.3571428571429,55.3571428571429,57.0228091236495,57.2289156626506,57.9150579150579,61.0168769570823,68.8311688311688,71.4719952162647,68.8311688311688,64.8051948051948,60.2138741134752,63.8519095685949,55.7195861204013,63.4921956988889,63.5838150289017,62.2665900466391,61.0291187307316,60.1495295698925,59.0057319223986,61.2875814538694,62.7973182482755,61.2875814538694,68.3894230769231,63.3408071748879,63.1626516494594,66.5,63.0749308157416,63.25308634117,63.5293061630318,64.6378540640394,67.3978365384615,66.40625,73.2860520094563,78.3096926713948,69.0524193548387,68.8387096774194,70.3947368421053,68.625,72.6439790575916,69.3252551020408,66.9436954288649,65.8929934846788,60.9979633401222,61.5530303030303,62.7468581687612,70.3030303030303,70.0070077084793,69.344163194899,70.3030303030303,68.6813186813187,68.6813186813187,80.5405405405405,79.5138888888889,80.8159722222222,75.4185094185094,76.2424242424242,69.8407315340909,68.0681818181818,71.9267704951299,76.0626398210291,73.1222290014236,69.2724645786726,69.2724645786726,76.4030612244898,71.9951923076923,70.4778037383178,66.9642857142857,72.4959443278869,71.6836734693877,68.2943007662835
"Montgomery","KS","Coffeyville","20","125",755,44.1039925719591,44.6749471056517,44.1039925719591,43.7757915847121,42.5996204933586,42.9747812660834,43.2072487890701,41.3764510779436,41.2459016393443,41.2751247327156,39.7222222222222,40.2965588619283,38.4078212290503,38.2515296621442,36.9342223958188,37.1773548783185,37.8732928276955,38.1231087752827,39.4864806454711,38.7008400093814,39.1348088531187,38.265306122449,39.2441860465116,37.5628140703518,38.265306122449,35.6696428571429,37.9405234315949,38.5616625241899,40.1562161659686,39.4600985877964,38.3226712619801,37.8964129623707,37.2404911135915,34.510582010582,35.9077601485613,35.0925925925926,31.174861421064,33.2985386221294,35.0877192982456,33.8785046728972,35.2904394213006,35.1480564723139,37.708066581306,37.7780839235644,39.1812865497076,39.0207195208675,37.2993510928962,38.3828045035824,37.4707259953162,36.7843270782889,36.6508048154953,38.2055886154672,38.6212624584718,40.7006125755973,40.625,37.2392969625794,34.5238095238095,34.5238095238095,33.0503124464989,29.771543763447,30.3861788617886,32.1698906644239,32.5632880817411,35.7142857142857,39.92,40.2331906844464,43.9189189189189,43.9189189189189,42.8571428571429,42.9449648711944,39.1106031720174,40.1753474121895,39.3670614076974,42.086387965805,40.5073649754501,40.8128930140408,42.0314253647587,39.8648648648649,39.9146704430896,39.2354124748491,39.1865079365079,38.2824369747899,34.4368666353102,35.8283888635326,35.1236798221234,33.5270702623575,33.5409518287591,33.3379641736402,34.5330739299611,35.3571428571429,33.6134453781513,37.9032258064516,37.0231502845716
"Sagadahoc","ME","Portland","23","023",756,,,,,,,,,,,,,,,,,,,,,,,,,,,,136.62109375,129.977051061388,126.41369047619,132.890070921986,137.345858935655,138.670520231214,145.769230769231,152.193813131313,156.25,142.708333333333,145.51282051282,139.61038961039,138.843656343656,135.3125,146.834935897436,142.893414357206,140.799753289474,134.230769230769,134.771634615385,135.3125,130.780764891199,124.318411469753,125.487444048251,125.557765479073,126,146.875,146.875,143.403952810679,141.047297297297,146.875,146.875,146.875,146.875,146.875,143.324603174603,141.369047619048,141.369047619048,146.178766638064,144.14866255144,154.639175257732,153.670634920635,157.311438561439,154.929577464789,161.472868217054,149.949698189135,151.904761904762,151.176470588235,165.880504762414,171.74707049707,175.966533466533,173.653846153846,182.055444555445,185.947802197802,185.947802197802,185.947802197802,178.482142857143,184.917332667333,185.910378683816,159.099231196005,147.849462365591,171.399594320487,161.258865248227,176.230769230769,161.608068047959,178.948717948718,187.214193408056
"Seneca","NY","Seneca Falls","36","099",757,,,,,,,,,,,,,,,,,,,,,,,,,,,,,,,,,,,,,,,,,,,,,,,,,,,,,,,,,,,,,,,,,,,,,,,,,,,,,,,,,,90.0322931756936,98.7103174603175,91.5140415140415,86.0742705570292,88.1211580565029,88.1211580565029,101.662573537574,93.7965260545906,94.1468253968254,97.9310344827586,94.2356561302682,89.6870123380204
"Madison","NE","Norfolk","31","119",758,,,,,,,,,,,,,,,,,,,,,,,,,,,,,,,,,,,,,,,,,,,,,,,,,,,,,,,,93.7580742695363,106.622222222222,97.0856922285126,97.0856922285126,84.6501128668172,93.0583501006036,89.0910498021805,97.3684210526316,96.0090211323764,100.925925925926,113.866012036744,103.405315614618,110.99481929197,99.9066448426373,98.8901797725327,106.029369212963,103.49663928879,103.49663928879,106.980807941357,95.1967592592593,104.409079825658,107.79376498801,106.900452488688,106.900452488688,103.051553963509,99.8335183129856,100.087108013937,113.567073170732,99.7023809523809,113.567073170732,118.92797319933,127.978817299206,127.390703080712,115.957446808511,110.35930031864,115.791223404255,119.96962832588,111.517857142857
"De Soto","FL","Arcadia","12","027",759,,,,,,,,,,,,,,,,,,,,,,,,,,,,,,,,,,,,,,,,,,,,,,,,,,,,,,,,,,,,,,,,,,,,,,,,,,82.2368421052632,82.8125,90.8441558441558,94.1446613088404,94.1446613088404,90.7792207792208,86.8208497513838,92.3694779116466,95.1190476190476,91.0338517840805,95.474697716077,98.3807468907829,102.911695702092,101.457307060755,101.724137931034,101.033295063146,96.3834672789897,96.3260619977038,93.8775510204082,96.1538461538462
"Christian","IL","Taylorville","17","021",760,,,,,,,,,,,,,,,,,,,,,,,,,,,,,,,,,,,,,,,,,,,,,,,,,,,,,,,,,,,,,,,,,,,,,,,,,,,,,,,,70.3748285349395,70.3748285349395,71.360153256705,70.4405668330996,70.3257423327846,71.360153256705,70.5348133198789,69.8799381238394,70.21484375,65.0333219412167,66.1803713527851,65.5792108394732,63.0681818181818,65.6108597285068
"Harvey","KS","Wichita","20","079",761,,,,90.4195011337869,90.8828274899703,81.6346153846154,83.25,73.9383561643836,84.9889198103484,84.2786925376211,78.3220996732026,77.243018419489,77.2017561233247,75.4786088747425,76.7517311088391,75.4786088747425,74.545141317316,75.5983479989847,73.5584843492586,72.5391999748617,78.1235432761556,78.4285714285714,65.6798245614035,63.5853362500231,64.6227700338439,69.9,77.2857142857143,76.2857142857143,79.8095238095238,82.2916666666667,79.7753267973856,76.2857142857143,69.3844729344729,75.6164383561644,65.0375939849624,65.0375939849624,70.653431372549,70.5575980392157,80.3437967115097,80.2235779423182,80.3437967115097,70.9325396825397,68.5725207514198,68.1628420599009,68.0803571428571,66.3990825688073,68.0147058823529,65.9663865546218,66.7824074074074,66.7824074074074,64.4796380090498,64.6701388888889,64.8462802067763,64.453125,61.7698136032982,65.3273809523809,65.2050127902401,63.8521634615385,61.0724398301085,64.6701388888889,66.0938137771518,69.3287037037037,71.9638242894057,70.3441295546559,69.8942869995502,61.87725249099,61.2033980435507,66.146540027137,62.962962962963,65.973580365498,71.6145833333333,64.8796695402299,64.7534884855582,69.1244239631336,72.5213274790855,72.0874659540573,72.198275862069,71.8990223205405,72.5213274790855,70.6342293551345,74.1590505204367,72.8660652324775,72.9014598540146,69.8947267374888,68.3394160583942,66.1397670549085,73.9644970414201,78.3699059561129,65.8665105386417,74.8611111111111,68.1920377275718,75.1416796091374,77.2212883270576
"Geary","KS","Junction City","20","061",762,96.5978221742261,96.5978221742261,96.1123110151188,98.859126984127,95.2651515151515,95.4046403560442,95.0749839594422,95.8762886597938,91.8576388888889,90.7575757575758,89.9038461538462,83.3333333333333,84.336529439362,87.3036858974359,92.2270121014891,83.3333333333333,89.8389095415118,95.1045482295482,93.1174089068826,93.960396039604,93.960396039604,87.6994784231133,89.9328659695817,88.5416666666667,86.0555555555556,85.3692320904953,94.6875659500748,91.9771241830065,93.7653874661152,88.5454889681063,88.9825392722782,91.1109845732239,85.8428805237316,82.3314474304573,87.0673595017498,81.3295615275813,74.7835789960765,83.3333333333333,83.2638888888889,87.1196754563895,87.1196754563895,82.9092789598109,82.1187162320883,83.1944444444444,85.3384317380261,83.1944444444444,81.0620345504067,87.6218323586745,90.1388888888889,92.328431372549,92.2509225092251,92.156862745098,90.6600500282418,86.9558018609743,89.4616638072334,87.3905588139459,89.460231963018,86.2919132149901,83.3333333333333,83.3333333333333,81.25,81.25,80.4166666666667,81.25,81.3008130081301,81.275406504065,82.5825825825826,82.8885135135135,89.009900990099,81.3008130081301,80.5233775696967,81.3008130081301,83.3333333333333,83.3333333333333,79.8922800718133,80.6327160493827,83.5282651072125,92.0745920745921,89.7752808988764,83.9160839160839,82.4522408095828,83.0931238615665,82.5500602466944,82.9918032786885,80.5833136234626,76.926196269262,79.5847750865052,76.3888888888889,83.1944444444444,83.1944444444444,82.8093450277638,80.4166666666667,78.6024742256797
"Silver Bow","MT","Butte","30","093",763,,,,,,,,,,,,,,,,,,,,,,,,,,,,,,,,,,,,,,,78.7592008412198,82.7218934911243,85.3778195488722,87.2048503611971,87.6733511586453,86.652711323764,85.529854760624,82.0233497962193,78.5123966942149,78.3255574340258,74.5024875621891,79.9757918354564,83.136876723168,83.136876723168,91.4270872293563,97.6531942633638,95.7985979537704,89.8609781220984,87.5400519920198,85.0694444444444,87.5400519920198,86.1040288648202,83.1050228310502,84.9749163487214,86.258776328987,81.6993464052288,90.2640264026403,96.0918115750597,91.6988416988417,97.3739328318186,97.4801061007958,103.790613718412,105.848385899641,94.6987417593067,90.8177692916574,90.8177692916574,94.2796564191374,101.851851851852,102.131438721137,101.851851851852,101.991645286494,101.368167342843,101.373055337928,94.2489757096869,90.5771239554317,90.625,90.2564102564103,90.4407051282051,93.9484177618987,92.9978118161926,93.4620295523479,96.2660443407235,97.6627114661654,97.4196742957747,97.9575163398693
"Steuben","IN","Angola","18","151",764,111.003880718954,109.204861111111,117.916666666667,114.377289377289,119.14446002805,128.385416666667,127.450980392157,117.916666666667,118.672098607981,119.773468721964,117.197835237523,114.105504587156,113.198585626911,115.321252059308,121.006944444444,121.004566210046,117.1875,117.197835237523,117.1875,115.321252059308,115.321252059308,117.572108553566,118.995700926295,117.1875,114.961636828645,114.242294520548,106.275303643725,98.3502538071066,97.0651524790009,101.938775510204,103.958333333333,102.098701858594,103.094462540717,103.094462540717,98.6784115820241,97.65625,94.7129422421142,97.65625,96.9387755102041,102.896995708155,117.693236714976,117.693236714976,126.40977443609,113.671875,116.033755274262,111.654589371981,114.914586070959,114.914586070959,98.696049261154,104.626436781609,118.797953964194,122.645260549872,122.645260549872,122.93956043956,122.93956043956,124.271844660194,123.605702549877,114.583333333333,124.861111111111,109.838169642857,103.125,103.125,103.556485355649,119.015420360994,129.62962962963,124.497029543995,127.710622710623,135.496183206107,126.273702845876,127.173097139485,126.134504011477,127.445520581114,121.684864457831,127.568493150685,124.895833333333,124.895833333333,115.650297842754,126.284246575342,112.734864300626,115.330627042484,112.307200292398,111.022408963585,109.27226647357,110,109.27226647357,120.507268170426,127.403846153846,144.047619047619,144.047619047619,150.173611111111,131.848184818482,134.882842025699,133.796296296296
"Macon","NC",,"37","113",765,188.251057254392,188.038793103448,184.95,183.90243902439,183.261494252874,184.792224287484,184.95,183.189655172414,180.909090909091,182.978639596651,180.377358490566,179.303511781168,173.076923076923,166.666666666667,181.730769230769,188.311189298031,185.069444444444,153.063725490196,152.777777777778,151.041666666667,174.329425701959,170.133729569094,171.814549969732,161.111111111111,153.186274509804,150.188679245283,153.063725490196,153.275436684528,154.411764705882,159.855769230769,159.855769230769,154.807692307692,154.609728506787,154.770932639992,158.649939532292,157.239819004525,169.21768707483,173.531539351852,170.942421788701,169.21768707483,170.942421788701,169.413919413919,169.315803244375,161.069651741294,167.420435510888,156.200941915228,158.536585365854,167.420435510888,151.933056073209,170.833333333333,173.103061868687,169.982993197279,167.420435510888,169.561809098639,165.04865967366,156.985871271586,157.047619047619,158.630952380952,158.630952380952,157.792102206736,154.674608538921,145,141.927083333333,152.973039215686,153.997378768021,158.509364111498,157.684210526316,156.376518218623,149.027777777778,144.084084084084,140.311680734062,144.437875375375,140.166167913549,140.399002493766,141.657788825758,144.770325988919,149.424696765499,164.657738095238,172.077922077922,172.276681651682,175.000729515213,172.276681651682,172.276681651682,174.033149171271,172.275641025641,171.418425324675,169.909090909091,175.469483568075,182.291666666667,168.625,173.49537037037,174.846623202942,183.403516548463
"Dare","NC","Kill Devil Hills","37","055",766,188.952473958333,203.684749232344,189.299242424242,195.156816123188,195.652173913043,193.305618383801,191.949778434269,196.666666666667,202.849389416554,200.973103635479,194.319457436857,190.217391304348,195,179.923295454545,179.347826086957,179.347826086957,189.406670113754,181.84375,191.228693181818,188.44696969697,192.948190789474,187.150837988827,199.167544511166,204.293845466257,204.803921568627,206.046141607001,205.555555555556,202.696859048599,198.806682577566,199.85152190052,200.868621064061,203.235601738658,203.748981255094,198.806682577566,199.399656946827,197.483233979136,198.181818181818,197.389825079052,192.965517241379,192.853726362625,197.170733979136,210.488962791594,199.259259259259,200.537749287749,204.732510288066,199.259259259259,198.776758409786,196.629213483146,196.629213483146,188.7,183.496199782845,178.217821782178,186.703296703297,188.873626373626,187.311178247734,187.311178247734,185.203591809332,179,197.420273114555,196.44527595884,217.976200613079,214.0625,205.005050505051,200.545246145177,193.412294083221,194.058641975309,197.635135135135,198.39527027027,202.020202020202,201.244813278008,197.783309625415,198.198198198198,200.025747927787,201.874247581567,205.351307189542,205.147058823529,205.555555555556,208.602282656182,212.204980245373,217.252952317291,218.360071301248,219.378402793037,220.22022022022,220.22022022022,223.684210526316,228.236185383244,222.054892571197,218.501984126984,209.656732544006,209.864930432616,210.21021021021,208.333333333333,216.765873015873
"Marion","IA",,"19","125",767,,,,,,,,,,,,,,,,,,,,,,,,,,,,,,,,,,,,,,,,,,,,,,,,,,,,,,,,,,,,,,,,,,,,,,,,,,,,92.1195652173913,83.6945679392386,79.9679487179487,93.8028381642512,107.057416267943,103.931933940423,92.1195652173913,90.9739173510999,99.0009082652134,94.4145888750109,94.0254537321142,100.299540890598,106.920684292379,107.228284729922,102.832512315271,111.812664190597,116.452991452991,120.433964183964
"Clinton","IN","Frankfort","18","023",768,,,,,,,,,,,,,,,,,,,,,,,,,,,,,,,,,,,,,,,,,,,,,,,,,,,,,,,,,,,,,,,,,60.2678571428571,63.6974034664183,64.1733161933181,65.4761904761905,62.4434358549073,61.8471431602838,65.3935185185185,61.0969387755102,58.0850973028337,53.7943349753695,54.5934057691483,57.4278846153846,57.4278846153846,62.473185296846,63.1300730519481,60.5131860299359,57.4747474747475,57.3979591836735,57.4363533292105,53.2311792138574,49.7876857749469,49.8938428874735,50,51.5348910000507,55.1142865052414,51.7933561349592,51.4052717193748,51.4052717193748,52.3344523130691
"Accomack","VA",,"51","001",769,159.356808731809,158.173076923077,168.07546865216,172.166562304321,160.579608938547,147.515527950311,156.51221039449,158.464438530578,163.134192224376,160.579608938547,160.498137802607,156.337702419467,149.615384615385,154.444444444444,150.290850583248,151.320549242424,153.133680555556,147.64498635559,146.604938271605,143.393863494051,135.299806576402,135.299806576402,135.714285714286,135.306153288201,135.714285714286,137.100694444444,135.299806576402,135.306153288201,139.462809917355,140.30612244898,140.695340636255,140.30612244898,128.941786283892,130.701754385965,134.199134199134,140.30612244898,138.839285714286,134.199134199134,129.453441295547,125,136.488970588235,138.611111111111,138.888888888889,136.71875,133.071789321789,130.385016544382,128.205128205128,124.269005847953,128.205128205128,125.867626280466,123.444976076555,126.315789473684,110.895337301587,116.228070175439,116.62913575886,121.590909090909,125,125.348812849162,126.068376068376,127.181818181818,127.693473193473,131.163598041039,130.701754385965,125.697625698324,125.697625698324,127.458728486126,138.791178112786,138.471157631475,132.734375,136.71875,133.166666666667,135.745489078822,134.567901234568,135.745489078822,137.692307692308,137.970577809287,137.349406108597,134.807692307692,134.374943264343,128.968253968254,132.936507936508,134.149759440813,134.567901234568,134.615384615385,128.968253968254,125.975177304965,128.968253968254,138.036809815951,138.036809815951,134.615384615385,134.591642924976,133.653846153846,133.653846153846
"Huron","MI",,"26","063",770,,,,,,,,,,,,,,,,,,,,,,,,,,,,,,,,,,,,,,,,,,,,,,,,,,,,,,,,,,,,,,,,,,,,,,,,,,,,,91.8939393939394,91.5833333333333,89.6787439613527,87.5827113949373,83.9117851706893,82.5,82.6960317460317,82.5,79.1139240506329,77.8278882575758,76.1953125,88.4953965433694,88.1477285930057,87.719298245614,87.804961622807,88.6721374412132,90.9216528540994
"Transylvania","NC","Brevard","37","175",771,161.25,162.139324693042,160.125,154.589371980676,158.184210526316,159,168.13880126183,169.411764705882,168.160309721824,156.25,154.567413263065,153.804045613894,154.531168150864,157.925,155.625,153.746822967996,152.777777777778,151.6,151.022222222222,147.744244193852,139.230269230769,137.092803030303,139.230269230769,137.980769230769,136.5625,133.333333333333,137.5,144.494949494949,144.494949494949,140.909090909091,139.443944444444,132.707774798928,135.248447204969,134.615384615385,132.402995234854,134.436155783763,134.256926952141,134.823871780394,133.928571428571,133.305988515176,138.321167883212,142.63576263528,145.616370808678,147.321428571429,145.71190674438,145.033900394477,139.418093174431,141.711229946524,141.042938916924,141.711229946524,135.08260447036,131.555555555556,136.666666666667,135.450335715913,137.675135084728,135.450335715913,134.269722814499,134.330357142857,133.155080213904,134.253731343284,135.757142857143,135.145504200615,136.22364368633,135.249635568513,136.733001658375,137.071857972045,132.939753004005,134.375,131.459034792368,135.658914728682,137.156862745098,136.77811550152,134.848513773641,138.861138861139,145.421245421245,138.846801346801,143.429487179487,146.744930629669,145.782520325203,139.472267097469,137.82991202346,138.698524675715,139.462809917355,138.833333333333,138.784250257036,139.083904109589,139.083904109589,139.057258177244,141.886409736308,154.276895943563,154.6875,157.954545454545,154.98046875
"Coos","NH","Berlin","33","007",772,108.966843758917,107.843137254902,107.843137254902,101.996450754215,105.915178571429,105.042016806723,100.294314267585,98.7639060568603,96.5277777777778,95.4352441613588,94.7826086956522,96.5277777777778,99.0597551528815,93.5720097640358,95.7607433217189,99.4472084024323,96.8366688185926,98.0941704035874,100.584124815682,98.9319168905738,97.8991596638655,97.926267281106,99.2124517848593,95.5147058823529,99.2124517848593,99.2124517848593,99.4472084024323,100.936768149883,96.6278113778114,95.4722233368109,95.4722233368109,96.0664335664336,92.4721189591078,95.8627648839556,103.453748812697,99.5687541418158,94.0808823529412,98.2142857142857,94.3313953488372,99.0342950534028,94.3313953488372,102.702702702703,105.490933788223,105.310044359949,104.541666666667,98.7924231868398,92.5873129009266,94.1138630492283,92.2413793103448,91.9137511561814,91.8992511912866,89.3939393939394,88.7859485990529,89.3422242314647,96.5773809523809,95.9367945823928,89.3736017897092,88.2117246783727,85.152783884248,85.6598984771574,83.2610581092801,82.2542735042735,81.2576561861984,80.9904686673688,81.7094962559564,84.6925837320574,89.4808743169399,89.8986037175403,94.9367088607595,94.9367088607595,95.7423403666106,88.3678228324275,84.4163022760399,83.0695970695971,83.0695970695971,91.3337846987136,88.9383343928799,97.1242539338036,96.8508174430923,92.1273031825796,90.8430232558139,97.4945533769063,97.4945533769063,96.671439802336,88.3928571428571,87.7861721611722,81.2274368231047,83.2777777777778,88.3921167969675,90.9919028340081,93.2905484247375,90.3614457831325,88.9356372045221
"Monroe","IL","St. Louis","17","133",773,122.783058428851,113.725490196078,111.240721102863,110.419026047565,110.419026047565,110.419026047565,121.267052275456,121.267052275456,121.267052275456,122.287968441815,121.267052275456,119.444086807073,124.944046208986,122.344578903637,118.701007838746,118.701007838746,121.76414189837,121.71330119756,117.387820512821,113.301650456823,109.432048681542,104.692908101999,117.244897959184,117.378037655988,106.857142857143,109.366071428571,114.016736401674,111.875,108.869263285024,115.079365079365,111.947916666667,111.40518707483,116.784037558685,119.791666666667,119.791666666667,123.214285714286,129.411764705882,131.326871657754,130.240083507307,122.058823529412,112.337662337662,120.535714285714,120.535714285714,125.3138424821,128.141025641026,127.14118895966,131.010416666667,132.218289189443,129.083222073876,128.846653087307,129.716981132075,134.166666666667,125,130.983405224059,126.208691126724,127.498328877005,128.324523217247,128.860007788162,124.317708333333,127.266257788162,123.158482142857,120.02002002002,120.843343343343,120.729166666667,127.924046693916,130.912990196078,126.451077943615,132.511064724716,127.957875457875,127.532777115614,129.3509379616,130.633572828217,133.293269230769,129.096638655462,129.096638655462,127.856365614799,127.414252414252,126.178451178451,126.221498371335,126.050420168067,138.970588235294,139.508928571429,142.449841605069,142.653492231106,141.798329750234,144.885772452508,142.007104795737,144.697622638799,142.007104795737,136.788048552754,143.033751962323,136.274509803922,136.274509803922
"Taos","NM","Taos","35","055",774,240.579710144928,238.088968809539,231.592997993079,233.229571984436,235.598227474151,233.229571984436,234.687307638561,230.917874396135,214.280682376043,212.854269293924,211.494252873563,198.783333333333,196.255681818182,190.531177829099,192.575317326808,188.919896849993,187.517447212473,188.423076923077,188.981042654028,186.796699174794,184.890656063618,189.035975872469,186.571271326362,186.61181750187,188.752410104848,181.642512077295,182.778229082047,182.5,182.778229082047,182.300375133976,177.745702839934,182.736902927581,182.973805855162,186.51456770968,183.523076923077,183.2,183.086902927581,183.846153846154,189.830508474576,184.663320662073,183.333333333333,185.423676012461,185.514018691589,184.285714285714,188.718497511905,187.809406602814,181.538461538462,180.30303030303,174.537542662116,175.116279069767,181.081081081081,175.116279069767,180.540540540541,187.81746031746,187.81746031746,183.659420289855,183.295625942685,187.741347905282,188.473776607417,189.090909090909,189.090909090909,183.403278688525,191.637630662021,198.605299380592,204.58041958042,201.176386452526,199.5,203.83830455259,202.949438202247,195.998619587329,196.163905841325,184.991112866594,180.127162668835,180.127162668835,189.261152267091,189.442338927991,196.698609545284,196.698609545284,196.666666666667,205.020045819015,202.865761689291,200.47619047619,200,198.295454545455,200,196.067415730337,193.529411764706,196.765498652291,199.337944664032,205.566097406705,208,210.140093395597,210.892970234326
"Wabash","IN","Wabash","18","169",775,,,,,,,,,,,,,,,,,,,,,,,,,,,,,,,,,,,,,,,,,,,,,,,,,,,,,,,,,,,,,,,,,,,,65.8854389492599,64.7915752322434,63.3572159672467,63.3572159672467,57.6282051282051,53.8235294117647,60.5017006802721,60.4166666666667,58.2627118644068,59.3984962406015,59.8739793030964,59.3229726100967,63.5416666666667,64.5398700481177,64.0090904912608,67.8277311262569,64.6224447225699,65.6028890279516,64.007005304428,61.6319444444444,63.5608856088561,62.5964150266503,63.9152666179693,59.4090639182254,62.0152458936094,52.8846153846154
"Washington","ME",,"23","029",776,148.5,149.423913043478,141.666666666667,140.755208333333,141.666666666667,134.464285714286,128.90625,137.13405238829,140.955284552846,132.936507936508,125.246645619574,130.042735042735,125.246645619574,123.266666666667,125.246645619574,119.907407407407,121.651908697363,119.907407407407,119.907407407407,118.403648008911,120.714285714286,122.758620689655,125,132.8125,135.131379140055,139.583333333333,145.47589869281,161.684782608696,143.888888888889,143.626570915619,143.501805054152,150.16339869281,142.4,140.042613636364,134.582227632972,134.476534296029,136.469036378784,139.117132867133,141.101694915254,134.469696969697,136.318181818182,124.840848806366,128.949808184143,136.272727272727,139,140.3125,140.3125,139.386363636364,139.772727272727,140.042613636364,136.363636363636,137.570707070707,142.464285714286,140.3125,146.567873303167,141.752537080406,137.109375,147.058823529412,142.765567765568,144.977678571429,144.977678571429,135.633484162896,144.977678571429,154.694444444444,159.938811188811,159.877622377622,147.6,146.957894736842,145.955128205128,144.5,146.076923076923,144.307469180566,136.009615384615,137.5,142.111111111111,143.973214285714,147.964250248262,144.307469180566,143.795117781155,141.348355564796,141.348355564796,142.111111111111,145.061728395062,144.508670520231,145.061728395062,147.964250248262,139.710858585859,126.023351648352,137.310606060606,132.666666666667,123.563034188034,122.222222222222,130
"Sumter","GA","Americus","13","261",777,,,,,,,,,,,,,,,,,,,,,,,,,,,,,,,,,,,,,,,,,,,,,,,,,,,,,,,,,,,,,,,,,,,,,,,,,,,68.6274509803922,71.2143928035982,74.1427247451344,70.5434782608696,61.3425925925926,62.421185372005,64.2437591776799,60.9263549599043,66.435605079036,68.9863445378151,80.8571428571429,84.2261904761905,77.9661357786358,85.6918238993711,81.8452380952381,81.8452380952381,85.8433734939759,81.8452380952381,82.5477436737407
"Schoharie","NY","Albany","36","095",778,,,,,,,,,,,,,,,,,138.197916666667,136.363636363636,125.744047619048,118.908382066277,114.233880392417,108.434750733138,114.219149752686,118.242694805195,116.548695207232,119.256571741511,118.181818181818,121.219135802469,116.922699214366,117.424242424242,115.094696969697,102.939085337105,101.704545454545,101.704545454545,101.136363636364,102.272727272727,102.272727272727,111.385350318471,107.375754597782,104.166666666667,103.795116772824,92.3295454545455,100.063871196037,99.3446252508507,99.6657820240623,99.8888888888889,98.675200240562,98.9273927392739,93.8557883089133,99.8888888888889,105.117130865601,112.723925159236,110.610096734385,112.407518063056,108.052884615385,106.282673637043,103.401600753296,106.282673637043,104.166666666667,97.129165363119,112.878787878788,112.326388888889,107.202406078514,110.659722222222,110.57518115942,113.541666666667,115.646258503401,112.737920937042,105.55416681546,105.55416681546,109.458375801907,109.458375801907,113.505747126437,113.105332579612,111.640920554855,112.704918032787,108.90609874153,107.2030651341,107.2030651341,110.460434173669,111.607142857143,112.183779761905,113.548951048951,105.691056910569,100.566037735849,99.5572227600301,95.7088122605364,108.544027898867,108.544027898867,109.628378378378,106.892453951277,105.850073129485,107.718240925072
"Mecklenburg","VA",,"51","117",779,,,,,,,,,,,,,,,,,,,,,,,,,,,,,,,,,,,,,,,,,,,,,,,,,,,,,,,,,,,117.1875,120.634920634921,124.464807852966,116.071428571429,115.1519286754,115.895976294448,115.895976294448,107.547810146651,115.895976294448,115.720524017467,110.637254901961,106.104651162791,106.104651162791,108.333333333333,105.405266757866,98.4904152031281,104.705882352941,94.7186902684285,98.8132911392405,98.8132911392405,106.24324729892,101.759586746091,118.90243902439,125.343406593407,122.727272727273,125.343406593407,125,115.28384279476,125.497347480106,125.994694960212,125.994694960212,119.094689434129,117.010770368302,108.44250363901,108.333333333333
"Emmet","MI",,"26","047",780,,,,,,,,,,,,,,,,,,,,,,,,,,,,,,,,,,,,,,,,,,,,,,,,,,,,,,,,,,,,,,,,,,,,,,,,,,,,,,,,,,149.025229357798,149.025229357798,149.025229357798,149.025229357798,151.892201834862,151.393939393939,151.393939393939,159.598723210214,154.759174311927,152.882942860661,174.345930232558,174.345930232558
"McDonough","IL","Macomb","17","109",781,,,,,,,,,,,,,,,,,,,,,,,,,,,,,,,,,,,,,,,,,,,,,,,,,,77.2619047619048,73.9452257586973,75.7203084678629,82.8199052132701,86.3621938470729,83.912037037037,72.4258289703316,64.5833333333333,64.5833333333333,68.6426116838488,64.9305555555555,63.3528265107213,68.6426116838488,73.051948051948,74.3951612903226,73.4162895927602,68.2095006090134,66.468253968254,67.5485310403231,67.3449612403101,68.1226257626338,64.679439484127,68.1226257626338,75.330710955711,79.4078061911171,76.8625768625769,73.1981981981982,73.1981981981982,77.7116402116402,78.3100973919558,78.9085545722714,76.3100436681223,75.0501002004008,74.5620871372374,72.7024567788899,71.7024682174845,71.5307203389831,71.875,72.7024567788899,73.7654320987654,76.8475907200953,75.9782608695652,77.6981467692562,76.8475907200953
"Becker","MN",,"27","005",782,,,,,,,,,,,,,,,,,,,165.2665317139,166.866446356156,165.729837866606,159.00342617153,159.455128205128,154.973012416605,152.083333333333,138.15712024823,147.358722358722,160.460646809331,167.629615251898,180.558033040741,175.882352941176,169.305555555556,172.010869565217,174.144037780401,169.196428571429,165.289256198347,159.441489361702,161.902762224711,166.844066301421,180.441323971916,185.681114551084,182.874350649351,185.271317829457,194.021739130435,190.950920245399,185.271317829457,185.271317829457,158.923841059603,154.783207157605,176.875,176.175213675214,183.089597341775,186.464676865829,187.156912406484,180.512061193171,186.970074812968,183.397683397683,175.183512140034,169.298056859677,174.924681174681,182.088462966431,182.516287406484,177.375844594595,185.672514619883,182.565449979359,187.621595330739,193.788728632479,183.872968440967,178.0625,174.283284023669,168.75,173.816568047337,165.364583333333,174.75,174.75,174.41393442623,198.979591836735,193.387515262515,183.580715186242,194.193769279864,190.977194188289,182.5151431401,169.042769857434,167.320874795084,165.37610619469,172.480980636521,184.649681528662,186.974461976452,190.432546651295,195.002083590567,203.630175836642,204.973311808252,200.54012345679
"Amherst","VA","Lynchburg","51","009",783,,,,,,,,,,,,,,,,,,,,,,,,,,,,,,,,,,,,,,,,,,,,,,,,,,,,,,,,,,,,,,,,,,,,,,,,,,,,,119.146376499318,109.027777777778,107.053571428571,113.888888888889,110.47123015873,103.607382550336,107.053571428571,103.607382550336,104.044117647059,104.06746031746,105.548844537815,107.053571428571,109.144345238095,115.130260521042,116.402116402116,115.391208991409,118.778280542986
"Stone","MO","Branson","29","209",784,98.2638888888889,98.8888888888889,91.9318442153494,92.4768518518518,98.8888888888889,92.1598770176787,92.2453703703704,92.2380698005698,95.0438993747443,99.2857142857143,99.8324175824176,99.8858447488584,95.7773150416463,90,100.517635018107,96.0769230769231,95.1190476190476,101.802507836991,101.149425287356,102.836879432624,100.591216216216,103.581460674157,100,106.6,108.009708737864,96.3547008547009,102.477441229171,100,99.9285714285714,96.7479674796748,99.9642857142857,97.6666666666667,99.7662259615385,97.799511002445,95.4343056272587,93.2222222222222,100.033584571049,96.1153846153846,89.3125,86.6141732283465,87.433142701525,88.7777777777778,89.3125,88.3920327624721,89.1274038461538,84.5542131824438,83.0188679245283,83.3642510709102,83.2500925920807,83.3887043189369,91.9117647058823,90.2210484332815,86.5683760683761,89.3495609144132,95.6284153005465,98.292349726776,99.2055610724926,99.6153846153846,99.2677824267782,99.4415835210814,99.0176741532676,99.0176741532676,99.5494652406417,98.7777777777778,97.8286052009456,100.875621136806,99.9230769230769,99.4423223834989,99.6994652406417,98.4105763517528,97.3142811399296,95.333167989418,95.2380952380952,97.2222222222222,96.7204301075269,99.1556997911071,99.8452380952381,102.458973126524,102.458973126524,102.352528089888,99.8888888888889,101.043981481481,102.275801081981,102.405772241665,99.8,99.8888888888889,101.994535519126,101.994535519126,103.675675675676,102.622950819672,101.530054644809,99.937969924812,98.2513661202186
"Ottawa","OK","Miami","40","115",785,,,,,,,,,,,,,,,,,,,,,,,,,,,,,,,,,,,,,,,,,,,,,,,,,,,,,,,,,46.6658199552936,49.0774907749078,49.8528621649853,47.0971983728723,49.3421052631579,49.3421052631579,51.3972431077694,53.4523809523809,47.6329913070907,47.7906240101362,48.2564679415073,52.3203592814371,51.3937282229965,46.4684014869888,45.72125626645,45.2075418868819,46.9868173258004,48.5778443113772,46.4684014869888,46.7465142529623,45.5729166666667,45.5729166666667,46.2864593557296,48.3508107745913,47.8552825162034,48.0740740740741,45.1662149954833,44.5741758241758,45.2416918429003,45.2416918429003,44.3159922928709,46.7914438502674,51.1265837241014,51.257253384913,47.5,44.8189300411523,43.040293040293
"Daviess","IN","Washington","18","027",786,,,,,,,,,,,,,,,,,,,,,,,,,,,,,,,,,,,,,,,,,,,,,,,,,,,,,,,,,,,,,,,,,,,,,,,,,,,,,,,53.4557673538024,55.2701724364881,55.2701724364881,56.6176470588235,57.4439102564103,57.016994882065,58.0985915492958,59.4047619047619,64.484126984127,62.9024979009236,64.484126984127,65.2357791157441,63.9463241436926,63.4085213032581,63.4085213032581
"Freeborn","MN","Albert Lea","27","047",787,,,,,,,,,,,,,,,,,,,,,,,,,,,,,79.9132038435816,75.4032258064516,72.8531364468865,72.6859333773087,72.2416812609457,70.8334138464531,72.0639971027989,71.0626185958254,71.8076653738418,73.5779186572086,73.5779186572086,72.5593667546174,72.1170039514714,69.9346405228758,71.3686298720754,70.4897424419613,70.8382526564345,69.9358121921754,67.0605742296919,61.4024122807018,60.3881578947368,68.3728036669213,73.243738546121,68.0672268907563,68.7526438720764,68.7526438720764,66.7079207920792,67.3875738414177,66.7079207920792,67.3875738414177,67.25768321513,65.7638888888889,65.5787037037037,64.5787816476031,65.3935185185185,66.4959340817501,76.2731481481482,72.2876200918964,69.7902097902098,62.9370629370629,62.1443770316881,68.6274509803922,66.1029411764706,67.3651960784314,66.1029411764706,73.5551663747811,75.3739925924748,80.0400534045394,79.4234592445328,79.1176181606471,74.5581127907919,78.8117770767613,78.8117770767613,80.2981493753528,79.314904225441,80.189594356261,78.8820790145711,79.0793650793651,77.9559426229508,81.7381678281069,82.2916666666667,83.2433712121212,81.1728395061728,81.2491548343475,80.2272727272727
"Caledonia","VT",,"50","005",788,,,,,,,,,,,,,,,,,,,,,,,,,,,,,,,,,,,,,,,,,,,,,,,,,,,,124.070719269995,124.530327428878,133.02185267765,139.962003319846,142.857142857143,136.554621848739,128.571428571429,136.554621848739,137.335952899678,134.579475308642,138.503086419753,131.041666666667,131.041666666667,129.770833333333,132.320196390658,131.513986013986,133.079847908745,126.108998732573,129.770833333333,127.932960893855,134.531703912881,138.633826792541,121.060606060606,125.418994413408,123.960603299127,133.625642709834,135.341789217647,137.89704271632,133.839285714286,133.839285714286,128.978274811608,134.861595363739,131.409850483729,151.492085480684,152.220812182741,137.89704271632,140.639697828748,133.647798742138,139.420943274429,128.212290502793,130.930044622466,118.177166934189
"Delta","CO",,"08","029",789,,,,,,,,,,,,,,,105.438311688312,97.0695970695971,104.761904761905,104.639355742297,115.129841549296,110.706423206423,106.417112299465,110.39886039886,106.591747032924,111.013986013986,115.499313570956,114.095238095238,114.801444043321,116.592181292886,114.095238095238,112.880432522354,112.880432522354,114.44834106928,120.899718837863,121.534765079309,122.169811320755,122.169811320755,118.015648892616,120.899718837863,120.899718837863,126.872779571582,127.620783956244,130.327868852459,127.163280662152,117.629857813246,112.310687777517,124.82167841667,120.128136679124,123.03664921466,117.290192113246,121.718106806822,118.681153748931,117.085427135678,109.666750848049,114.259287252938,123.329907502569,125,123.000253936008,121.104493446498,125,127.223937981207,119.647887636855,119.647887636855,122.13687150838,124.546875,122.432072117826,125,125,127.26586102719,127.284595300261,130.359041543252,129.87012987013,125.644329896907,126.582278481013,126.582278481013,124.21875,125.358810894494,131.567357298934,132.539154846336,141.83891660727,137.414684773431,133.372160745486,134.310850439883,135.995445322281,130.756703529768,134.259045694348,134.310850439883,141.617063492063,134.310850439883,145.833333333333,154.249907510174,164.657941140374,171.654929577465,162.852112676056
"Clare","MI",,"26","035",790,55.2911931818182,57.5,60.8850343257205,61.9166666666667,61.4583333333333,62.375,63.5454545454545,63.5416666666667,60.0351147653306,60.8850343257205,60.4575892857143,59.6190476190476,60.812225877193,60.4575892857143,60.8850343257205,62.4038461538462,62.4038461538462,63.3900316455696,60.5033768315018,60.6770833333333,58.5526315789474,57.0073409461664,56.2380952380952,56.2380952380952,53.8958333333333,57.5,61.8677712724888,65.0766632016632,66.5688941697941,66.6173205033309,65.625626566416,66.5380116959064,66.5618014464168,66.5204678362573,64.6774193548387,65,66.5204678362573,61.5135135135135,61.9565217391304,61.9565217391304,61.9084934277048,68.8503787878788,67.4299242424242,66.0984848484848,69.3576388888889,67.5277286336418,65.7639440254069,65.429403202329,61.875,65.2147016011645,62.3611111111111,62.3611111111111,67.5,68.25,69.0476190476191,67.6190476190476,69,66.6316462435414,66.2832966764418,65.4444444444444,61.8181818181818,58.4806397306397,65.6645487129358,67.5,64.3555559097284,65.7945381231671,65.6052714646465,71.1139896373057,71.1139896373057,72.8819444444444,79.5990566037736,80.9027777777778,72.9375,63.4615384615385,62.3611111111111,65.0520833333333,72.0486111111111,71.1407712256173,68.6912144702842,68.9343434343434,69.0909090909091,67.2929292929293,71.2011534839925,67.5646798170383,68.7751004016064,66.5555555555556,65.343137254902,66.8828616352201,67.6151761517615,68.7751004016064,71.8939393939394,67.0990566037736,66.4217171717172
"Franklin","ME",,"23","007",791,,,,,,,,,,,,,,,,,,,,,143.70453042328,142.045075959488,153.819444444444,136.363636363636,137.602870813397,142.299107142857,154.722222222222,155.921432697863,155.677083333333,155.625,153.819444444444,149.379346914615,153.819444444444,155.921432697863,173.611111111111,160.098522167488,149.505633255633,152.733443621659,157.127383015598,173.611111111111,187.06399777076,171.965213625866,151.65770609319,155.738494126709,148.627960716349,144.444444444444,136.990460157127,134.616140215716,130.468078261216,123.608630952381,131.432748538012,126.606652707886,144.070512820513,146.551724137931,146.551724137931,145,143.836805555556,146.75,145.597222222222,144.444444444444,142.53355704698,147.161919831224,150.883838383838,166.269841269841,170.250938086304,148.737610166529,156.517783291977,160.215053763441,150.910256410256,142.454037210749,142.98213048213,139.48754789272,138.008800880088,139.48754789272,155.9375,158.333333333333,150.222717149221,136.318181818182,146.309523809524,138.888888888889,143.396239177489,149.122596153846,143.970057720058,142.738095238095,133.136094674556,144.560185185185,147.307692307692,146.254856254856,152.777777777778,155.847222222222,156.666666666667,157.222222222222,156.458333333333
"Hancock","WV","Weirton","54","029",792,,,,,,,,,,,,,,,,,,,,,,,,,,,,,,,,,,,,,,,,,,,,,,,,,,,,,,,,,,,,,,,,,,,,63.5416666666667,60.3546517339621,60.5066287878788,60.5066287878788,59.9973306894448,60.3355704697987,60.3355704697987,59.5328645999787,51.0416666666667,52.2217365967366,56.390977443609,57.0793650793651,67.0330438254967,68.7830687830688,69.9588477366255,66.3507109004739,65.2045346440463,60.0534402137609,66.3507109004739,64.8998159361365,68.9913500154464,70.529463076464,68.8061938061938,70.2263965214534,65.2462121212121,69.375
"Jefferson","WA",,"53","031",793,220.955096222381,217.498862888565,216.346153846154,207.388888888889,212.111384111384,209.836949466925,209.836949466925,209.177452508107,208.724202626642,211.689237348539,202.991452991453,208.724202626642,203.962703962704,195.693823441225,198.468185550082,193.412466447957,195.232120451694,190.327422136121,189.590063833289,185.721122735116,186.360232289258,181.280059193489,182.127396413111,177.346108969156,174.507658643326,170.563139931741,174.002047082907,174.522673031026,178.726035868893,174.170335710766,173.287005623728,172.27938656395,170.842824601367,172.63759086189,174.689440993789,178.719246379716,182.683805418719,183.081896551724,180.080790524012,173.974635232908,174.507710692973,174.325980392157,185.444947209653,191.2,194.066147859922,197.005516154452,190.734123518403,196.050138233302,192.633073929961,185.315066197419,187.419151926505,194.290726991186,195.221445221445,198.073291632244,199.670640427791,209.592641261498,200.811359026369,210.700132100396,199.171078431373,189.339535464535,189.285714285714,196.452036793693,199.142156862745,198.819509246692,206.50826446281,211.05141980046,208.339359504132,214.702380952381,216.417910447761,207.730448898927,208.347073451763,223.106060606061,231.481481481481,209.145198853591,209.083469721768,213.450292397661,220.277699316867,227.722772277228,243.954179041154,234.642733683834,235.757575757576,244.762174405436,234.782608695652,235.757575757576,235.861341135639,235.518237337517,238.057324840764,243.489583333333,250.502008032129,254.491017964072,252.880184331797,256.510416666667,250
"Pine","MN",,"27","115",794,100.34632034632,99.0751872001872,104.683195592286,105.806010928962,100.391691641692,104.367060759106,104.683195592286,100.34632034632,96.0576923076923,85.9281994047619,85.2083333333333,84.5660621761658,84.5660621761658,76.2638626885682,73.9406779661017,72.4888392857143,72.4888392857143,74.8675756599125,75.2024463631606,78.859649122807,80.3822055137845,81.9047619047619,78.859649122807,86.3839285714286,82.1618983418836,73.9023822609047,73.5012664640324,72.3717948717949,72.9523809523809,75.2027809965238,75.983081534641,74.6794871794872,71.1166814271255,71.484375,74.9611028130446,75.2427184466019,72.2624803036814,71.6887417218543,66.2822701009295,69.4957403552931,78.6693816489362,84.502150219062,89.226903540375,93.6236391912908,90.5068382944489,89.9778656851425,83.6585365853659,83.6585365853659,81.5400300918594,77.262313860252,83.6585365853659,87.8140703517588,89.4488930758361,95.7964601769911,94.4207912418578,94.4936377774636,98.0730272043218,86.0409574746473,89.1865079365079,88.651328701523,79.7763470486526,80.6614349775785,85.0591715976331,87.4352331606218,92.8758741258741,102.303754266212,101.733949310056,107.142857142857,106.421591437878,105.700325732899,102.159090909091,105.826271186441,103.992681047766,102.159090909091,105.688692415077,108.164206642066,108.670592524759,107.539280894544,111.795864413181,107.137345679012,108.133669609079,123.417721518987,108.951288586052,97.8306878306878,107.371794871795,107.371794871795,99.93961352657,107.291666666667,117.521367521368,119.536822826297,126.503164556962,122.413793103448,120.813651080091
"Grant","NM","Silver City","35","017",795,,,,,,,,,,,,,,,,,,,,,,,,,,,,,,,,,,,,,,,,,,,,,,,,,,,,,,,,,,,,,,,,,,,,,,,,111.421130952381,111.657834973505,119.886542394211,114.388062917475,117.826102833772,116.536458333333,117.092119866815,120.788409703504,116.536458333333,116.596638655462,116.536458333333,112.477412840136,110.78813104189,106.469002695418,108.418367346939,110.78813104189,125.531914893617,122.427360774818,119.982268118676,122.549019607843,120.109814687714,120.454067007723
"Wythe","VA",,"51","197",796,93.2036582036582,95.8126330731015,94.1850941850942,96.3541666666667,96.3541666666667,89.3665158371041,93.1573619073619,96.3541666666667,96.3541666666667,95.2696304258804,96.3541666666667,95.9206720925471,95.4552051083591,86.25,79.9,78.1773143377686,80.3225806451613,82.9396966885369,96.3541666666667,96.3541666666667,97.7686036789298,98.6622073578595,102.919089147287,97.7984344422701,95.8392970737914,98.2303209000648,91.5798611111111,86.8055555555556,97.5081870122631,99.2099322799097,99.1525322503583,98.9285714285714,99.6428571428571,96.3541666666667,95.8624708624709,93.4314864644488,96.3252314814815,82.8296703296703,81.8181818181818,83.3333333333333,82.3419334288899,82.845596432553,87.962962962963,87.1313678204401,85.4528484968094,87.6205787781351,86.1497636903367,85.6573705179283,79.8056162980596,79.8056162980596,81.0779753258931,81.0779753258931,85.6573705179283,89.7135416666667,91.8650793650794,91.460556923919,86.3435317179688,81.8014705882353,80.5812080735246,77.7803709834719,77.1139705882353,83.0423940149626,84.1101372351372,88.0942007063327,86.0991379310345,86.0991379310345,85.1641414141414,89.5432692307692,89.4144917582418,94.6808673782358,90.0841346153846,90.458733974359,91.1624203821656,91.6460250058976,98.7832699619772,92.2330097087379,97.1631021594684,89.4565345600377,92.5154320987654,94.6315789473684,94.6169258373206,94.6169258373206,92.7503579705652,92.7503579705652,93.7622263931479,93.7622263931479,94.9809885931559,94.2602040816327,93.296768707483,96.8986205593348,90.4942965779468,88.2448178546781,93.0779359616187
"McPherson","KS","McPherson","20","113",797,,,,,,,,,,,,,,,,,,,,,,,,,,,,,,,,,,,,,,,,,,,,,,,,,,,,,,,,,,,,,,,,,,,,,,,,,,,,,98.7216734456711,97.9492546082103,91.4791589819255,91.0425101214575,90.4628253534704,90.7001201923077,86.4508326724822,87.7593099095308,100,100,99.4086229420826,97.648679748062,89.6938775510204,93.6509831974257,93.6281859070465,97.5260416666667,99.3834150276106
"Sheridan","WY","Sheridan","56","033",798,,,,,,,,,,,,,,,,,,,,,,,,,,,,,,,,,,,,,,,,,,,,,,,,,,138.193624686306,140.485975657069,135.646687697161,142.353902489433,146.65991902834,156.924754634678,137.145471180238,137.145471180238,138.888888888889,152.391975308642,130.49084720121,152.503052503053,152.391975308642,156.25,164.58608615222,163.210227272727,164.351592509603,162.485481997677,156.905594405594,162.19512195122,158.356848375505,152.036199095023,148.788664466392,144.28955713115,145.366444579043,138.796296296296,155.913978494624,161.153776614726,163.090525632706,161.438819875776,151.263736263736,151.428571428571,163.167988056013,167.362448277275,164.596759756534,152.637362637363,159.865852472455,162.653318903319,166.314184536691,166.387959866221,166.666666666667,166.876574307305,166.876574307305,165.657894736842
"Lake","MT",,"30","047",799,,,,,,,,,,,,,,,,,,,,,,,,,,,,,,,,,,,,,,,,,,,,198.430723443223,190.645514223195,196,190.645514223195,197.194719471947,196.936520575134,199.975,210.480093676815,195.960698689956,211.549961419753,215.740765814558,194.444444444444,201.342281879195,216.637781629116,217.584625080292,220.009372071228,251.115643084518,247.169005847953,227.75830922402,216.867469879518,220.009372071228,218.438420975373,239.357429718875,262.747084100675,257.341550553769,243.506944444444,232.226862519201,235.480544709845,235.480544709845,216.637781629116,188.142292490119,217.992527173913,216.637781629116,211.417410714286,217.391304347826,218.380345768881,222.222222222222,226.128472222222,253.854392135642,235.863095238095,235.863095238095,232.948908730159,223.274247957415,216.637781629116,192.901234567901,190.950150552024,197.751873438801,209.19017288444,233.373397435897,242.211111111111
"Cass","MN","Brainerd","27","021",800,191.284790843215,175.491573033708,179.166666666667,178.01687083602,177.245862884161,162.423328426353,170.529411764706,169.134568896052,173.342261904762,179.791666666667,175.833333333333,169.6816,173.553240740741,173.888361195542,179.166666666667,184.040178571429,187.67943211644,176.258992805755,177.916666666667,185.092592592593,169.194865810969,168.233082706767,186.455798864558,180.326295111743,191.413389242337,173.888067644276,173.888067644276,193.574958813839,166.396721984528,173.758865248227,183.431952662722,178.482142857143,182.610303744436,170.516864083517,163.862916495269,184.78667269712,186.832410978814,157.974137931034,158.937068965517,176.953125,174.017857142857,185.857843137255,173.598182624113,173.888361195542,174.088255494505,167.580693122837,173.4375,161.921296296296,159.583333333333,159.583333333333,155.325443786982,156.129807692308,160.388513513514,178.780487804878,175.022686025408,167.99379524302,165.849397239532,165.849397239532,165.30269058296,160.388513513514,154.363636363636,157.603238404429,159.708145645646,166.458333333333,169.024519230769,172.19387755102,172.323049001815,175.968309859155,181.749131944444,181.336805555556,168.770688039971,167.785843920145,166.534722222222,167.573956586208,167.573956586208,166.527777777778,176.32241813602,185.069444444444,186.458333333333,186.918734630002,186.932707355243,183.098591549296,189.463533402637,185.540674603175,194.272969585762,185.540674603175,175.474556889651,178.497023809524,178.82703777336,181.158424908425,189.544948947579,179.620751481135,193.055555555556
"Gilmer","GA",,"13","123",801,,,,,,,,,,,,,,,,,,,,,,,,,,,,,107.454185821059,104.736842105263,102.428057553957,107.585139318885,105.661875306994,109.351432880845,107.585139318885,113.08712905452,115.079365079365,115.079365079365,119.375,117.325370508749,115.079365079365,112.797964481386,109.540678619626,113.025209533787,106.503337671101,104.85347985348,109.95684519204,117.663043478261,117.663043478261,111.042183622829,115.207373271889,117.176470588235,119.252155172414,117.090277777778,115.522566404173,115.573918527918,113.796520946834,116.666666666667,117.521367521368,111.141127391127,118.291570660522,122.001628835645,122.814207650273,128.43458488806,144.160596017458,135.878661087866,138.248847926267,132.274470899471,132.217573221757,135.983263598326,142.565359477124,143.398064353947,141.518979386626,132.684426229508,137.518274853801,136.842105263158,138.807189542484,146.739130434783,141.006097560976,143.133526706137,140.285379126198,134.913793103448,136.506882301183,134.913793103448,134.023556231003,127.912932138284,132.575757575758,141.213787627727,139.365965963992,138.747026898668,136.710261688903,137.748939179632,148.867699642431
"Park","WY",,"56","029",802,139.953088350274,134.825327510917,136.600445719166,138.743334724347,133.402922755741,133.402922755741,133.402922755741,133.402922755741,133.402922755741,133.402922755741,140.870098039216,135.7421875,140.199446925367,140.199446925367,137.987012987013,131.315240083507,133.582887700535,133.402922755741,133.402922755741,133.402922755741,132.850241545894,132.850241545894,131.569718141122,129.545887522861,133.389406487233,132.172131147541,130.812060196194,131.494255628951,132.379597912079,133.928571428571,133.696056547619,134.932170542636,135.987903225806,132.229204852928,128.811621850775,128.183716075157,127.996229755832,128.021148036254,128.179824561404,131.71754502458,134.467259606677,133.089770354906,135.844748858448,137.387615070935,138.930481283422,136.225895316804,136.170403198758,136.225895316804,136.225895316804,136.225895316804,135.964912280702,136.797464538495,138.422818791946,143.072283110522,143.447197114644,143.549603458642,143.549603458642,136.033229491173,138.18986672987,137.391917418256,138.411819021237,132.567253886998,141.023211656204,145.927601809955,144.539776054514,156.877323420074,157.231866162293,161.006928165859,158.371913580247,164.035689773507,160.493827160494,163.55546948625,149.133306937787,162.431191930762,174.124513618677,174.157164216746,176.851004968383,169.172932330827,171.466779279279,183.081896551724,179.924242424242,179.171522921523,179.924242424242,178.418803418803,178.418803418803,179.171522921523,178.418803418803,179.20341474446,183.143939393939,186.732673267327,190.972222222222,184.752475247525,181.905678537055
"Palo Pinto","TX","Mineral Wells","48","363",803,,,,,,,,,,,,,,,,,,,,,,,,,,,,,,,,,,,,,,,,,,,,,,,,,,,,,157.407407407407,164.942665279994,155.46875,173.069241011984,157.407407407407,155.826618186583,152.649769585253,151.68202764977,146.459573412698,144.475446428571,144.475446428571,146.459573412698,151.915720631787,155.27950310559,147.581441263574,147.388374052233,147.388374052233,146.825396825397,139.320023148148,146.825396825397,151.819187026116,154.035931174089,149.605118200205,154.035931174089,157.291666666667,158.333333333333,158.333333333333,154.035931174089,159.126984126984,157.291666666667,155.077597840756,154.035931174089,157.291666666667,146.825396825397,158.863080684597,149.514991181658,158.965344048217,168.269230769231,161.538461538462,158.839779005525,175
"Summit","CO","Breckenridge","08","117",804,371.074751904641,373.867620659349,383.283079727929,376.342634689702,361.092150170648,357.734806629834,359.066427289048,357.431153165734,348.927875243665,357.399179767601,356.791952588896,352.188350720772,359.13091479395,355.985090010333,354.807692307692,336.159844054581,331.40354520021,325.586411526213,320.477502295684,315.608919382504,320.006329277429,315.555555555556,310.990338164251,302.354205033763,306.215722120658,323.540673116228,329.475594133941,316.49385097661,309.408691473645,323.705222740957,317.314487632509,321.435626179711,299.544747786935,297.777777777778,305.910572192429,285.299982116272,304.071246819338,296.370903277378,300.670016750419,293.984108967083,306.030992891532,310.367703987466,326.177491377588,315.721535745808,322.073170731707,328.947368421053,341.346153846154,350.043975373791,349.718181930115,349.718181930115,354.314720812183,355.251131951161,351.639344262295,350.050150451354,342.351716961498,331.845238095238,331.845238095238,332.383665716999,357.806691449814,366.770133617867,378.125650093613,365.385594044833,369.973490236648,381.896246712885,380.392156862745,383.693705428376,362.483108108108,375.980861244019,378.510378510379,377.409419662941,387.664778830192,385.491089474839,378.378378378378,389.730108422193,365.355859875526,375.965665236052,369.670893719807,386.652542372881,390.511916299168,400.512382578992,399.885270979021,396.480686998123,397.457627118644,416.863672182821,435.657314158321,427.772600186393,441.767068273092,443.788562069507,440.500759016929,430.841121495327,424.321869425977,435.948361469712,423.825887743413
"Montgomery","NC",,"37","123",805,,,,,,,,,,,,,,,,,,,,,,,,,,,,,,,,,,,,,,,,,,,,,,,,,,168.571428571429,168.571428571429,165.628891656289,162.145493395493,150.911458333333,161.11617213257,152.870622714438,152.941176470588,152.941176470588,161.666666666667,157.303921568627,141.075673672582,133.142006802721,152.779655923672,153.033088235294,158.120154404789,153.325123152709,152.971629264733,143.480302828119,149.250876336053,149.280973451327,152.618135376756,140.93137254902,142.478673287497,144.079313543599,137.35269970057,148.809523809524,163.267543859649,160.552935873654,160.295060936498,163.267543859649,159.142726858185,160.295060936498,153.063725490196,156.767787524366,149.671052631579,147.297297297297,147.916666666667,159.409762813471,161.31636163708,160.225655468249,150.022799817601,149.288187764525,148.121902106568
"Door","WI",,"55","029",806,157.262373453318,158.8,161.106106106106,160.185185185185,160.286349320257,161.207270241178,166.966205837174,166.190476190476,165.448275862069,168.327819657082,166.190476190476,161.942084942085,162.742642454602,162.742642454602,164.285714285714,156.666666666667,158.71335504886,158.442453480358,156.573784178668,158.71335504886,163.861607142857,162.434652725915,163.194444444444,160.176282051282,162.979911389343,158.577904264609,152.506447511369,160.642857142857,154.800015654352,151.870417665318,149.645390070922,158.442453480358,164.203525641026,161.948717948718,157.373774509804,163.574358974359,168.053097345133,165.2,153.395608584288,167.079207920792,173.487128545154,172.743055555556,172.254335260116,169.478873239437,170.101506221349,172.166666666667,166.72857850421,154.745714285714,158.394345238095,160.678571428571,161.225806451613,163.654223968566,161.573551373955,159.874826147427,158.980909945632,155.406798022886,155.104166666667,156.741573033708,156.423029560579,155.729166666667,158.823529411765,159.577338129496,159.2,158.985080645161,156.797385620915,158.110330050672,158.697580645161,158.697580645161,158.5100724882,153.205128205128,156.138392857143,152.823529411765,159.92,157.95282458904,158.770161290323,159.866666666667,159.157947434603,161.174264007597,158.796845351044,157.153944911298,159.866666666667,159.750419161677,163.517441860465,165.473886172236,165.473886172236,163.04347826087,165.972222222222,165.972222222222,161.189516129032,160.550613341444,166.446809801067,168.056380924083,167.483496617383
"Le Sueur","MN","Minneapolis-St Paul","27","079",807,,,,,,,,,,,,,,,,,,,,,,,,,,,,,,,,,,,,,,,,,,,,,,,,,,,,,,,,,,,,,,,,80.0531687369538,82.2119428090833,86.4883640152831,86.6666666666667,78.1629213483146,78.333037788034,83.3275442862105,73.5294117647059,76.2069369580502,70.4045536403396,72.6876090750436,76.7021322389944,83.9470284237726,83.9470284237726,88.5269121813031,83.32242998267,86.454359965151,83.1448502628846,78.5340314136126,74.1687088873797,75.6518082422204,72.685609532539,75.67283431455,80.9323859609561,81.4093671306,90.2241034629779,88.0375114364135,79.4833381256099,77.9234585400425,78.0381944444444
"Garvin","OK",,"40","049",808,,,,,,,,,,,,,,,,,,,,,,,,,,,,,,,,,,,,,,,,,,,,,,,,,,,,,,,59.791305186042,57.0285714285714,56.6392857142857,56.8987341772152,56.25,50.1012145748988,49.3421052631579,46.4036976066861,52.4490191017037,55.8965326536501,52.8846153846154,51.2734363405504,53.9772727272727,58.9501596715328,58.4070796460177,57.822516025641,55.9379217273954,54.7072025767544,50.3355704697987,50.3355704697987,55.1344393592677,57.7735260770975,59.6552673667693,59.2616213151927,59.2616213151927,59.2616213151927,61.9747899159664,66.9084821428571,59.9814521636556,59.9181127253161,60.6996965452848,59.6491228070175,60.4618163054696,59.4246031746032,57.7731092436975,54.5019157088123,55.376088237503,53.494623655914,49.8568992814517
"Carroll","AR",,"05","015",809,106.547619047619,108.090288853447,111.900159548355,109.249185522381,113.392857142857,107.053571428571,113.207106124357,113.207106124357,107.053571428571,104.272727272727,103.683035714286,101.802144249513,98.1345115365734,95.9302325581395,95.8705357142857,96.3662790697674,100.55979308172,100,100,98.1345115365734,97.9625094507744,97.9625094507744,95.1354306386614,96.1907235945905,95.7656191658341,94.0261865793781,97.9161326332327,102.099136421986,96.4590766691904,95.7360339697206,93.585520502322,89.9345335515548,94.5909398242055,103.247232472325,89.7413971807628,89.7413971807628,88.6065287597102,91.5607662318189,94.1644562334217,89.7413971807628,87.931712557546,89.0005059603238,89.9305555555556,87.8296146044625,89.9305555555556,84.9550728650172,78.8431061806656,82.2124468508724,78.1816337354941,77.5201612903226,83.4672256573606,84.0640809443508,82.8703703703704,82.8703703703704,82.4319697511016,91.2988394584139,88.9942074776198,83.6294071736401,89.7351989769051,88.1982756138099,87.1907552083333,87.9686877985669,88.5350318471338,92.8024558380009,94.7867298578199,99.2984693877551,99.537037037037,107.730263157895,101.449275362319,103.938923395445,99.655558733791,101.449275362319,110.000901875902,103.938923395445,106.428571428571,102.145206766917,106.428571428571,105.249169435216,106.785714285714,107.142857142857,98.6509274873524,94.4350758853288,97.8618421052632,99.9003088077336,106.785714285714,102.646876932591,106.785714285714,106.428571428571,99.2634292962718,96.9291125541125,96.7261904761905,92.7592507994518,93.1818181818182
"Cherokee","NC",,"37","039",810,134.54356506939,135.232142857143,134.291044776119,132.686414708887,130.9375,130.95599112426,132.03581871345,131.978319783198,131.469298245614,127.7870058873,127.403846153846,126.306631718024,124.583333333333,122.732270478285,122.463235294118,122.426470588235,124.583333333333,122.592592592593,122.426470588235,121.708439897698,118.948412698413,117.857142857143,116.807291666667,115.625,114.335317460317,114.087301587302,113.746476391825,112.869470704949,112.716040462428,112.091346153846,112.590213963408,111.887412587413,107.943988757161,108.181818181818,109.534915959106,112.464387464387,111.380981848185,108.793969849246,110.275862068966,112.464387464387,112.464387464387,112.5,111.753285543608,112.951807228916,112.418831168831,113.142570281125,114.000178062678,113.575498575499,115.234375,113.268229166667,113.886661697709,116.295546558704,116.23023715415,115.764960779352,115.234375,115.625,115.282051282051,115.625,116.588745347287,117.016293989122,117.572463768116,115.663919413919,116.281635031635,119.880034275921,119.704861111111,117.901130578017,118.634259259259,119.010416666667,118.97941468254,118.609457671958,120.512820512821,121.003057160628,122.494669509595,121.323529411765,123.070987654321,124.916666666667,125.845070422535,125.376082251082,123.03549382716,123.587752275425,122.548202614379,122.605877008124,122.049180327869,122.049180327869,123.129696725711,121.412037037037,123.42803912436,124.04214559387,129.373645587076,130.010763888889,131.613756613757,131.117680488606,131.834242578026
"Ashe","NC",,"37","009",811,150.280736737157,176.671739018927,171.528132309117,163.149074339379,156.61405365679,158.598001230604,155.860349127182,155.860349127182,157.367758186398,157.367758186398,157.517899761337,156.689124444259,157.517899761337,156.689124444259,156.119227707006,154.219143576826,154.638197742612,149.118182965206,149.821080026025,149.821080026025,154.505505960727,149.035087719298,150.757575757576,149.821080026025,150.757575757576,144.260869565217,152.952565343659,138.187877710629,142.491467576792,139.031705227078,136.159253675085,137.493097736057,135.011441647597,134.271099744246,132.590132827324,139.264115921202,142.875703767865,142.875703767865,134.726962457338,133.035714285714,130.347826086957,131.488880512627,142.875703767865,131.488880512627,132.607886904762,138.598326359833,139.735772357724,138.155045474231,141.006944444444,144.468591370558,144.468591370558,145.067401960784,143.178742038217,141.572157318212,139.764849454426,138.167646592239,138.696914784871,139.656862745098,135.270700636943,130.347826086957,130.230125523013,133.733800681475,143.290371493556,145.471783980583,150.462962962963,140.951821386604,139.526597676107,137.369519832985,139.751552795031,137.369519832985,140.035090123006,138.560536314008,138.560536314008,140.786384976526,144.915797914996,152.293577981651,142.303512831815,141.034482758621,142.534595452517,139.298319920937,139.707750952986,143.431401513942,138.804200542005,133.540076335878,130.485960578717,125.589225589226,130.485960578717,136.1297942655,138.888888888889,159.355622681966,157.8042840538,160.360990861846,154.909706546275
"Orleans","VT",,"50","019",812,,,,,,,,,,,,,,,,,159.455128205128,139.979859013092,152.933673469388,148.690476190476,147.735580012853,144.878795114105,147.65625,147.814910025707,133.928571428571,133.928571428571,140.576335063642,133.457341269841,140.576335063642,147.814910025707,140.534922394678,134.214743589744,133.791208791209,120.885416666667,125.68768037518,118.947213830144,114.475687790857,114.768683274021,118.055555555556,120.659722222222,129.166666666667,138.992537313433,137.028322067254,140.95729638009,141.289592760181,133.166666666667,140.126329787234,136.895833333333,141.289592760181,151.050145087412,142.025748761043,129.025641025641,126.785714285714,129.025641025641,134.68992248062,125,124.610591900312,124.492795950156,130.639097744361,131.354547468705,130.882352941176,131.617647058824,133.561240127313,130.882352941176,131.8407960199,134.447096260939,136.531042343068,140.73474663909,143,142.839285714286,149.972129319955,150.905797101449,153.989244326756,148.404638169131,141.15311550152,137.894174238375,138.850257519314,143.595041322314,142.678571428571,153.365384615385,147.266881028939,153.365384615385,151.58446048058,154.64527027027,155.925155925156,153.365384615385,140.557128765073,149.803536345776,141.725768321513,147.142027913148,155.246913580247,153.13542709376,162.006003163654
"Upson","GA","Thomaston","13","293",813,,,,,,,,,,,,,,,,,,,,,,,,,,,,,,,,,,,,,,,,,,,,51.757145368696,50.9622766610832,52.4746472663139,56.9137832466474,58.0412844767606,58.3139809409341,57.7407825095919,60.471037555697,59.9974235397533,58.1318681318681,50.029429075927,52.0833333333333,52.0833333333333,48.2841952634123,51.7216642754663,48.1505110932446,47.8767262187401,48.5436893203884,48.2966870036868,48.3091787439614,48.2841952634123,48.4154929577465,50.9490509490509,54.8534798534799,57.8948341014662,55.2462526766595,54.5758928571429,54.7146863553114,54.8534798534799,55.582406959884,54.8534798534799,54.5698373362405,54.6611787553461,54.8534798534799,54.6611787553461,55.4723122852021,55.4866302262185,57.4826560951437,58.972198820556,59.0619922674209,58.972198820556,56.15234375,58.0182529335072,57.4756094786911,57.5527558970386,58.9531680440771,58.972198820556,56.5190461443171,55.2748885586924,47.6615307207412
"White","GA",,"13","311",814,,,,,,,,,,109.166666666667,103.504928806134,100.78125,100.78125,100.390625,100.186011904762,110.810810810811,104.667467948718,107.036865453729,109.04324195574,115.552325581395,111.049107142857,112.838709677419,101.5625,96.9700288935203,94.5012019230769,104.411764705882,104.411764705882,92.96875,95.5555555555556,96.0336538461538,96.0336538461538,101.411458000128,101.802507836991,97.9064039408867,100.510204081633,102.926006771205,105.769719928415,112.287864742378,110.476762820513,112.099358974359,118.346653496169,117.109375,114.35546875,114.84375,112.745098039216,112.422228506787,112.675365921016,113.784135240572,106.281281281281,106.081081081081,112.173274992797,114.297385620915,112.745098039216,116.608977708116,118.198753860519,115.687946718648,111.655773420479,113.43001261034,113.607073925456,115.374228395062,111.655773420479,109.091392633442,111.495535714286,112.859097127223,121.058823529412,113.833173389517,113.784135240572,113.833173389517,113.882211538462,118.017902813299,120.683876811594,121.40376984127,125.92062193126,129.201520912548,125.844594594595,122.25,123.809523809524,127.957488738739,133.089133089133,133.003085723871,133.329157739535,133.088148808934,133.477455716586,129.596960167715,127.212389380531,131.110324947589,136.251032204789,137.408088235294,138.888888888889,147.696995464853,147.704081632653,145.5078125,146.683673469388
"Juneau","WI",,"55","057",815,,,,,,,,,,,,,,,,,,,,,,,,,,,,,,,,,,,,,,,,,,,,,,,,,,,,,,,,,,,,,,,,,81.6640786749482,86.125,84.7321428571429,80.875,80.5714285714286,83.5,86.390306122449,86.530612244898,86.25,86.125,86.125,74.4897959183673,79.9628146453089,79.9628146453089,78.3632286995516,77.951028925642,80.9782608695652,77.5388291517324,76.0176991150443,82.7784090909091,77.7247586484312,75.6290584415584,75.4545454545455,78.8740079365079,75.8035714285714,74.2389950166113,86.125,88.4615384615385,88.8987130366441
"San Jacinto","TX",,"48","407",816,,,,,,,,,,,,,,,,,,,,,,,,,,,,,,,,,,,,,,,,,,,,,,,,,,,,,,,,,,,,,,,,,93.2017543859649,91.6760024016636,90.1088800904977,95.8333333333333,93.2017543859649,79.9167556980057,77.3726851851852,81.1298076923077,81.1298076923077,76.0416666666667,76.0297391857506,76.3888888888889,85.8516483516484,84.9381515080921,86.5989356555394,101.388888888889,101.424963924964,101.388888888889,101.461038961039,94.253671182472,91.4546832884097,101.491940800316,91.4454277286136,97.2268704447419,101.522842639594,106.756756756757,108.615136876006,104.050925925926,108.747078073866
"Texas","MO",,"29","215",817,,,,,,,,,,,,,,,,,,,,,,,,,,,,,,,,,,,,,,,,77.1324863883847,71.0675931775111,63.0568356374808,61.8279569892473,61.8279569892473,63.5135135135135,61.8030530530531,58.7406015037594,59.0896885069817,59.0896885069817,55,50.7378472222222,55.960028551035,61.9610851720762,61.875,64.0527950310559,64.0294095637207,64.0294095637207,68.8405797101449,64.0527950310559,64.0527950310559,68.8405797101449,61.9030774672798,61.9030774672798,52.7913111091426,51.2967051756694,56.0897435897436,57.1581196581197,57.1581196581197,52.3891786179922,55.995182353878,56.0897435897436,56.0897435897436,50.9682477288609,49.5627676659529,50.9682477288609,48.1792355371901,49.4834710743802,46.7977150537634,52.4729520865533,57.6153846153846,63.5669849537037,65.7738095238095,56.3106796116505,57.7512994017848,56.3106796116505,65.7072368421053,66.0079152960526,59.4053398058252,52.6437423811459,52.1327147532151,50.78125,53.5570469798658,53.5570469798658
"Cherokee","AL",,"01","019",818,,,,,,,,,,,,,,,,,,,,,,,,,,,,,,,,,,,,,,,,,,,,,,,,,,,,,,,,,,,,,,,,,,,,,,,,,,,,,,118.733469387755,122.908163265306,134.202380952381,117.244897959184,121.927942173029,121.927942173029,121.927942173029,121.927942173029,108,121.264960621211,122.35824742268,122.35824742268,120.028409090909,111.76,97.4467496271003,97.4467496271003
"Charlevoix","MI",,"26","029",819,,,,,,,,,,,,,,,,,,,,,,,,,,,,,,,,,,,,,,,,,,,,,,,,,,,,,,,,,,,,,,,,,,,,,,,,,,,,,156.1875,156.1875,156.1875,156.471816283925,168.6875,149.806576402321,153.236621534494,163.317191283293,163.317191283293,156.775407779172,165.597549130019,167.877906976744,181.869510664994,186.812306352905,191.755102040816,191.755102040816,191.755102040816
"Iosco","MI",,"26","069",820,,,,,,,,,,,,,,,,,,,,,,,,,,,,,,,,,,,,,,,,,,,,,,,,,,,,,,,,,,,,,,,,,,,,,,,,,,,,,131.505847953216,133.522727272727,132.827068764569,131.818629104813,133.140248447866,134.342150668932,136.079545454545,127.850877192982,127.556818181818,127.850877192982,138.059701492537,140.527905220977,130.40820008883,127.117937853107,129.528819209585,132.63358778626,126.507640592269
"Montezuma","CO",,"08","083",821,151.563580328641,153.70705244123,152.625152625153,157.19696969697,169.459134615385,169.230769230769,155.681818181818,153.936859553948,154.080445941611,153.70705244123,145.623832725888,143.467643467643,141.064807808717,144.949193066348,141.064807808717,141.901861380145,138.448782900591,140.421317969031,135.491597446943,134.488942020323,131.290802611367,132.612393227192,133.306666666667,130.208333333333,121.489621489621,120.294088441679,116.849785015095,114.714686161821,124.6198455376,125.71406287267,131.578947368421,125.094768764215,130.18341307815,128.205128205128,130.18341307815,128.787878787879,115.137344515643,128.787878787879,134.831460674157,138.849718111346,141.206553235753,149.243050781921,153.061224489796,152.150696939393,153.488717891528,156.25,153.91621129326,153.061224489796,147.626385589137,144.442821446775,140.329714515481,134.831460674157,149.338374291115,153.645833333333,152.463942307692,160.25641025641,161.953863022942,165.900969882593,155.59368370093,151.282051282051,165.68012065767,143.75,149.833994209466,153.676442887281,156.593406593407,175.991744882958,167.212389380531,172.489539748954,173.155737704918,175.675675675676,173.155737704918,183.596091408591,176.464581241701,176.464581241701,178.49025974026,173.426347923295,185.235507246377,169.995210727969,162.337662337662,161.525974025974,171.795754121191,168.266832917706,171.274377796117,180.897250361795,180.253623188406,165.441176470588,173.804347826087,168.051638463605,168.051638463605,168.30617382088,164.242843576177,171.422203453453,164.265129682997
"Seminole","OK",,"40","133",822,,,,,,,,,,,,,,,,,,,,,,,,,,,,,,,,,,,,,,,,,,,,,,,,,,,,,,,,,,,,,,,,,,,,,,,,,,,,41.6483516483516,43.6507936507937,43.6188811188811,42.6336163836164,41.7469492614001,44.890873015873,43.6188811188811,43.1942444810092,37.0962186519546,42.8929010875605,43.6188811188811,43.6188811188811,43.6188811188811,41.8412539045069,41.5277777777778,38.9246493170912,39.9369084025047,43.2827805464857
"Randolph","MO","Moberly","29","175",823,,,,,,,,,,,,,,,,,,,,,,,,,,,,,,,,,,,,,,,,,,,,,,,,,,,,,,,,,,,,,,,,,,,,,,,,,,,47.8907528641571,41.7214191852825,46.6329637357304,45.5036552364797,51.6317016317016,48.450760224297,44.4669580545363,52.246358401084,51.2152777777778,51.2152777777778,51.2152777777778,60.272536687631,54.5979534995846,54.8718582658936,53.7565776189528,54.8076923076923,54.748130890328,55.0551470588235,53.3950617283951
"Tillamook","OR",,"41","057",824,184.619047619048,177.260656449711,173.43976777939,170.053217223029,180.826636050517,181.878306878307,181.878306878307,182.717216117216,179.054054054054,167.2,172.615131578947,173.205128205128,171.937377887888,177.788461538462,172.893893387314,169.051878354204,172.80701754386,173.891129032258,173.751120071685,185.966749139437,185.184080991557,184.890656063618,182.874617737003,186.331775700935,182.845744680851,184.113300492611,186.350793093527,183.42019822283,184.210526315789,172.477961321547,168.808411214953,167.209162145871,170.21210106383,172.042987468852,165.688775510204,159.304044351285,157.609240700327,155.691964285714,161.429018136335,172.50938373884,182.786885245902,182.786885245902,184.259259259259,185.127441445822,180.327868852459,187.5,189.965356697705,172.847985347985,180.09009009009,178.842859252695,180.09009009009,185.653921066635,185.185185185185,183.704842428901,187.129485179407,187.129485179407,191.268059351816,189.70189701897,189.70189701897,177.480916030534,189.299242424242,189.299242424242,178.102762219222,192.878338278932,202.730109204368,203.307392996109,203.307392996109,196.300715990453,196.592284340836,195.3707708406,198.862215909091,210.794044665012,220.73721645521,216.867469879518,215.731532447467,222.09319328512,226.501433671026,222.156398104265,217.294711156663,219.444444444444,222.156398104265,219.444444444444,217.811460852479,215.280235988201,210.364583333333,200.874384056382,213.094502779494,222.108913737386,220.78266259237,229.38829787234,233.374384236453,227.18253968254,227.797001153403
"Miller","MO",,"29","131",825,,,,,,,,,,,,,,,,,,,,,,,,,,,,,,,,,,,,,,,,,,,,,,,,,,,,,,,,,,,,,,,90.4254385964912,92.0877192982456,90.3225806451613,94.1385135135135,104.0625,92.1647451456311,87.609649122807,92.9424943988051,106.25,95.1522435897436,87.6924609879303,98.9583333333333,85.499316005472,87.4313663024942,99.9166666666667,101.713768115942,98.9583333333333,106.25,94.955,94.4901315789474,91.961916618203,103.897357723577,101.544715447154,107.708333333333,103.897357723577,109.270833333333,112,115.416666666667,109.918200408998,109.375,109.375
"Manistee","MI",,"26","101",826,,,,,,,,,,,,,,,,,,,,,,,,,,,,,,,,,,,,,,,,,,,,,,,,,,,,,,,,,,,,,,,,,,,,,,,,,,,,,,,,,,134.983127109111,139.115250291036,135.294593857586,141.544232288375,143.973214285714,161.764705882353,142.118620344177,148.646258503401,148.646258503401,157.272727272727,160.76854334227,160.76854334227
"White","IN",,"18","181",827,,,,,,,,,,,,,,,120.272206303725,125.558659217877,120.272206303725,110.054347826087,115.832363213038,114.849775356519,119.615269818529,111.049382716049,107.150824931743,105.7400367995,98.4848484848485,104.4921875,107.4028500289,114.51609478512,118.632951019504,120.377604166667,112.960760998811,111.513877835257,106.473594548552,111.878931293093,113.511630499405,109.126984126984,104.62962962963,105.764002175095,105.196815902362,99.9566307294565,109.126984126984,112.150719729043,104.62962962963,105.877976190476,113.523131672598,114.0625,107.323232323232,107.323232323232,106.766191325015,115.665584415584,118.246461419016,114.864042207792,110.530564263323,115.665584415584,123.251132360342,123.737623762376,122.806311881188,124.464779747515,119.795074232511,121.875,119.795074232511,130.530612244898,130.530612244898,140.603015075377,129.158345221113,127.67094017094,127.67094017094,130.055027742881,129.557291666667,112.498874887489,100.719424460432,99.0903872155912,100.527122944502,100.786780083655,113.010204081633,119.554093567251,112.97619047619,104.458041958042,104.482422339565,97.55859375,99.8787366891277,102.266081871345,102.266081871345,89.8504273504274,100.05980861244,103.918228279387,88.5416666666667,101.585343567251,102.373068432671,107.323232323232,96.6666666666667,95.0704225352113,94.4444444444444
"Waushara","WI",,"55","137",828,,,,,,,,,,,,,,,,,,,,,,,,,,,,,,,,,,,,,,,,,,,,,,,,,,,,,,,,,,,,,,,,,106.1875,107.307692307692,115.131578947368,115.263157894737,118.627450980392,127.746212121212,129.629685007975,131.513157894737,116.222488038278,103.147574819401,99.9921073401736,109,124.999,123.81862745098,111.551339285714,113.119419642857,101.717310600852,99.074686054197,96.9581360809431,96.2164177331004,96.2345679012346,106.28443877551,108.677295918367,97.6817042606516,98.7852965747703,103.730519480519,105.165816326531,108.854166666667,113.28125
"Lamoille","VT",,"50","015",829,,,,,,,193.383995509911,213.822711931705,206.177244628113,189.36460067127,180.375701952896,191.248293555524,182.997293434297,174.369558961076,171.747967479675,187.037505534122,214.460784313725,213.571428571429,189.676645948863,181.910569105691,181.910569105691,177.880772599338,181.910569105691,179.391682184978,179.391682184978,180.651125645335,179.391682184978,173.032407407407,169.406779661017,171.219593534212,155.854796678989,153.77855887522,171.219593534212,173.032407407407,165.625,168.542588495575,165.625,175,166.389351081531,165.697674418605,152.134335295941,164.494103041589,157.931034482759,166.112956810631,169.987849331713,169.834069787145,170.560747663551,173.611111111111,174.545454545455,178.448358315001,178.834355828221,174.545454545455,178.03738317757,181.07476635514,174.443779904306,175,168.924003009782,167.857142857143,164.9,161.153846153846,169.851380042463,169.175690021231,164.746495327103,163.585305287759,167.857142857143,165.728162430616,163.186365751512,167.857142857143,167.857142857143,161.604151262631,174.671052631579,178.595238095238,174.342105263158,176.428571428571,173.286052009456,174.342105263158,179.887820512821,192.078431372549,181.071428571429,174.643026004728,161.191588785047,156.272321428571,161.191588785047,160,162.383177570093,164.292808219178,162.383177570093,159.188034188034,162.383177570093,159.594017094017,159.188034188034,152.666666666667,152.666666666667
"Roscommon","MI",,"26","143",830,70.4705882352941,70.4705882352941,73.406862745098,70.4705882352941,74.7006578947368,73.406862745098,74.875,73.4243697478992,73.4243697478992,71.8181818181818,72,70.5555555555556,70.1121794871795,69.1974839581223,69.5896825396825,68.0555555555556,69.1069991954948,71.6666666666667,72.7973153547133,72.2203022596999,70.6845238095238,71.6666666666667,67.9951690821256,69.1163967611336,67.0698924731183,66.3461538461538,65.0787848158131,70.9939148073022,66.840926064227,66.7112299465241,67.7325581395349,67.7325581395349,67.7204457364341,67.7325581395349,67.301081462762,65.8333333333333,63.0614590681456,62.2916666666667,62.3214285714286,66.2244897959184,67.5142045454545,68.0909090909091,69.3452380952381,68.646978021978,69.3369708994709,69.3287037037037,69.9166666666667,69.8,70.3019101919856,70.3973672711383,69.171978021978,68.543956043956,71.435782967033,70.2352941176471,69.9404761904762,71.5825703901362,74.5952677459527,74.5952677459527,72.7083333333333,73.6252283522105,73.8260869565217,72.9166666666667,77.4404761904762,75.5871467758088,77.2115384615385,76.875,77.6666666666667,74,73.625,72.8009259259259,73.2172072424124,71.4833759590793,68.4075342465753,68.4349130586452,70.8333333333333,72.5805871865655,74.4205298013245,77.9947916666667,80.1395190562613,82.8569182389937,83.1666666666667,79.117362177846,79.4314381270903,79.4353452317694,78.2338308457711,79.9,77.6944444444445,78.0492070895522,78.8,80.3917896813797,81.7575757575758,87.5,84.3928571428571
"Page","VA",,"51","139",831,,,,,,,,,,,,,,,,,,,,,,133.761852477762,134.253028263795,135.581613066449,131.764542234661,130.639097744361,131.903642773208,127.952755905512,126.571428571429,125.425017768301,116.634799235182,113.82863340564,112.136919442546,114.491371497341,101.790281329923,109.395532194481,109.374383012663,114.244741873805,118.595825426945,112.836589258444,111.695137976347,128.035322663431,133.138378829537,127.074666023666,125.664893617021,123.9218812228,120.303347496081,122.054314619676,123.171846435101,125.696465251626,122.010869565217,116.983894582723,116.983894582723,120.500927643785,122.010869565217,121.897810218978,128.337639965547,126.504777988023,126.504777988023,111.034004163775,121.060422999419,123.341392787858,122.010869565217,127.50035709822,132.472091400663,126.083123538129,134.266517357223,131.871228961575,122.727426483854,124.659863945578,119.047619047619,118.025751072961,116.276625172891,117.219917012448,118.518518518519,117.494553376906,118.598784543057,118.17139899438,118.400621118012,121.942934782609,121.942934782609,120.463709677419,126.931216931217,134.038164002063,135.416666666667,134.126984126984,134.126984126984,138.104639684107,136.309523809524,126.984126984127,127.465986394558,127.465986394558,131.887755102041
"Hampshire","WV","Winchester","54","027",832,,,,,,,,,,,,,,,,,,,,,,,,,,,,,,,,,,,,,,,,,,,,,,,,,,,115.68287037037,103.009259259259,100.877192982456,104.778439153439,109.320652173913,116.319741723744,109.008152173913,110,118.230016313214,117.64365398994,111.466346153846,111.466346153846,113.84077537759,118.601583113456,118.675595238095,123.068861670305,118.675595238095,113.028937381404,113.957096600108,113.028937381404,112.667326546003,114.678899082569,114.488017429194,116.969009826153,124.946120689655,126.416353383459,125.9765625,123.90873015873,122.718253968254,117.011278195489,118.023373674715,115.740740740741,116.666666666667,117.200328407225,116.145833333333,115.625,113.684534143519,112.5,108.747660705798,108.747660705798,110.171102661597,108.272375534696,109.220532319392
"Fannin","GA",,"13","111",833,,,,,,,,,,,,,,,,,,,,,,,,,,,,,,,,,,,,,,,,,,,,,,,,136.996284071715,144.747725392887,139.161479591837,146.881163708087,162.415460242005,155.238100657281,161.158405172414,159.333333333333,148.111266704341,157.9,153.760683760684,150.058227996255,151.909722222222,143.75,151.909722222222,138.221153846154,139.864189301783,143.142361111111,138.518824689639,140.572692491631,140.572692491631,144.282913165266,143.137254901961,158.099489795918,153.077522675737,148.055555555556,154.9,155.513241106719,160.388655462185,162.458333333333,162.458333333333,150.173759153784,150.447518307567,145.118411000764,150.462962962963,150.189814814815,149.916666666667,157.2572586727,150,154.338235294118,168.090909090909,170.359848484848,167.824074074074,179.176900584795,175.516660575049,179.709039548023
"Antrim","MI",,"26","009",834,125,125,120.253164556962,120.162639970789,119,122.307692307692,132.352941176471,113.545454545455,108.401442307692,106.041131105398,110.530303030303,104.625706214689,109.375,111.327174554965,112.263358327423,110.952380952381,110.098709187547,123.80183091007,119.47155854094,123.001029289139,121.204892312081,125.96405675435,122.52628834544,119.275067750678,113.123742454728,112.4375,105.573622881356,104.166666666667,104.625706214689,108.125,106.0625,106.842105263158,105.812940140845,106.956766917293,106.452302631579,99.8461538461538,92.7357295542712,104.166666666667,99.375,106.726453004018,105.084745762712,106.638733705773,107.921052631579,106.842105263158,107.39247311828,110.248361868527,102.941176470588,102.941176470588,100.56947586727,99.375,99.375,99.8823529411765,96.0737179487179,112.009740724825,104.401917667102,106.842105263158,114.615384615385,106.842105263158,106.842105263158,91.5384615384615,93.6,88.4615384615385,87.8798076923077,88.3846153846154,92.1717171717172,94.0705882352941,93.6,97.5198879551821,95.6,97.5198879551821,100.400267737617,94.4,91.3317307692308,99.9200218239907,96.5,91.6666666666667,91.6666666666667,99.6814264167205,99.9230769230769,99.9230769230769,96.1538461538462,103.769230769231,100.381194409149,100.381194409149,100.095407270106,99.8782051282051,100.095407270106,93.5833333333333,93.5833333333333,96.7993482309125,98.3732876712329,93.6858974358974,100
"Osceola","MI",,"26","133",835,,,,,,,,,,,,,,,,,,,,,,,,,,,,,,,,,,,,,,,,,,,,,,,,,,,,,,,,,,,,,,,,,,,,,,,,,,,,,,,90.4537037037037,93.1666666666667,92.8854166666667,87.2815533980583,87.5602508157095,96.2278675904542,99.1071428571429,94.5512820512821,85.2518878101402,77.6127214170693,78.7037037037037,82.8207350901526,83.2142857142857,76.9808522114347,79.8611111111111
"Routt","CO","Steamboat Springs","08","107",836,327.160493827161,324.057115723782,323.765500518623,319.804333622132,321.428571428571,304.243394715773,297.441364605544,297.441364605544,295.000459516589,291.106549067315,290.961055015374,290.972222222222,290.275761973875,290.961055015374,290.972222222222,288.18998716303,283.475783475783,275.193798449612,269.173525757251,258.222222222222,253.269015246681,258.303657694962,258.405379442843,254.274735830932,275.193798449612,272.727272727273,275.879542606516,268.011527377522,258.0682395496,266.428952042629,263.205828779599,260.533538996994,263.197586726999,263.333333333333,274.378993320715,275.062656641604,290.211005281026,281.326781326781,275.062656641604,274.982770503101,274.982770503101,270.447450572321,269.596181943399,273.775216138329,272.349455386873,272.673629619876,274.982770503101,285.744661581896,283.842794759825,285.744661581896,282.940360610263,283.340099004319,283.340099004319,283.122045314013,282.214114004865,278.567899491813,276.884662890242,278.409090909091,283.434110741156,292.78829508787,295.353033632424,293.513733676145,298.071625344353,300.435540069686,305.555555555556,313.374362370713,312.220684061862,307.479963247632,305.911680911681,306.267806267806,321.325648414986,325.923901454755,325.391914191419,328.774132939267,319.960861056751,308.504485251937,301.136363636364,322.541966426858,309.054479509025,320.860077021823,318.432493432493,319.91341991342,323.818897637795,314.441591784339,316.951566951567,308.711360899237,306.878918976766,307.734531656134,308.970005518489,323.458904109589,327.338129496403,328.269698433623,328.750747160789
"Starke","IN",,"18","149",837,97.4845995893224,101.618358013937,114.599317174545,108.484848484848,106.284090909091,104.997128559914,103.552986573851,110.622632575758,102.290224617914,89.765261627907,87.4375,76.4255910987483,74.851826161619,78.2738095238095,76.4784946236559,75.2054794520548,75.2054794520548,74.2559523809524,68.9980544747082,72.295229711603,70.3345070422535,70.3345070422535,71.3541666666667,65.9330985915493,63.211682427108,62.2085960073549,72.9014598540146,69.8426573426573,72.3731884057971,71.1428571428571,69.8050496015612,69.3859953703704,67.7083333333333,65.4031651488047,70.7633505598622,69.7674418604651,72.2789115646258,72.5,69.6143263565139,72.9071943957103,72.9071943957103,75.9717314487633,75.6060606060606,77.4377045718509,85.2019467935166,81.2790697674419,82.7669703760853,77.5103519668737,77.5103519668737,78.7037037037037,79.208409228901,78.7037037037037,78.953488372093,79.7970479704797,80.6451612903226,79.3333015630957,79.7970479704797,78.953488372093,79.7970479704797,79.7970479704797,79.7970479704797,80.6436815625925,87.3742324043458,82.1180555555555,82.8402366863905,84.5864661654135,81.8010075566751,78.4547738693467,78.2652418242633,78.6760561361943,81.8010075566751,80.3491729798585,77.7735963344568,74.4736842105263,74.4736842105263,74.4736842105263,74.4736842105263,73.6692015209126,75.2,75.2,75.2,83.5459183673469,76.7463504183488,71.1451134148503,71.1622807017544,73.6735574124886,74.1955445544555,77.4883867449033,81.1542678033173,79.719387755102,83.6492203052422,86.8323863636364,86.4458732057416
"Aransas","TX","Corpus Christi","48","007",838,138.942307692308,136.468472881006,133.928571428571,138.942307692308,140,134.768014222977,138.942307692308,143.449155243864,142.915053812408,138.942307692308,131.26909504707,132.148760330579,133.222222222222,127.606382978723,127.367021276596,132.746337300659,126.726238830219,123.059885151764,125.668415365265,119.260584376863,117.820579559257,137.35632183908,133.582089552239,132.279411764706,134.615384615385,130.853994490358,134.615384615385,134.615384615385,134.615384615385,134.437321937322,140.776699029126,149.52380952381,149.888143176734,149.888143176734,141.41983974798,124.934210526316,124.253190413729,135.778985507246,140.30612244898,145.317545748116,151.66908563135,150.973385167464,151.420454545455,145.251055456922,152.039170506912,156.519274376417,160.990896358543,161.029411764706,161.419467787115,161.029411764706,157.515996109746,156.145833333333,158.886158886159,162.302218614719,158.373461744248,162.375,169.540816326531,163.718263718264,162.375,159.994969818913,159.994969818913,163.718263718264,171.689989235737,171.512512899897,174.116332116788,174.614305750351,174.875,174.875,174.875,179.980276134122,174.657534246575,170.089107990607,163.145539906103,171.244281485468,171.446078431373,171.875,172.301136363636,172.184531886024,168.697033898305,171.780303030303,177.405462184874,177.5,177.405462184874,181.617647058824,187.068120351589,178.823529411765,183.419117647059,177.086614173228,177.427304090685,177.427304090685,177.5,188.39615668884,193.836171938362
"Taylor","FL",,"12","123",839,,,,,,,,,,,,,,,,,,,,,,,,,,,,,,,,,,,,,,,,,,,,,,,,,,,,,,,,,,,,,,,,,,,,,,,,,,,,118.58467355679,121.259826471787,120.211960635882,112.12976022567,107.70260989011,106.923076923077,115.57268722467,121.722846441948,123.958333333333,122.84058988764,122.84058988764,121.722846441948,122.84058988764,127.993965821001,112.944756554307,122.84058988764,118.254906930247,123.958333333333
"Curry","OR","Brookings","41","015",840,201.55325443787,191.784348337746,197.347893915757,193.328278999242,187.028135974943,189.015151515152,194.174757281553,189.699883449883,178.707224334601,176.875,173.611111111111,171.088251218192,169.753086419753,171.821787682514,171.070931849791,176.71130952381,172.1875,165.080113120616,163.571428571429,162.251655629139,165.080113120616,168.369593369593,170.454545454545,167.508417508417,159.825033647376,160.771891823688,158.682058682059,157.304998792562,157.970186643176,157.926829268293,154.513888888889,156.25,161.662817551963,160.351921501221,162.184189079055,162.184189079055,161.923454367026,164.692946982373,167.508417508417,176.931690929451,173.089015151515,169.991429723735,173.556947555058,176.863012718276,179.095556021219,181.995059498513,191.647863765968,193.159866597367,192.147435897436,194.635025062657,191.50641025641,191.465303137394,192.997043886146,191.465303137394,189.738095238095,182.164634146341,179.097974543865,181.310999820683,194.274028629857,190.47619047619,185.901434809732,192.764222795494,188.095238095238,193.665919282511,194.627192982456,189.928853152537,194.59620518688,200.396825396825,195.238095238095,200.573065902579,201.646090534979,205.794556171467,193.813751001178,199.414715719064,200.240384615385,204.202586206897,195.473251028807,193.90402075227,213.696659732703,213.590436865807,212.350139405204,211.089527027027,213.705024523203,213.705024523203,207.045088566828,211.668377149001,212.5,228.848556262922,216.751700680272,217.006200177148,215.27133580705,219.981015662079,229.073411579492
"Rockbridge","VA",,"51","163",841,,,,,,149.37106918239,140.187224545782,134.5,130.882352941176,122.868731563422,121.681415929204,120.298265877147,122.868731563422,122.618823466122,125.994694960212,121.681415929204,128.058103975535,133.259259259259,124.724264705882,123.4375,115.48271405773,118.060661764706,135.487528344671,133.272058823529,133.272058823529,121.527777777778,121.527777777778,117.979691876751,126.952070966001,128.474790655971,135.704239907977,136.165130688327,151.871913580247,153.942301929761,149.5,136.13704736398,146.443514644351,138.772663877266,137.130096110969,139.450930548956,139.765100671141,144.63255033557,144.525407478428,136.086237356242,149.285714285714,149.5,145.859892977527,144.87572967443,142.721665172142,139.48985042735,130.149812734082,121.100164203612,120.404411764706,123.502980652531,120.404411764706,125.905797101449,122.281128326737,136.59793814433,136.643835616438,136.643835616438,137.695868945869,136.840436326738,137.037037037037,131.471755368814,139.225181598063,139.121338912134,136.50314384535,139.121338912134,128.549382716049,138.50908215448,144.487750556793,143.410852713178,138.50908215448,140.751145646543,143.410852713178,129.302325581395,140.957918050941,142.822106570913,144.487750556793,144.487750556793,144.562334217507,144.562334217507,142.785714285714,138.363028953229,138.363028953229,138.363028953229,138.764847809948,143.96105664488,149.5,147.03329335846,143.90318627451,147.271714922049,148.147435897436
"Henry","MO",,"29","083",842,,51.8018018018018,54.2642140468227,54.2642140468227,54.2642140468227,52.8601694915254,51.1675824175824,53.1731601994399,53.8751824770885,54.2642140468227,50.6944444444444,51.6954022988506,51.9805136494253,54.3545878693624,54.3545878693624,58.0362860802342,57.5408261287224,57.9598129084765,54.5040946314832,57.2248290187771,55.8193668528864,55.625457235967,60.3266125132966,58.6161879895561,58.6161879895561,57.0795680153351,54.0665434380776,55.8193668528864,60.2067183462532,63.318097509274,63.2352941176471,60.4383467661787,63.1758324631628,60.4383467661787,59.2948717948718,59.2948717948718,59.1474358974359,58.2494969818913,56.3068181818182,53.780202650039,53.6851683348499,52.5276461295419,50.3944922379718,51.5761142738205,52.4262330189294,52.4262330189294,54.0909090909091,54.0909090909091,54.1125541125541,51.7893626184324,54.759898904802,54.6446812026209,53.7735849056604,53.1642316426949,50.1536965449137,50.7629704984741,49.7776217228464,49.9058581664224,51.2463343108504,49.1294473883422,45.337591914025,45.4049135577798,44.3870864765873,48.6305538648813,48.1230234029096,46.9974991714122,47.3328476488589,52.2222222222222,52.2222222222222,51.8153784169094,51.678374897553,49.3552903035662,53.780202650039,52.046662046662,52.9490616621984,50.2342231588807,48.7630208333333,47.9807692307692,45.5216016859852,44.9090898163766,47.0291571173924,47.9807692307692,48.7630208333333,47.9807692307692,48.7557603686636,47.9204714556277,46.4059188851194,44.5963541666667,47.0779220779221,48.7012987012987,56.0526298647721,57.3453608247423,57.3905862923204
"Ogemaw","MI",,"26","129",843,94.3396226415094,92.2222222222222,90.7516666666667,86.71875,86.8149859040114,86.8149859040114,88.5416666666667,85.5555555555556,85.5555555555556,82.4361614497529,82.1933029325226,77.008547008547,79.6666666666667,73.4055711133741,77.2222222222222,77.008547008547,75.4746066941189,80.5976763368961,88.9875,88.9875,90.9623579545455,88.9773550724638,86.7579908675799,88.6688505062537,76.7948717948718,77.8917910447761,74.859287054409,72.6810904612629,73.0407523510972,72.4057928422152,66.6,67.0995670995671,77.2142276958202,71.7708333333333,68.4790194794055,63.974358974359,61.7388918159466,67.9802955665025,80.1767676767677,80.3402646502836,82.1794781195343,80.2102392770134,73.1707317073171,69.3374422187981,70.7242766649546,71.3272946859903,70.1871657754011,69.3374422187981,69.7623039970996,70.5434782608696,67.7083333333333,71.7326388888889,67.6470588235294,66.8189601069635,66.6979166666667,67.730614973262,72.7272727272727,71.0164141414141,66.8402777777778,64.7727272727273,57.4399038461538,63.9423076923077,64.6129261363636,65.0607337161856,65.9081196581197,70.5128205128205,69.8057692307692,68.0598574237955,78.6559620865646,74.1071428571429,70.0934579439252,69.3055555555556,72.5343406593407,80.1282051282051,83.1444597069597,90.0023448773449,79.2063492063492,73.4966422466423,73.9777432712215,70.8884688090737,68.75,65.4392911010558,68.75,77.3809523809524,74.4925213675214,73.3652241297091,82.8571428571429,82.2202380952381,82.2202380952381,87.3711340206186,83.0431547619048,84.3482905982906,81.0961968680089
"Labette","KS","Parsons","20","099",844,,,,,,,,,,,,,,,,,,,,,,,,,,,,,,,,,,,,,,,,,,,,,,,,,,,,,,,,,,,,,,,,,,,,,,,,,,,,,,,,35.5153203342618,33.936170212766,34.6764184397163,36.2864077669903,36.2864077669903,35.4659935004643,36.3533385076881,38.8349514563107,40.5699177438308,41.304347826087,39.4121744138087,39.1219092256923,41.3899962626137,37.6853229971442
"Vilas","WI",,"55","125",845,157.653583617747,157.653583617747,161.595891310055,157.653583617747,174.496644295302,177.666666666667,178.111587982833,179.6875,184.673913043478,188.681341719078,181.159420289855,177.517543859649,169.9,167.915499533147,166.611111111111,167.279411764706,169.9,178.319482833867,180.596761658031,180.163679245283,179.187817258883,177.667140825036,177.667140825036,175.900809716599,166.027770678933,166.029900332226,174.230769230769,173.691860465116,174.153083107733,179.489275698016,177.522349936143,176.104972375691,174.875,169.383962264151,165.140415140415,164.096916299559,158.369408369408,164.364035087719,161.780099209686,175.095695970696,174.360724303747,174.283935242839,173.052631578947,174.283935242839,167.66798448235,173.580786026201,166.505791505792,166.505791505792,175.350877192982,173.035952063915,177.929487179487,179.166666666667,187.936941410129,186.393081761006,189.431486880466,180.909090909091,179.954545454545,177.485795454545,175.882352941176,175.831801470588,177.707006369427,174.467492260062,177.707006369427,185.333333333333,188.858695652174,191.025641025641,190.47619047619,190.47619047619,190.47619047619,188.825910931174,187.455357142857,187.641402714932,178.482142857143,175.490196078431,175.882352941176,173.344017094017,180,182.150101419878,181.414267834793,185.037037037037,187.333333333333,185.093167701863,185.093167701863,184.51053283767,188.334612206351,187.715736040609,179.166666666667,181.335912635656,186.875,188.516096037898,189.092128801431,187.715736040609,188.151041666667
"Blaine","ID","Hailey","16","013",846,,,,,,,357.26560536238,340.418287937743,370.60546875,372.281901041667,332.066673274552,302.042312526184,302.042312526184,297.565374211001,297.565374211001,297.565374211001,292.410010334438,272.636363636364,260.595130748422,260.595130748422,253.940455341506,260.595130748422,263.636363636364,267.61744966443,263.976772126552,255.586295836679,267.807840971839,267.61744966443,267.832491914491,269.420445605754,269.049224544842,274.803149606299,280.196629213483,274.803149606299,280.952380952381,295.14115535248,280.952380952381,280.196629213483,282.225913621262,282.225913621262,278.34008097166,286.460674157303,292.785234899329,296.651292010573,301.994524911258,296.651292010573,301.7578125,305.913932558669,315.040577544242,303.336703741153,303.336703741153,296.139493824034,292.785234899329,286.936529269588,290.697674418605,303.155761436016,313.766596785465,306.666666666667,312.457238569746,315.897698527244,309.940359876242,307.765509397212,307.765509397212,312.058000187839,303.194715748075,311.594202898551,311.816192560175,314.239541021953,317.079748736856,316.521918941274,314.130434782609,318.32,300.201816347124,300.776196636481,311.067595010154,292.085427135678,299.727305366699,300.776196636481,299.727305366699,313.997477931904,303.254340356457,300.776196636481,296.943730569948,302.22562249619,311.244979919679,305.732484076433,316.249486434958,327.180799220273,328.066259398496,314.640147086956,325.09116893357,310.613437195716,299.599198396794
"Mercer","KY",,"21","167",847,,,,,,,,,,,,,,,,,,,,,,,,,,,,,,,,,,,,,,,,,,,,,,,,,,,,,,,,,,,,,,,,,,,,,,,,,,,,,,87.7777777777778,88.1746031746032,93.562874251497,95.4790680640072,95.1967592592593,88.3195612980769,78.125,80.8823529411765,79.1666666666667,75.3339596106094,74.5366639806608,77.2619047619048,79.5036764705882,84.6654825340438,82.9500820096685,75
"Teton","WY","Jackson","56","039",848,,,,,,,,,,410.187592867756,437.719298245614,425.109649122807,455.838815789474,474.158653846154,455.838815789474,435.554407713499,416.666666666667,416.666666666667,418.71921182266,421.413177339901,417.808219178082,416.423640839041,408.866995073892,383.70253164557,405.172413793103,466.346153846154,476.520415858651,486.694677871148,407.378207916485,394.204353338969,402.155887230514,409.35486888883,406.698564593301,417.679837892604,434.210526315789,437.250996015936,454.427083333333,454.481792717087,435.730761165863,445.839039674635,398.550864464341,401.717557251908,437.250996015936,449.713541666667,454.481792717087,454.481792717087,454.022988505747,442.922938871186,454.022988505747,462.4,454.022988505747,439.049586776859,460.07323943662,468.75,481.651376146789,537.648039553869,538.116591928251,486.453201970443,467.96875,459.945913461538,493.273542600897,517.241379310345,525.287356321839,467.96875,528.181758357463,523.854961832061,519.80198019802,499.996330005872,489.082572041538,494.950495049505,513.639906469213,518.261904761905,542.884990253411,537.351586035797,535.347985347985,515.625,514.888337468983,537.866666666667,558.961851782924,575.787401574803,581.091511577081,568,589.133458545818,577.197810789679,586.395621579359,634.46334200151,591.911046083797,583.945359809287,581.495098039216,537.459283387622,536.062452399086,583.945359809287,591.074681238616
"Putnam","GA",,"13","237",849,191.40625,199.666666666667,173.157162726008,173.157162726008,187.169312169312,185.092592592593,181.898148148148,187.334656084656,192.12962962963,187.5,201.298701298701,195.3125,181.688311688312,179.933333333333,182.891125343092,189.647696476965,189.647696476965,183.333333333333,186.516853932584,186.313982521848,185.333333333333,181.875,180.175,180.175,185.333333333333,185.333333333333,174.661282810017,176.912337662338,165.869565217391,160.927617709065,163.302197802198,160.763888888889,166.268115942029,173.541666666667,158.623188405797,157.528627169931,165.869565217391,165.869565217391,162.547425474255,166.666666666667,165.47619047619,164.285714285714,168.539325842697,164.995,168.539325842697,168.539325842697,164.285714285714,165.351812366738,165.351812366738,166.417910447761,160.868428537965,154.780766200302,150.096899224806,150.048449612403,152.439024390244,157.508878346697,158.046380885453,151.439393939394,148.829787234043,148.829787234043,149.769585253456,150,148.829787234043,153.972868217054,152.439024390244,151.219512195122,151.007194244604,148.829787234043,148.829787234043,149.577671196376,156.606142951252,154.826388888889,158.00395256917,162.011556799337,171.380952380952,171.203703703704,171.712962962963,170.85530807305,170.506912442396,167.944785276074,167.508417508417,166.666666666667,166.666666666667,166.502624671916,166.172316384181,157.306967984934,160.169491525424,157.306967984934,168.134637188209,177.165109464839,177.521008403361,164.777777777778,180.348201438849
"Crook","OR","Prineville","41","013",850,,,,,,,,,,,,,,,,,,,,,,,,,,,,,,,,,,,,,,,,,,,,,,,,,,,,,,,,,,,,,,,,,,,,,,,,,,148.645182927431,141.877998629198,140.383443759043,141.877998629198,157.48031496063,154.451847365233,163.352272727273,177.416656941689,179.075738125802,201.26582278481,183.500744047619,180.555555555556,186.011904761905,180.989583333333,175.798515981735,192.824074074074,197.23336875794,196.643518518519,185.087719298246,184.901679554336
"Pacific","WA",,"53","049",851,136.546314584901,131.57719017094,136.546314584901,140.461467718804,138.544018058691,138.544018058691,142.031486504333,142.031486504333,143.939393939394,143.939393939394,142.515923566879,142.515923566879,133.063779239766,128.548916361416,122.596153846154,111.816077441077,113.215488215488,111.631944444444,110.626680107527,113.215488215488,118.559322033898,130.143229166667,120.442708333333,125,120.442708333333,120.108572211779,108.312146892655,120.445344129555,120.10989010989,128.357030015798,132.091346153846,129.931438984507,135.25641025641,126.405410168297,127.659574468085,127.659574468085,126.077812828601,128.791830390909,125.191039995006,132.521216659535,121.347308127161,134.929612870789,135.544802219006,125.651041666667,132.211538461538,127.777777777778,127.039930555556,128.457150551455,128.457150551455,135.497019344389,129.034961685824,127.79552715655,126.879182952294,126.712328767123,126.217053764824,125.595238095238,124.229473684211,125.240800865801,126.126757773817,124.814814814815,123.261205564142,121.215740204594,117.17698044749,120.194384449244,115.846166095242,116.187989556136,126.030437964021,125.728155339806,124.434389140271,127.688787185355,128.90625,123.366725837932,126.761841248178,124.674739434609,125.728155339806,130.930098651435,134.939356207342,135.25641025641,135.544802219006,142.70211611503,145.454545454545,144.38025210084,140,138.392857142857,131.655457775461,137.032897457102,143.229166666667,142.420683551198,141.354771246287,143.320009689922,145.911214953271,144.432548179872,144.570707070707
"Adams","WI",,"55","001",852,,,,,,,,,,,,,,,,,,,,,,,,,,,,,,,,,,,,,,,,,,,,,,,,,,,,,,,,,,,,,,,,,,,,,,,,87.7561274509804,87.8154069767442,88.2558139534884,94.7770700636943,99.3333333333333,96.7245657568238,96.4872828784119,91.3721593968767,93.625,87.6475,86.3057324840764,87.92,85.9385805277525,86.3057324840764,96.4872828784119,97.7495107632094,96.7245657568238,97.0052083333333,95.7680084745763,89.9,89.6153846153846,89.6381578947368
"Fulton","IN",,"18","049",853,,,,,,,,,,,,,,,,,,,,,,,,,,,,,,,,,,,,,,,,,,,,,,,,,,,,,,,,,,,,,,,,,,,,,,,,,,,,,89.0750517598344,89.6739130434783,89.0750517598344,84.0950639853748,84.2013888888889,81.0503978365197,74.7657052379322,74.7657052379322,77.6965265082267,85.2229651868025,87.1037522238396,81.3680781758958,81.5888009927098,91.2251439037153,87.5486381322957,89.9052714471002,92.8725701943845
"Morgan","MO",,"29","141",854,,,,,,,,,,,,,,,,,,,,,,,,,,,,,,,,,,,,,,,,,,,,,,,,,,,,,,,,,,,,,,,,,,,,,,,,,,,,,114.136155606407,106.1875,115.9,114.285714285714,110.156971375808,105.575117370892,105.575117370892,97.7433605720123,90.7648809523809,94.6428571428571,106.1875,96.7857142857143,98.7279049550855,99.1666666666667,98.7279049550855,102.756944444444,97.6198006412633
"Lincoln","NM",,"35","027",855,128.417995557885,125.657142857143,129.452054794521,129.504504504504,129.504504504504,129.504504504504,130.684145841868,130.800280373099,129.452054794521,129.309360730594,129.504504504504,124.996875,124.99375,128.05703113472,126.121212121212,125.881168177241,125.428571428571,125.967269481879,125.881168177241,125.654869802906,129.62682038835,121.440972222222,122.599704579025,124.988,122.83950617284,122.879763821793,125.424512987013,123.0045995671,117.282828282828,118.991978609626,119.791666666667,120.481927710843,120.833333333333,121.292884199134,121.752435064935,117.986947791165,118.819776714514,116.913580246914,115.740740740741,116.875,116.875,116.583333333333,116.393442622951,116.25,114.437426122931,116.25,115.159574468085,112.368815592204,112.972042204704,112.972042204704,112.235995097689,114.940898345154,117.788461538462,117.050540123457,119.949494949495,119.791666666667,119.791666666667,116.913580246914,118.022328548644,118.333333333333,119,117.521802572195,119.02390438247,119.791666666667,119.791666666667,119.572048481221,115.740740740741,113.636363636364,114.342622310977,114.268066707844,117.259192420483,117.497665006227,115.943287037037,115.740740740741,118.219832735962,117.722602739726,117.451139514438,119.648103632479,119.512195121951,116.09375,119.414183543603,115,113.589015151515,117.1875,118.028846153846,115,117.1875,120.721271393643,119.9,122.912621359223,122.969468574348,120.178802153432,119.270833333333
"Hubbard","MN",,"27","057",856,,,,,,,,,,,,,,,,,,,,,,,,,,,,,,,,,,,,,,119.601328903654,123.175355450237,119.408945686901,119.408945686901,115.049342105263,116.129032258065,120.156206830595,136.097883597884,137.065813528336,145.3125,145.3125,140.833333333333,144.725932378371,133.75338066261,144.991093078764,150.646551724138,149.065018315018,142.169500476998,133.237288135593,129.314041881813,131.022375215146,127.436282499915,125.39075913662,123.706434428984,107.034545204475,124.886363636364,122.459165154265,123.865564582476,123.579545454545,123.522458628842,129.560810810811,140.562248995984,143.92,140.539670513996,127.551006920763,133.019541979066,133.019541979066,128.330770394272,130.331753554502,119.663382594417,122.300287356322,129.033849541437,145.625,143.49132176235,145.807756612093,135.943209103247,135.943209103247,123.209169054441,136.355476956626,135.943209103247,143.49132176235,143.715341959335,143.715341959335,149.352589641434,141.894141886624,137.624466571835
"McIntosh","OK",,"40","091",857,,,,,,,,,,,,,,,,,,,,,,,,,,,,,,,,,,,,,,,,,,,,,,,,,,,,,,,,,,,,,,,,,,,,,,,,,82.1225649350649,86.3829463533377,79.9,76.9672619047619,81.2928082191781,81.7782951289398,78.7063632346443,73.9087301587302,74.9166666666667,71.575,69.7211267605634,73.7028301886792,69.9,74.829589093702,77.0676691729323,78.3839779005525,82.9205069124424,83.4958217270195,74.9039938556068,78.9835164835165,79.0750915750916
"Plumas","CA",,"06","063",858,297.619047619048,245.457650273224,235.58648111332,223.65185387132,235.294117647059,242.297687204653,244.791666666667,242.297687204653,205.329136293351,206.333333333333,204.21802518224,199.014705882353,203.333333333333,207.5,207.5,174.176587301587,178.889997581035,174.603174603175,174.603174603175,165.555555555556,173.832083333333,172.666666666667,158.119658119658,172.055631203994,168.67266591676,159.821428571429,164.0625,160.15625,160.15625,165.834066901408,138.541666666667,140.861263435821,141.98575905677,147.702147016012,152.49433106576,153.185150029004,144.183949504058,156.25,156.237449799197,158.130939809926,163.307327001357,170.076726342711,165.926748057714,167.095115681234,167.009249743063,168.361850377637,169.33991363356,181.714285714286,169.322344322344,169.991533580265,173.174384141048,177.910052910053,175.519244529808,173.078220782634,165.436442236939,166.115810359231,156.459027007029,157.951253984133,153.450540014984,149.597226266744,143.020240527263,144.41103723056,144.671433435478,165.814151747656,171.561604584527,173.763736263736,167.408421773365,163.36765972229,163.36765972229,157.959073210762,159.920634920635,159.920634920635,152.292341551473,153.89069142985,161.867779656241,164.059925745446,166.702068065032,166.287675606641,166.666666666667,166.315453384419,167.047184170472,173.644810977826,169.230769230769,166.113373443882,163.308582975175,165.0988938607,165.639445300462,164.558342420938,176.281517094017,182.726269315673,185.397876089338,185.72695035461,186.951710471423
"Langlade","WI",,"55","067",859,,,,,,110.386740331492,103.866666666667,101.648930464895,102.682648401826,93.7119451115557,102.682648401826,99.3537515943176,91.0043638841189,99.3005126811702,104.309392265193,101.559855669445,90.0711477987421,100.423305413552,115.955043859649,111.647727272727,114.099116161616,119.118055555556,113.555194805195,113.555194805195,110.296115921116,113.555194805195,109.64096749811,113.555194805195,108.319615912209,114.023319615912,114.023319615912,131.473684210526,138.687514806918,114.862890745899,114.862890745899,110.389045147054,111.801169590643,119.284035409035,134.146341463415,134.146341463415,134.146341463415,141.310395953253,142.896934414792,138.416553056124,135.915474782235,136.654478976234,136.654478976234,138.036809815951,141.72335600907,144.070512820513,136.654478976234,123.968867818881,121.458773784355,121.458773784355,121.428571428571,120.841291061879,117.41452991453,114.331210191083,114.331210191083,117.41452991453,116.372366790582,114.331210191083,114.331210191083,114.331210191083,117.052045177045,120.439471243043,117.41452991453,117.707264957265,126.643835616438,122.613636363636,113.755913204443,113.569518716578,113.942307692308,112.309948979592,116.391148325359,117.522727272727,117.045454545455,121.321954484605,120.421686746988,118.4199875467,112.122448979592,112.122448979592,112.244897959184,95.5325382709776,95.5980435749222,94.8317307692308,94.8317307692308,95.5980435749222,103.428571428571,106.112269725408,122.222222222222,128.735632183908,145.348837209302
"Dickinson","KS",,"20","041",860,,,,,,,,,,,,,,,,,,,,,,,,,,,,,,,,,,,,,,,,,,,,,,,,,,,,,,,,,,,,,,,,,,,,,,,,,,,71.8024736469129,67.4677144249513,66.3129827824531,65.1555753750457,65.4269972451791,65.4269972451791,65.8472344161545,65.2655819559229,66.0982406643019,65.1427439056084,64.3682216609716,65.2063608968448,70.6642066420664,67.1611735848405,60.077519379845,63.0787037037037,64.7170681612477,64.2103479858328,59.8669078957494
"Benton","MO",,"29","015",861,80.4924242424242,80.697601010101,81.5030494054941,84.0144230769231,83.7086729163321,83.6111111111111,80.4924242424242,78.0208333333333,77.8200692041522,70.2532822757112,68.8044871794872,68.1089743589744,73.5549305555556,75.6404006410256,75.6404006410256,76.2820512820513,78.8571428571429,78.7045277127244,81.530612244898,82.2916666666667,82.2266769185706,83.2291666666667,81.0555697857427,83.2291666666667,83.0078125,82.1616871704745,76.593137254902,76.6017833513774,77.9480384990253,75.1623575810692,76.6104294478528,79.949452401011,81.2130177514793,73.8501454792063,72.1221178721646,72.3270440251572,72.0697069706971,73.0769230769231,74.4047619047619,77.3993808049536,73.9259259259259,78.3187134502924,79.1798245614035,72.3958333333333,68.543956043956,72.6166474654378,68.133535660091,67.8201431675793,69.0382490437739,69.1799273687686,69.206008583691,69.5052550308827,73.0416544548652,73.6607142857143,74.8333333333333,76.6319444444444,73.6607142857143,69.6652719665272,63.006300630063,69.4854137610414,69.0758928571429,67.3076923076923,69.9,74.0191804707934,69.4085288404065,69.6652719665272,75.4752851711027,71.0227272727273,71.2678571428571,71.25,71.9649561952441,73.7556898520675,74.227278930131,75.0118867381539,79.949452401011,75.7879656160459,73.0520833333333,72.8125,71.8477390956383,71.5223097112861,73.882526782416,68.4788238094625,68.2339449541284,66.2405303030303,70.178060168356,74.859022556391,74.3055555555556,76.0152284263959,75.4408060453401,79.3829365079365,77.1391034854474,77.5880165289256,77.913671875
"Green Lake","WI",,"55","047",862,,,,,,,,,,,,,,,,,,,,,,,,,,,,,,,,,,,,,,,,,,,,,,,,,,,,,,,,,,,,,,,,,,,,,,156.533714439785,158.779264214047,152.611708232042,150.935251798561,158.779264214047,144.709030100334,160.367085765604,165.267175572519,162.302158273381,152.783663083554,152.959183673469,151.513101347154,150.283663083554,147.959183673469,141.946739654341,154.288164665523,154.288164665523,153.448153579581,137.794173772435,135.12012012012,138.157886147017,131.944444444444,132.723103538321,128.125
"Bristol City","VA","Kingsport","51","520",863,,,,,,,,,,,,,,,,,,,,,,,,,,,,,,,,,,,,,,,,,,,,,,,,,,,,,,,,,,,,,,,,,,,,,,,,,,,,73.6457449066214,73.6457449066214,72.3345588235294,70.182841068917,68.3284147541117,70.182841068917,61.2903225806452,66.8073136427567,65.2006172839506,65.2006172839506,61.7168162422365,64.438543936093,63.6764705882353,61.8081180811808,58.9508196721311,60.1118652589241,65.3379445914168,63.7860082304527
"Yancey","NC",,"37","199",864,155,157.181818181818,159.821428571429,158.729464285714,155.405405405405,151.875359370162,149.908333333333,144.412191582003,146.89267554984,144.372762457668,148.055555555556,148.055555555556,147.529650436954,147.003745318352,141.118599525263,140.404659717964,140.833333333333,137.548437096358,138.950892857143,139.677776287554,140.404659717964,138.950892857143,142.767857142857,140.404659717964,139.677776287554,138.458425618309,134.331797235023,133.989506266043,133.962013194297,135.58106169297,133.207113533885,126.37828668363,124.916666666667,128.428571428571,130.815709969789,131.759656652361,132.203268665369,132.674980955435,142.400159235254,142.56837098692,136.623067776457,136.623067776457,141.176470588235,143.05408271474,135.869565217391,143.487179487179,141.176470588235,142.139037433155,141.657754010695,144.790930246259,131.779707741411,131.218088986142,130.30303030303,126.667171445237,131.218088986142,131.218088986142,132.916032931781,133.214285714286,131.218088986142,129.791666666667,129.375,119.195411531047,132.916032931781,141.148775894539,143.822393822394,143.822393822394,145.833333333333,147.527472527473,147.527472527473,148.985042735043,155.228758169935,149.051218267636,140.487089201878,140.140845070423,141.320422535211,142.97385620915,144.123931623932,144.123931623932,146.379126730564,148.761015040085,148.761015040085,147.866560657258,147.405900305188,145.80598103574,145.90103739287,145.026006898086,137.740114103269,145.99609375,153.952132936508,147.405900305188,145.408953630659,145.733251654583,147.099567099567
"Chaffee","CO",,"08","015",865,,,197.345974977779,187.449401871826,173.553240740741,182.164399104809,181.761006289308,184.259259259259,193.36658898625,193.36658898625,195.658362989324,211.056644880174,200.606626224918,212.986945552508,211.885875021349,217.5,217.805151175812,218.348817567568,220.243673851921,221.47001934236,220.856846597141,219.603635676447,218.658673148882,214.802469894323,217.805151175812,217.075652510983,215.572502210433,220.243673851921,214.798850574713,200.311942959002,200,198.017611510404,198.017611510404,197.194831522595,196.564244038559,196.296296296296,200.910174353321,216.346153846154,216.346153846154,216.835791020574,207.153502235469,210.982963780974,214.69465648855,213.21467518305,220.282626766417,212.522637041165,212.04356268559,206.513409961686,206.513409961686,203.769230769231,207.041420118343,215.815938557469,209.923664122137,211.565605645974,225.922639729971,222.567287784679,224.264238494788,231.481481481481,226.890830746552,218.135245901639,225.308641975309,209.923664122137,210.340318116846,215.631069774391,222.442680776014,233.125,238.540706060391,236.486486486486,238.540706060391,239.771021021021,254.587155963303,254.587155963303,254.587155963303,254.587155963303,268.621236133122,260.878742816816,245.633187772926,249.935237954259,246.51451055313,248.125396965303,276.291512915129,255.642690502291,245.192307692308,243.715465607231,243.715465607231,242.504409171076,245.265151515152,245.192307692308,254.581151832461,268.75,256.830601092896,256.830601092896,255.417956656347
"Avery","NC",,"37","011",866,181.039231211091,176.854833161335,171.814839572193,167.597765363129,169.9,170.85827216262,171.933085501859,170.807453416149,167.10875331565,168.298882681564,166.049382716049,160.37037037037,166.049382716049,159.9,161.435185185185,170.462850182704,175.166051336146,162.613636363636,162.082514734774,162.082514734774,159.091291108404,144.927536231884,131.557450467558,136.683442207706,129.294895518989,132.037757769387,136.119868291999,127.777777777778,129.10284463895,127.795538505257,124.886363636364,124.5,130.305755395683,126.107744107744,124.958333333333,120.693211752786,117.206703910615,110.479797979798,108.888888888889,111.089695858869,116.135365735418,116.279069767442,110.560984374276,117.037037037037,117,112.247191011236,117.529411764706,121.652173913043,120.296129982306,117.401069518717,122.232142857143,120.950265172553,122.171626984127,127.444271504222,123.48922753547,122.544642857143,123.620309050773,123.151408450704,125.041607015032,129.798308392973,127.816627816628,124.875,124.08940397351,127.816627816628,129.46062992126,136.127344521224,133.683348153181,138.707595870206,138.196428571429,133.118969318618,129,115.027829313544,114.875,114.875,125.36165176223,120.37037037037,120.437378167641,120.118518518519,118.956698017585,116.25,117.365771812081,116.973383063491,116.914893617021,117.03187250996,116.102437550363,115.336916081025,113.980253102647,115.954875100725,120.652173913043,123.761261261261,119.080418200947,120.056497175141,121.065375302663
"Morgan","WV",,"54","065",867,,,,,,,,,,,,,,,,,,,,,,,,,,,,,,,,,,,,,,,,,,,,,,,,,,,,,,,,,,,,,,,,,,,,,,,,,,,,,,122.547169811321,122.037473794549,122.547169811321,123.873873873874,120.089128327164,120.089128327164,117.701247165533,105.637598810797,111.538461538462,118.055555555556,106.713598901099,104.060385216033,100.189046823496,101.769911504425,108.267716535433,105.96546310832
"Piscataquis","ME",,"23","021",868,122.447503028671,128.718535469108,106,115.982142857143,104.591836734694,106,106.25,110.771528520248,106,110.771528520248,117.784926470588,111.61265780831,109.549771729185,104.348451597171,109.73597359736,109.73597359736,117.562441643324,114.997120567773,123.103744939271,120.320855614973,120.135175282234,116.753246753247,119.949494949495,120.525743957749,110.972222222222,110.173611111111,118.75,130,124.787107594112,118.75,119.791666666667,115.584415584416,119.791666666667,115.584415584416,114.95,119.372391174717,106.534482758621,110.852361111111,113.278318903319,127.222222222222,115.584415584416,117.08707958708,117.419871794872,106.340277777778,104.761904761905,105.5375,100.183823529412,99.4166666666667,101.5625,100.029411764706,99.3561046511628,101.5625,92.9315476190476,105.315308044122,110.376373626374,99.7727272727273,104.166666666667,111.747767857143,116.030383548983,111.495535714286,100.104166666667,103.125,111.25,105.769230769231,111.25,125,119.886909440224,117.274060880829,114.369426527088,116.493955094991,110.443622920518,116.0125,117.274060880829,118.054166666667,117.274060880829,115.625,115.178571428571,115.282738095238,121.621621621622,130.915407854985,131.20331796258,132.8125,131.20331796258,132.151864035088,130.915407854985,129,129,131.491228070175,132.857142857143,133.386752136752,133.333333333333,129.68217381056,142.156862745098
"Westmoreland","VA",,"51","193",869,,,,,,,,,,,,169,163.448831613352,155.909090909091,156.200941915228,183.484756421014,176.788161993769,185.746398767337,172.897196261682,167.670454545455,172.897196261682,174.167896376455,172.897196261682,171.202386009629,172.897196261682,168.224299065421,175.490196078431,158.25,146.694976076555,143.60632183908,141.202651515152,127.181818181818,130.04765625,129.9,129.238505747126,129.238505747126,132.102272727273,134.603515625,139.546728971963,153.75,147.429906542056,138.828947368421,131.666666666667,130.851870888158,131.581688596491,131.496710526316,129.603515625,129.603515625,130.936848958333,138.157894736842,142.225175752489,165.745856353591,186.955494951652,193.107830249098,183.098223615465,182.863113897597,172.381920387709,168.904593639576,168.504020957719,183.200398803589,183.823529411765,186.451612903226,171.818181818182,182.211042311662,182.211042311662,174.496914849856,186.451612903226,168.367346938776,172.513751594388,183.846665084263,185.966057441253,168.367346938776,163.246732026144,164.153336773306,173.611111111111,173.524305555556,162.01171875,154.695562435501,164.766513560805,164.732142857143,164.732142857143,165.368552036199,160.491071428571,150,164.732142857143,166.207637474542,155.599547511312,161.583333333333,174.221668742217,175.747198007472,166.50701754386,183.442511552052,180.969013318837
"Van Buren","AR",,"05","141",870,,,65.9961685823755,68.0681818181818,68.5733976567884,68.0681818181818,69.676629517055,67.1950379048932,67.6316098615375,68.7563131313131,67.6316098615375,65.9722222222222,65.6090768379072,65.644383184011,64.0368852459016,64.0368852459016,60.8830845771144,61.7283950617284,61.0964424680378,61.7283950617284,61.1680327868852,61.4493405945015,61.7283950617284,61.5458504098361,59.2362497349756,58.5287846481876,58.2947495562103,58.0989330746848,57.9941386684899,57.9395174919723,58.5287846481876,58.1395348837209,58.0989330746848,56.1342592592593,58.0989330746848,60.6770833333333,58.5287846481876,59.9823075699746,58.8104325699746,58.3333333333333,58.0501618122977,60.4297224709042,54.1202672605791,53.4696867990635,52.590753187018,53.3980582524272,54.1707111015243,54.1707111015243,55.1770050125313,53.7909836065574,53.3234542926223,58.1553398058252,67.8952724515065,65.2925891406853,62.9417858764759,53.8856304985337,53.6257833482543,54.1894913084964,54.8543689320388,54.6257345824662,54.6257345824662,54.4982698961938,57.1024801871077,54.6322387321136,53.9789077828646,50.360989466209,49.671592775041,49.2470252153767,50.3018108651912,51.3592233009709,53.2248843782117,56.3106796116505,53.4821428571429,53.6863560922379,52.9676258992806,50.4464285714286,50.3018108651912,50.391281512605,50.7172131147541,49.0176948315761,48.7963565387118,48.4314015745532,48.2356995175741,46.8873480243161,47.4485228290063,47.5563321215738,47.4485228290063,47.6641414141414,46.5425531914894,49.2549217918616,47.4485228290063,46.2652450210605,48.6590214948424
"Sharp","AR",,"05","135",871,55.7935767590618,55.8959434552789,56.0291371648615,52.2959183673469,52.2959183673469,55.8959434552789,59.6527777777778,64.0748740100792,64.044705968977,54.3032786885246,54.8599726775956,47.0360440869824,49.7076023391813,47.0360440869824,50.1389907135875,50.3787878787879,49.679498380746,43.552036199095,49.1898148148148,50.6410256410256,53.4644876627827,49.160447761194,49.160447761194,49.1898148148148,47.2222222222222,47.7403846153846,47.7403846153846,47.3611111111111,45.5440637793579,44.969512195122,44.969512195122,45.0526294007284,45.5440637793579,46.7032967032967,49.6919381787803,43.552036199095,43.1390977443609,43.552036199095,43.6510180995475,50.2877697841727,47.2222222222222,44.6284562211982,45.946106362773,47.1033971958502,48.9885079042657,48.8165680473373,47.1596022318215,45.5729166666667,44.5535714285714,44.4619002181025,44.5535714285714,44.2833287895311,46.167575508151,46.379781420765,47.4954462659381,46.1218760045002,44.4619002181025,47.4093264248705,45.9319852941177,44.3702290076336,42.8733031674208,43.770202020202,43.3669271904566,42.8652230122818,42.1830985915493,42.1421627927072,42.1830985915493,42.8652230122818,42.9858728797408,41.5178571428571,42.8932178932179,42.101226993865,42.4448442661633,42.101226993865,40.8709867185556,40.938864628821,42.9858728797408,43.362556561086,43.1730769230769,42.9292929292929,43.552036199095,46.7161260639521,48.406862745098,48.4658537327975,48.406862745098,43.9967105263158,45.9284123889136,48.827177191947,49.3922643379165,49.8187193217314,44.1964285714286,44.1964285714286,44.2336309523809
"Pitkin","CO","Glenwood Springs","08","097",872,,,,,,,,,,,,,,,,,,,,,,,,,,,,,,,,,,,,,,,,,,,,,,,,,,,,,,,,,,,,,,,,,,,,873.940842159649,860.38961038961,860.38961038961,810.810810810811,809.876950120853,810.810810810811,794.612246499039,791.571753986333,732.407407407407,740.318906605923,750.501002004008,830.790775668281,834.075723830735,838.393214990538,842.710706150342,743.548711755233,762.820512820513,763.888888888889,739.814814814815,739.768518518518,732.387706855792,731.463339246358,737.962962962963,739.722222222222,754.419191919192,808.456198665677
"Dickinson","IA","Spirit Lake","19","059",873,,,,,,,,,,,,,,,,,,,,,,,,,,,,,,,,,,,,,,,,,,,,,,,,,,,,,,,,,,,,,,,,,,,182.516957509114,165.590195725201,156.25,144.090368734882,148.214285714286,144.090368734882,145.080757557633,152.232142857143,149.916666666667,157.687253613666,179.036458333333,182.653276284183,160.369159221413,157.82714329035,154.77261111732,149.676378446115,138.830706222467,138.830706222467,133.25,149.509711779449,149.583333333333,149.916666666667,171.349206349206,175.381455399061,171.349206349206,164.855072463768,163.831967213115
"Sawyer","WI",,"55","113",874,183.731617647059,172.165178571429,178.75,172.291666666667,164.364035087719,165.833333333333,169.116763565891,168.929263565891,196.034177559913,197.964616402116,196.276595744681,199.285714285714,183.363970588235,187.63268951947,183.363970588235,192.785714285714,187.834130982368,186.170212765957,192.17032967033,192.307387057387,192.035869060517,192.785714285714,192.785714285714,197.539441747573,192.99479889043,201.875,192.785714285714,192.785714285714,198.281046225185,203.625825789087,204.776909990721,208.333333333333,203.893442622951,197.579326923077,201.602181400689,195.3125,203.893442622951,184.875699558174,186.170212765957,178.323147440795,177.688888888889,177.828571428571,178.571428571429,178.571428571429,178.571428571429,178.571428571429,177.258064516129,177.258064516129,176.384364820847,171.130952380952,171.25119047619,177.258064516129,166.101002749474,167.72227483165,168.963068181818,169.355380373303,167.72227483165,176.191008701503,175.99765258216,165.684830633284,163.690476190476,157.085714285714,163.541666666667,156.640625,157.657657657658,154.279279279279,154.639175257732,157.142857142857,161.538461538462,162.363267934247,161.956730769231,159.564393939394,161.538461538462,161.538461538462,162.674418604651,162.948779550259,160.257779567091,170.27027027027,159.402113148479,162.948779550259,144.202898550725,154.596435377685,144.202898550725,153.063063063063,148.632980806894,148.632980806894,158.638655462185,158.638655462185,167.988943488943,169.901085434174,169.901085434174,182.321081830791,174.660194174757
"Dixie","FL",,"12","029",875,,,,,,,,,,,,,,,,,,,,,,,,,,,,,,,,,,,,,,,,,,,,,,,,,,,,,,,,,,,,,,,,,,,,,,,,,142.732288752427,137.068965517241,125.640151515152,133.741258741259,121.045597484277,133.2,135.40511212925,130.588095238095,117.924528301887,116.583333333333,116.583333333333,124.916666666667,110.232354854448,110.677083333333,112.630208333333,114.583333333333,124.916666666667,125.826388888889,124.916666666667,126.612903225806,137.603448481168
"Rabun","GA",,"13","241",876,,,,,,,,,,,,,,115.746282348397,117.115196078431,123.328658536585,123.328658536585,116.583333333333,117.658834586466,111.517857142857,111.57789408867,112.607289292529,111.698612029081,113.425925925926,113.712962962963,111.128056088207,112.510303746967,116.996245941558,123.677248677249,122.767857142857,122.442852568013,115.725308641975,119.047619047619,120.582733520394,122.767857142857,123.677248677249,122.767857142857,119.149538304707,118.763557483731,122.117847993168,112.704234972678,112.704234972678,113.095238095238,107.917570498915,105.96904320033,107.351642392315,109.960769376442,109.960769376442,112.003968253968,115.856787893745,113.352272727273,120.206896551724,110.43956043956,113.456439393939,113.352272727273,113.352272727273,114.251567398119,122.694980334256,112.355271947997,114.01412275937,119.686196611344,129.581264323911,118.073878627968,130.347593582888,131.832298136646,130.347593582888,131.832298136646,128.860592532468,127.001198206555,123.308553673247,123.742416582406,133.566256425465,131.899775439131,130.347593582888,130.055531351234,133.201581027668,133.201581027668,130.234560680333,130.347593582888,130.980675098322,135.551948051948,137.084478021978,136.573863636364,135.551948051948,132.10300639393,133.711507293355,133.596837944664,131.477238191212,136.071146245059,135.85536777066,136.546184738956,138.466042780749,136.952998379254
"Park","CO","Denver","08","093",877,158.253205128205,153.833693304536,151.25,151.639344262295,155.371900826446,158.253205128205,160.304731355253,159.866220735786,160.925670762372,162.901947463768,162.308979806083,161.861074705111,160.994397759104,164.729986705484,162.092336881107,163.394958503654,162.777385020227,161.381948321856,155.19918989101,154.347826086957,153.531285276568,153.760683760684,158.083857527876,155.485878855444,153.666056166056,151.173234168406,156.623931623932,153.728991596639,153.886554621849,154.464285714286,154.04225214676,155.552850374292,155.626496408619,154.310109289617,151.607963246554,157.515151515152,150.537634408602,158.14208932475,160.545454545455,159.438775510204,159.632139399806,162.5,156.478183794185,158.211446740858,159.685863874346,162.760416666667,162.5,158.769027134348,155.789930555556,151.180393680394,148.766292584227,152.392947103275,156.986629614058,159.671532846715,160.778036273195,170.132325141777,164.835164835165,169.270833333333,170.668953687822,172.526041666667,162.6953125,164.33622456791,172.526041666667,162.475903003247,179.407176287051,186.335403726708,187.838855421687,186.88293370945,188.636363636364,189.23478482302,191.910365753649,191.923076923077,191.897654584222,191.58417126792,188.384615384615,187.198680388238,193.925472179684,189.03877197964,189.03877197964,190.287654791816,194.712430426716,208.333333333333,209.831758546196,217.032967032967,206.226406061932,217.296511627907,212.514572983023,222.133333333333,234.868421052632,229.916666666667,232.875386996904,233.192407247627,223.300970873786
"Aitkin","MN",,"27","001",878,,,,,,,,,,,,,,,,,,,,,,,,,,,154.094132817537,158.579465541491,162.889738037171,161.941425120773,179.734848484848,193.296574588685,192.923898531375,179.413052388405,192.923898531375,174.05303030303,152.960745176314,130.048076923077,143.105372588157,159.975369458128,159.199641250803,160.716851395731,169.00318287037,167.91604197901,168.390891359876,165.104166666667,160.037878787879,149.461722488038,146.638141809291,148.188709077381,148.188709077381,162.532637075718,172.42464453783,173.524305555556,168.607533670034,167.452441077441,169.797335062853,171.889343611905,171.324983520105,168.625310232913,168.367103162206,151.83993637941,178.260869565217,178.260869565217,173.885617317923,173.945147679325,185.977421271539,174.665568730786,166.020577709611,173.613380178598,168.865740740741,163.083118556701,169.603324915825,181.367759944173,181.367759944173,181.517094017094,168.294051627385,175.540540540541,181.367759944173,177.083333333333,175.651041666667,170.340909090909,168.561940937639,166.191997901136,170.564451508463,145.625,156.203986392184,156.203986392184,145.625,170.804073804772,176.245920745921,173.512747875354,158.157524613221
"Baker","OR",,"41","001",879,,,,,,,,,,,,,91.2393162393162,89.2857142857143,89.2857142857143,89.6314676212171,90.3945933843428,89.2857142857143,87.6666666666667,89.2857142857143,94.8553472936878,92.4696356275304,87.8701550387597,86.2403100775194,88.1535947712418,87.1969524243806,92.3076923076923,88.7395038167939,95.642148116569,95.7508945232095,95.796943231441,87.4899069471566,85.9854430494625,88.7859955632193,95.704845814978,100.431307375752,85.7824427480916,77.422480620155,80.6840358731034,78.0038438648481,89.7823383084577,92.5,88.1751954513149,93.6631944444444,93.0815972222222,97.6128472222222,104.77222765022,93.6631944444444,92.5,93.6631944444444,96.2143132716049,101.449275362319,101.64113462617,111.111111111111,111.379419191919,111.111111111111,106.406093906094,97.4702380952381,80.8936825885978,86.25,80.8936825885978,94.7077409162717,94.8684903411768,92.7468243876752,94.0492727569864,95.4861111111111,97.5836431226766,97.5269406089573,95.0292397660819,95.0292397660819,95.4861111111111,109.418157096092,102.912163497974,94.7077409162717,101.102941176471,101.102941176471,98.9264421527554,99.1379310344828,102.678571428571,107.02380952381,103.670376166464,105.975686498856,107.466063348416,105.157894736842,105.963078622565,99.2180460642875,104.460093896714,105.753968253968,104.460093896714,97.8141397404032,102.266033923011,101.759259259259,102.962962962963
"Greene","GA",,"13","133",880,,,,,,,,,,,,,,,,,,,,,,,,,,,,,,,,,,,,154.554499947216,153.415409482759,150.963023829088,142.644644866191,142.521994134897,136.582884061065,134.445023449713,132.341425215348,134.698275862069,135.46768767434,130.555555555556,130.555555555556,135.59537526088,138.057183502748,143.0670195265,143.695014662757,146.602083437156,134.375448671931,137.852847830484,138.544891640867,137.622222222222,141.203272478887,141.203272478887,135.920026462073,141.57196969697,143.188854489164,140.586540098668,142.537688442211,141.686131851508,142.537688442211,142.537688442211,142.537688442211,141.686131851508,144.385365853659,143.188854489164,140.834575260805,140.33850493653,145.989459894961,161.509831460674,165.857043719639,165.857043719639,163.484262821545,151.234567901235,151.564009661836,151.564009661836,146.433048433048,157.118057865084,151.397910731244,151.397910731244,154.280022915892,157.602657004831,165.606361829026,157.602657004831,158.20652173913,156.627353524093,149.735992402659,157.214186176143,143.641729921912
"Washburn","WI",,"55","129",881,166.842464862051,165.37610619469,166.842464862051,168.308823529412,165.37610619469,155.656291611185,153.06258322237,152.149321266968,141.369047619048,127.60989010989,136.385732323232,127.60989010989,120.096153846154,120.096153846154,117.330990088343,119.385874542125,133.540035421327,139.698350694444,149.785867237687,149.785867237687,152.101769911504,149.785867237687,152.101769911504,157.314814814815,147.058823529412,149.6875,149.785867237687,149.736683618844,139.079229122056,149.6875,149.690082644628,146.992054483541,149.069237147595,146.909658264097,144.166666666667,146.827262044653,149.525316455696,150.231213872832,162.197834645669,163.421052631579,158.923746812815,152.884615384615,150.231213872832,149.018518518519,147.435897435897,145.420696233614,133.266666666667,131.019417475728,136.201923076923,146.990003145385,145.817120622568,147.213054800826,150.060051380861,157.088180499675,146.761133603239,144.070221974033,144.393855351145,147.962962962963,144.671136653895,133.25,139.985486211901,155.839894895111,132.401163127973,132.5,142.470760233918,143.885869565217,141.509433962264,144.021739130435,144.538345599749,145.172806291391,144.54276596881,145.033112582781,147.608173076923,141.509433962264,150.462962962963,149.875,149.440811258278,151.696428571429,151.803075396825,152.997448979592,147.727272727273,148.055813234385,147.727272727273,153.582057823129,152.997448979592,153.582057823129,156.50839025839,154.166666666667,154.362934362934,165.865384615385,157.70202020202,156.990521327014,157.70202020202
"San Juan","WA",,"53","055",882,377.077119727311,374.039030159669,375.55807494349,368.376488582978,377.077119727311,369.812188074599,367.20970291782,372.340425531915,383.522727272727,383.317854020979,376.671735985327,358.285568897401,359.087269815853,358.373205741627,359.087269815853,353.603603603604,340.155945419103,329,329,320.960937770145,319.526627218935,311.858241816161,311.848958333333,300,294.204612655234,279.986410441932,299.426020408163,275.453872312418,299.426020408163,293.468261269549,301.952551395007,298.935104889329,306.436953207246,313.29084611977,307.75379696243,319.524019391803,321.505376344086,307.75379696243,289.093273018218,299.118544221373,306.962025316456,306.508875739645,300.510204081633,305.612714669217,306.508875739645,305.044308111793,304.900863429424,312.724014336918,312.724014336918,299.158147925436,299.459169885979,300.571557737019,300.792507204611,300.792507204611,304.83651226158,317.372881355932,322.14252703577,339.150591972278,323.467741935484,339.532871972318,339.417027958438,324.203117729176,338.491295938104,357.364822871349,351.242719343646,339.848506887635,336.609664705454,332.231142975647,331.307798027912,331.307798027912,336.740986688754,338.990241832838,334.853633449996,355.657418705714,340.004576540481,328.463080655186,319.570135746606,322.248040257423,319.077860983103,309.956562272003,313.617354939885,316.698656429942,320.502276470018,317.344210222351,320.502276470018,317.344210222351,319.156836692808,336.513885051119,318.20663964571,320.935582822086,325.44142614601,338.491295938104,354.185832566697
"Park","MT",,"30","067",883,,,,,,,,,,,,,,,,,,,,,,,,,,,,,,,,,,,,,,,,,,,,,,,,,,,,,,,,,,,,,,,209.889531825355,207.43115562602,212.058148040463,216.138328530259,205.991923730872,205.978260869565,211.068573185732,205.91571773637,206.192080876158,206.098833734169,212.567052512705,222.65625,214.317255434783,205.91571773637,205.853174603175,220.497640228877,205.978260869565,207.920792079208,206.043956043956,225.804630152456,205.64287661015,205.655595372869,201.343934811208,197.704660640707,206.043956043956,206.264775413712,197.988686360779,198.095953464904,217.845867522623,215.837835394109,254.524886877828
"Mitchell","NC",,"37","121",884,135,145.833333333333,146.842105263158,146.666666666667,146.177156177156,146.078431372549,149.101796407186,141.666666666667,135.682886557887,139.78243978244,131.583333333333,131.583333333333,129.125,120.444444444444,114.785992217899,116.163157399272,116.041254940711,116.041254940711,111.541774332472,111.455108359133,107.423053711527,113.342391304348,117.406524926686,117.540322580645,111.086800351534,111.541774332472,111.708387166236,114.926419060967,117.272727272727,114.926419060967,118.8995215311,120.833333333333,125,125.681818181818,123.010380622837,125,115.751125112511,111.568675674894,115.847750865052,123.081574318382,126.458011099991,128.168103448276,131.583333333333,126.729149959904,130.66047133139,134.027777777778,131.583333333333,123.046875,121.136363636364,118.347130242826,110.998990918264,114.166666666667,120.525215762748,120.525215762748,121.052631578947,122.83950617284,120.956779365633,119.122529964367,117.195254862508,115.447246551898,115.31007751938,125.387596899225,125.193798449612,125.387596899225,125.387596899225,125.844594594595,122.83950617284,124.110840202794,122.83950617284,123.802198227486,118.916666666667,122.83950617284,129.259652509653,129.538873288873,129.058441558442,135.601358263242,142.381656804734,142.641509433962,142.955370101597,142.987421383648,133.722928841526,133.722928841526,131.474816849817,123.209366391185,122.83950617284,123.209366391185,133.238095238095,132.00412512891,140.3683737646,135.666666666667,133.285714285714,126.207386363636,136.904761904762
"Grayson","VA",,"51","077",885,,,,,,,,,,,,,,,,,,,,,,,,,,,,,,,,,,,,,,,,,,,,,,,,,,,,,,,,,,,,,,,,,,,,,,,,,,,,,,,,113.051294632747,113.051294632747,115.307692307692,101.253616200579,97.0101781170483,100.290697674419,106.420927467301,107.142857142857,106,106,100.290697674419,108.802177858439,102.943835043209,109.539473684211
"Marquette","WI",,"55","077",886,117.143970223881,117.825311942959,118.983957219251,117.135416666667,114.515956307561,113.5,112.60162601626,112.60162601626,112.60162601626,109.736842105263,108.834780249593,102.793282412848,109.473684210526,99.7198979591837,99.328231292517,99.1666666666667,99.328231292517,101.14709851552,100.54854925776,104.253611556982,99.7198979591837,103.831351233037,94.7619047619048,90.4947916666667,91.2130042989418,95.0914511135086,95.5601092896175,99.4897959183673,108.940009854644,113.266666666667,108.478260869565,110.688333333333,112.989942353753,111.892583120205,109.752747252747,111.892583120205,113.636363636364,112.764473378284,111.154624893436,108.347924119893,110.014784946237,114.166666666667,109.612903225806,113.967948717949,106.691297208539,105.61737804878,104.859335038363,104.538461538462,103.890148618838,105.609756097561,105.61737804878,105.61737804878,109.95,112.903225806452,110.972222222222,106.260780971534,105.161290322581,103.508333333333,105.161290322581,103.508333333333,104.213978494624,105.161290322581,104.213978494624,103.716666666667,106.053240740741,105.476513098464,108.060401579987,107.5362080316,105.847457627119,107.421875,111,111.45,106.340909090909,107,110.777777777778,111,114.590163934426,114.745081967213,107.566839020637,106.2109375,106.2109375,108.333333333333,107.877604166667,110.264329738059,112.903797674652,112.901896946945,113.552188552189,115.598885793872,115.598885793872,110.07874015748,112.722727272727,110.171568627451,106.766381766382
"Carroll","IL",,"17","015",887,,,,,,,,,,,,,,,,,,,,,,,,,,,,,,,,,,,,,,,,,,,,,,,,,,,,,,,,,,,,,,,,65.0173611111111,75.1157407407407,82.3137254901961,78.311231603862,66.7870036101083,66.7870036101083,64.7222222222222,64.0060240963855,63.8317157518965,61.3346867287636,63.4331385913664,64.7222222222222,66.6548368119501,66.9973862713474,67.5138999205719,67.0206252489636,66.8052256532066,65.1988636363636,65.1032986111111,65.1032986111111,65.1032986111111,61.1358574610245,63.7352175447886,60.4848484848485,60.4848484848485,60.6239346590909,61.9604577850877,60.7319777063863,61.6902878461338,60.7630208333333
"Gunnison","CO",,"08","051",888,264.32664756447,264.32664756447,267.712456730212,272.501324183037,284.250269687163,287.929125138427,287.929125138427,288.280725979516,287.929125138427,273.90438247012,264.370267277244,261.65454210599,259.795570698467,259.795570698467,265.227021040975,263.513513513513,254.464285714286,236.692015209125,224.616634321336,230.584248736829,232.038834951456,229.700854700855,238.095238095238,228.285256410256,228.285256410256,221.581715210356,228.285256410256,223.535390456866,224.740683826354,226.145075550924,223.535390456866,214.355296053975,214.489990467112,211.86635513519,224.299794148837,218.275349364109,223.057631663894,224.262925033382,223.785166240409,225.516452901598,218.710764938386,223.587260991353,234.662576687117,232.572115384615,230.769230769231,230.769230769231,229.129662522202,234.375,229.083665338645,239.822865570747,244.360386383987,231.89611960466,223.389355742297,205.025641025641,201.436324762897,204.742438363128,196.74355495251,207.465277777778,196.74355495251,190.03807106599,197.933227344992,190.793458509994,207.966706302021,200.77519379845,208.615384615385,221.404723707665,223.713103331785,223.389355742297,223.713103331785,224.173333436097,234.375,240.458015267176,239.925977330557,251.975169300226,248.291571753986,242.849607886716,249.537037037037,257.048092868988,241.070741504556,228.442989097517,239.199020671397,249.649567450662,236.96682464455,234.375,237.940026075619,253.305971024043,259.69030969031,237.940026075619,250.902527075812,262.830845771144,268.56572210452,270.182291666667,266.949152542373
"Nelson","VA","Charlottesville","51","125",889,,,,,,,,,196.697353279632,192.151898734177,191.977401129944,186.368477103301,195.503547085826,190.336137285828,181.631016042781,182.352941176471,177.234743195239,169.738118331717,167.269439421338,166.030452009408,168.959968256767,171.414538310413,168.181818181818,158.484611371935,159.465020576132,159.465020576132,158.518518518519,158.929588929589,158.29128617861,159.475821661176,167.602495543672,171.56862745098,170.033746725606,169.270833333333,163.636363636364,162.727272727273,162.74384469697,162.260565780504,161.090233895171,161.760399562124,161.576354679803,160.539215686275,155.555555555556,161.057785183039,159,159,167.729306487696,168.500069910515,169.270833333333,169.503837719298,164.201877934272,164.094650205761,164.094650205761,163.678877630553,161.266575490404,153.512278302018,152.636363636364,152.636363636364,154.315196998124,152.969121140143,152.969121140143,152.636363636364,152.802742388253,150.117370892019,150,145.631067961165,142.227122381477,139.794837050935,141.800462202761,139.814814814815,140.598290598291,141.987654320988,143.137404580153,140.715811965812,134.770889487871,134.23645320197,133.215249754238,137.807678377399,132.194046306505,136.272727272727,130.656934306569,138.158509065442,134.375,139.671361502347,140.727699530516,159.586472459401,156.631927004855,140.901771336554,156.445672191529,143.801580112721,134.859154929577,139.671361502347,147.622103377257
"Bayfield","WI",,"55","007",890,130.078125,141.477272727273,144.751794258373,141.477272727273,148.026315789474,144.751794258373,162.068965517241,156.969696969697,161.530172413793,156.969696969697,156.25,156.25,151.603260869565,156.25,153,142.142857142857,145.217391304348,157,157,156.984848484848,155.194508009153,156.25,157.625,167.908328145616,173.564722678896,175.899887514061,176.827830188679,172.083724510398,164.91067338525,162.462980282129,160.182370820669,160.182370820669,156.471456692913,144.406880875327,151.957192666711,151.957192666711,153.165391156463,156.25,156.25,173.901098901099,156.692913385827,167.525773195876,166.015245088504,155.231072077529,158.861162575266,153.636752136752,155.231072077529,151.08822511821,153.769230769231,149.391304347826,147.952755905512,145.697689428166,153.769230769231,157.5,161.409014825442,161.409014825442,162.769308943089,164.445422535211,157.5,152.785145888594,152.785145888594,151.29811996419,154.055294837788,151.003299587896,148.590318480333,147.805678793256,147.959183673469,147.805678793256,147.805678793256,143.627488825681,139.279662738724,138.95652173913,138.462808330934,137.080867850099,135.15154503616,137.969094922737,148.077529981065,138.95652173913,138.371121535443,133.290816326531,138.773148148148,152.785145888594,148.19587628866,157.580072944297,164.9,159.045454545455,155.915300217024,138.773148148148,152.785145888594,146.189048946716,152.506209307933,142.503097893432,147.482638888889
"Grand","CO",,"08","049",891,243.316062176166,229.5546795846,241.827113213687,223.323115137059,222.332015810277,220.736196319018,226.138870149853,220.348335313659,220.736196319018,230.557467309016,225,225,225,223.109252730243,221.47920927062,217.789670221158,216.8,206.521739130435,203.713768115942,200,196.384039900249,203.713768115942,200.620475698035,200,204.084720121029,196.0569550931,203.713768115942,189.650555629937,189.969715956558,189.969715956558,189.880952380952,192.307527434842,191.906721536351,196.194225721785,194.615649064906,193.806282722513,194.925742574257,197.519157465394,196.082949308756,198.018648018648,198.591549295775,192.552323348694,191.901281682028,191.334192961165,189.146403242148,190.548780487805,188.011695906433,190.274390243902,194.388335822134,193.213058419244,191.831683168317,192.44391025641,191.831683168317,189.880952380952,189.806547619048,189.880952380952,189.066933984504,190.407275766426,199.843260188088,199.843260188088,201.551724137931,202.194357366771,199.474789915966,198.487460815047,191.487941897638,192.708333333333,194.325214460784,194.24899588558,194.509803921569,215.070448230374,219.521114762079,216.859629086581,218.75,224.097788125728,214.734950584007,207.92,212.187711495347,232.142857142857,234.520228750293,252.480347759217,253.454971067284,251.901140684411,252.584269662921,257.101428826046,262.93161023175,269.377535690318,282.051282051282,258.7890625,267.813281320601,268.817204301075,286.727605064671,285.52139201934,275.651689834382
"Mono","CA",,"06","051",892,,,,,,275.497828009072,286.835222319093,275.524634570918,269.768165216159,256.80654264214,256.80654264214,269.709543568465,287.82679975626,311.739800483876,305.944055944056,285.107176365867,269.271462651424,286.650622763748,274.375,273.350694444444,274.375,276.750423370025,274.4375,272.993529040404,269.709543568465,261.895841139003,252.019386106624,249.518922386145,261.153427638738,260.680034873583,260.680034873583,233.336075601696,236.848106660557,234.29242513212,252.232320816392,254.908327531278,246.736393952575,268.292682926829,245.614035087719,265.649452269171,266.158059467919,266.903073286052,269.179004037685,269.179004037685,272.272727272727,268.735843482257,269.179004037685,300.151975683891,290.798611111111,288.389959761163,275.789722192284,286.335944299391,290.823034369115,290.823034369115,275.266458742966,271.111111111111,271.226594909743,271.883680555556,264.239382239382,280.479274871157,286.65534637528,314.042553191489,301.006404391583,293.026706231454,279.01244834845,279.148936170213,282.592313489073,278.800214353763,276.086956521739,282.756295769386,284.220532319392,307.879772542648,310.155535224154,303.950607902736,331.320754716981,328.98553051794,323.186528497409,300.592718035563,305.157492979935,303.053562427729,294.9,305.24505588994,306.380266428708,298.636174808907,303.105360443623,306.243818001978,300,316.523780178351,321.710253217103,311.583544385999,310.429730692793,335.523872332908,338.634583814932
"Colfax","NM",,"35","007",893,,,,,,,,,,,,,,,,,,,,,,,,,,,,,141.290322580645,130.856686430036,129.934375,133.464566929134,137.080510388437,136.107283464567,136.305567323565,133.464566929134,134.612718247176,136.301369863014,134.612718247176,136.031119714116,133.464566929134,135.481661511268,130.581297388374,129.807692307692,133.2,133.332283464567,133.2,131.034482758621,127.032520325203,134.472049689441,131.034482758621,133.063537675607,135.620160810006,135.479452054795,135.760869565217,136.603375527426,142.272262026612,139.506138392857,141.860465116279,140.683301754568,146.438973410088,146.666666666667,143.357768790024,139.870028260756,141.30060292851,147.297830374753,145.877976190476,140.833333333333,135.092592592593,133.100848853414,132.222222222222,132.222222222222,130.250221715444,132.222222222222,128.278221208666,127.934272300469,131.38986905042,131.38986905042,132.222222222222,134.270683020683,134.124049027895,135.32282923128,134.612794612795,129.166666666667,134.319526627219,131.856540084388,135.176195238492,141.860465116279,136.574074074074,131.928270042194,131.928270042194,130.393996247655,132.322175732218
"Pamlico","NC","New Bern","37","137",894,,,,,,,,,,,,,,,,,,,205.692729766804,205.333333333333,206.845238095238,206.268983931021,199.665175395158,190.179806362379,172.02380952381,176.767676767677,175.211111111111,169.766113516114,154.808444096951,156.587171052632,151.583333333333,154.4890260631,155.9375,153.9780521262,146.5625,139.166666666667,142.386647904941,140.833333333333,160.660569105691,173.170731707317,168.292682926829,186.875,161.45,180,181.267235718976,161.45,174.858223062382,168.154111531191,161.45,161.45,161.45,170.543859649123,168.421052631579,168.421052631579,166.233766233766,161.330782312925,158.770161290323,155.324675324675,154.89576705715,154.466858789625,145.353919617437,143.530419880034,149.967611312512,141.302485004284,141.302485004284,141.302485004284,148.61133483677,143.098958333333,143.081271074181,155.06958250497,143.098958333333,149.06658316,143.063583815029,132.056693007663,127.394636015326,131.905063545689,126.567599067599,129.947916666667,129.947916666667,127.091377091377,129.947916666667,128.519646879022,151.028277634961,153.163580246914,147.545331790123,160.416666666667,143.830484799688,149.943578322197,150.666666666667,162.07811460194,161.290322580645,162.928074455589,169.796650717703
"Archuleta","CO",,"08","007",895,,143.835616438356,143.835616438356,143.340163934426,141.29584349898,143.603133159269,138.925949913644,131.211613623674,134.687779267203,142.782502076494,142.435233160622,151.311806256307,140.625,140.873854827343,120.147874306839,128.705148205928,136.904761904762,141.826923076923,142.435233160622,142.131078118772,142.819558327884,142.435233160622,144.124419016541,143.212111239098,142.819558327884,143.220338983051,122.440490677171,137.617504862809,141.826923076923,143.939858305655,145.114461194863,137.215909090909,134.194831013917,130.559916274202,134.920903954802,138.748799615877,144.647626077658,153.763405927705,154.756275805687,139.906339207776,152.883119852656,154.727467773282,153.871309059752,156.578947368421,156.845774131145,159.042855619914,164.108618654073,160.069737097023,157.725572697522,142.317531937829,149,147.579693034238,151.11996497373,175.575891311873,154.251543921099,164.625412161644,159.259259259259,165.393518518519,173.611111111111,176.253081347576,176.186645213194,184.918751571536,179.115853658537,195.45811965812,190.721649484536,176.186645213194,171.001766091052,173.206663092898,172.219108856379,171.008618171195,166.887125220459,173.115951725544,169.639029245139,170.238095238095,171.54707318186,177.678297619504,184.967704051674,188.243064729194,188.243064729194,186.915887850467,195.104895104895,192.80205655527,192.80205655527,190,193.062518960865,192.80205655527,178.321678321678,185.192988668555,186.875,184.5703125,188.848920863309,194.661458333333,199.647189700306
"Rio Grande","CO",,"08","105",896,,,,,,,,,,,,,,,,,,,,,,,,,,,,,,,,,,,,,,,,,,,,,,,,146.008403361345,153.293663128029,126.68922041669,138.575314666312,141.20227684247,124.126496484708,121.1247296323,132.82211844619,122.448979591837,141.540605841148,128.571428571429,136.581151242188,144.879201680672,134.670847505669,146.008403361345,129.118098852444,128.571428571429,115.740740740741,122.349094567404,119.253856472166,122.380952380952,116.12676056338,129.79690581854,130.55830505279,136.700129153458,136.274509803922,139.240506329114,138.183127416054,131.396654856432,128.140150290886,124.555169051572,129.960750109027,133.125308185404,130.071851225697,131.302391518738,127.504848093083,115.387685519043,118.175584601611,115.387685519043,115.387685519043,125.18315018315,129.547991071429,130.078125,122.535211267606,119.111216272579,129.017857142857
"Iron","MI",,"26","071",897,,,,,,,,,,,,,,,,,,,,,,,,,,,,,,,,,,,,,,,,,,,,,,,,,,,,,,,,,,,,,,,,,,,,,,,,,,,,,,,,,,139.896561771562,139.896561771562,139.896561771562,139.896561771562,141.098484848485,141.098484848485,141.098484848485,141.098484848485,145.574534161491,140.051834130781,133.036585365854,133.022774327122
"Fergus","MT",,"30","027",898,,,,,,,,,,,,,,,,,,,,,,,,,,,,,,,,,,,,,,,,,,,,,,,,,,,,,,,,,,,,,,,,,,,,,,,,,,106.616036180643,110.674157303371,101.851140627549,106.699751861042,106.699751861042,106.699751861042,101.144366197183,111.902339776195,111.902339776195,114.501294768258,116.847826086957,122.423076923077,129.69696969697,120.5,121.11872909699,119.444444444444,109.528487229862,100.923880879901,97.4598488678797,114.695340501792
"Franklin","FL",,"12","037",899,,,,,,,,,,,,,,,,,,,,,,,,,,,,,,,,,,,,,,,,,,,202.137535816619,187.5,190.602836879433,190.602836879433,212.406015037594,212.406015037594,186.220338983051,177.390625,186.440677966102,175.78125,167.96875,172.482935153584,171.232935153584,156.24921875,167.361111111111,174,186,197.413793103448,179.661016949153,173.25,174,172.345100864553,162.103746397695,164.225869374755,172.925579322638,175,177.216312056738,178.208556149733,186.588554804426,199.009700458373,199.009700458373,190.63245823389,177.216312056738,175.249602227526,198.812019566737,195.596820649164,195.261437908497,199.486395635458,197.372111478284,190.129970798609,185.186093668237,184.615384615385,188.137755102041,188.137755102041,183.482753149107,206.25,207.614942528736,196.542372881356,171.551724137931,171.551724137931,171.551724137931
"Lake","MI",,"26","085",900,84.0246636771301,92,85.371706838565,83.9381720430108,81.2219730941704,79.2866161616162,82.5025014293882,81.949806949807,82.5757575757576,95.2155172413793,100.237975391499,100.205677561124,95.7242063492064,90.7263294422827,88.1795601015526,88.1795601015526,87.6923076923077,90.8333333333333,88.9666005291005,89.1369047619048,88.829816017316,87.3680555555556,88.2559523809524,87.200956937799,79.265873015873,77.4795918367347,71.4723926380368,75.960618622449,72.6363636363636,72.6363636363636,76.515625407251,77.6388888888889,80.2724358974359,75.3721992924528,78.4285714285714,72.6363636363636,74.6576780913979,71.2857142857143,78.5409090909091,81.0185185185185,81.3953488372093,85.9099605751391,86.8131868131868,85.0852272727273,82.2601744186046,83.1736111111111,85.84375,80.8088235294118,77.1212264150943,75.3654887101763,69.3576388888889,69.3576388888889,73.4558823529412,80.9027777777778,73.7279761904762,73.7279761904762,73.364705882353,71.92,71.6147619047619,73.1188725490196,72.5,70.135294117647,70.8301886792453,71.9791666666667,70.135294117647,69.7916666666667,69.7958333333333,74.8333333333333,73.4722222222222,73.8944444444444,71.3265306122449,70.2804487179487,70.7692307692308,70.9868421052632,69.2904135338346,74.6402877697842,77.6666666666667,84.5052083333333,89.8838141025641,86.1414930555555,89.1369047619048,85.8842418546366,97,96.5,84.7940503432494,96.3269230769231,91.7282608695652,86.9565217391304,86.9565217391304,87.5,92.0833333333333,93.7913150492264,103.43137254902
"Sanders","MT",,"30","089",901,,,,,,,,,,,,,,,,,,,,,,,,,,,,,,,,,,,,,,,,,,,,,,,,,,,,,,,,,173.177083333333,173.357769687363,171.447818363105,169.76902173913,173.12661498708,156.546854643588,155.778894472362,158.476363743936,157.314814814815,161.538461538462,157.314814814815,137.693631669535,137.180149168101,136.666666666667,144.22160547719,144.936560697004,144.646990740741,148.58766276357,159.637912673056,157.423123003195,152.528334786399,160.185185185185,160.185185185185,160.616227565578,166.333333333333,159.360233100905,159.360233100905,158.488805970149,145.541078892372,150.834072759539,160.419557681408,160.66087042272,156.504719004719,151.805925268658,144.111843681134,147.849674988495,154.411764705882
"Lancaster","VA",,"51","103",902,,,,,,,,,,,,,,,,,,,,,,,,,,,,215.850515463918,223.859806479669,192.478087590811,184.239130434783,179.166918977837,171.143181966891,166.223393146542,171.98275862069,166.37323943662,171.98275862069,166.223393146542,163.58634239375,171.09500805153,166.223393146542,173.439048562934,180.538781535158,182.065217391304,194.223107569721,212.510024057739,213.040075781146,196.129374337222,189.618644067797,196.129374337222,192.320707850424,191.427679521821,174.859606899318,170.787247885491,168.432203389831,176.228632478632,176.228632478632,182.926829268293,182.926829268293,188.151041666667,182.291666666667,181.423611111111,176.999046778238,176.999046778238,177.769461077844,176.775355538922,176.106363624818,165.4567002844,145.474137931034,167.393592972089,172.665009154272,151.883353584447,159.128682937965,145.474137931034,144.241306253653,147.829341317365,149.856347450906,151.883353584447,147.829341317365,158.887711864407,153.003533568905,154.563405065069,139.970689991479,146.6517396242,148.637137989779,160.594386436182,160.594386436182,148.825065274151,148.825065274151,143.603133159269,137.962962962963,143.573667711599,140.975025737718
"Alleghany","NC",,"37","005",903,157.445068791943,156.897572528123,156.897572528123,157.992565055762,157.445068791943,153.90625,151.408450704225,151.420454545455,148.389095415118,143.578643578644,143.783202278883,145.164612196878,147.527910685805,147.958503050462,151.408450704225,147.527910685805,147.527910685805,151.41445262484,143.268538516919,142.764467988152,142.74322169059,125.82967234561,141.741981215665,138.703703703704,142.74322169059,135.377942998761,134.855638166047,129.814814814815,126.882966396292,127.996449294189,132.166666666667,127.777777777778,126.153347604926,128.116938950989,132.166666666667,129.058469475494,132.166666666667,129.058469475494,128.116938950989,130,131.926345609065,131.926345609065,130,128.040057224607,127.908917501192,128.990610328638,129.517638588913,129.517638588913,129.758819294456,128.615702479339,127.736486486486,128.602058319039,130.637254901961,130.31862745098,129.307851239669,127.939072959126,128.615702479339,128.644511149228,128.792169614729,128.792169614729,128.615702479339,128.557851239669,128.939828080229,128.939828080229,129.730192521288,129.165859986061,135.630908740112,127.893292682927,122.741529919895,123.567708333333,128.5,122.741529919895,119.486321586561,117.057291666667,127.083333333333,125.875724327919,125.372229813143,121.6362471818,123.868778280543,115.736882716049,121.357142857143,116.536458333333,116.444329795597,116.536458333333,117.883613782051,115.190064794816,115.190064794816,116.444329795597,116.624582757827,119.230769230769,119.717609510153,122.345238095238,122.02014247888
"Mackinac","MI",,"26","097",904,,,,116.583333333333,115.292604696199,115.868017915217,116.294859359845,115.868017915217,128.214285714286,126.75,125.961538461538,125,115.144032921811,113.062597809077,111.875,113.270144978888,113.458528951487,113.458528951487,112.666666666667,112.874213836478,106.913580246914,107.775657310576,104.861111111111,105.887345679012,104.255319148936,102.451350162382,106.357342609645,105.331108041743,107.264482431149,106.357342609645,106.357342609645,113.200410309014,128.425925925926,112.550665894615,117.688040345821,110.294117647059,113.636363636364,110.294117647059,94.7605762313348,97.9344909234412,95.0413223140496,95.0413223140496,98,94.8766201151937,94.47983014862,98.5793212312549,104.0763226366,98.2896606156275,101.327821933928,105.590440138675,104.0763226366,97.9130434782609,94.8766201151937,94.7119179163378,95.549507310871,94.4677013824113,98,99.4475138121547,99.4475138121547,103.587962962963,113.899385215175,111.5,112.535612535613,112.535612535613,107.142857142857,106.672597864769,106.907727503813,102.864583333333,98.3415637860082,96.4285714285714,98.5,99.0528808208366,94.1499070849701,93.5878962536023,92.7498304797423,99.4639404104183,104.097222222222,108.421052631579,108.377192982456,111.252671755725,113.072789115646,113.222789115646,109.823584706893,109.341825902335,103.333333333333,104.520789288231,100,103.333333333333,112.5,115.335820895522,114.530349132259,115,114.231301939058
"Alcona","MI",,"26","001",905,,,,,,,,,,,,,,,,,,,,,,,,,,,,,,,,,,,,,,,,,,,,,,,,,,,,,,,,,,,,,,,,,,,,,,,,,114.583333333333,117.132616487455,117.777777777778,119.791666666667,102.234848484848,110.586011342155,112.291867760618,114.0625,106.971153846154,108.746194683695,106.971153846154,110.521235521236,106.971153846154,98.645151391162,106.741573033708,108.746194683695,110.521235521236,114.220407970408,130.273403324584,123.682012432012,117.307692307692
"Clay","NC",,"37","043",906,,,,,,,,,,,,,,,,,,,,,,,,,,,,,,,,,,,,,,,,,,,,,,,,124.635964912281,119.063545150502,118.294353984369,114.082207207207,112.660944206009,112.710680436338,112.760416666667,110.55898063099,109.296875,108.530405405405,108.530405405405,109.019607843137,104.669693732194,103.790168845316,103.790168845316,104.050925925926,109.296875,104.29819023569,104.237957809386,104.545454545455,103.679245283019,108.155080213904,112.797619047619,112.797619047619,113.333333333333,119.015059015059,116.306725681726,117.336191274698,121.768747088961,120.80383480826,118.030118030118,116.931725681726,119.16881443299,121.929824561404,120.228494623656,120,120,117.705026455026,122.430555555556,121.730555555556,123.466666666667,125,133.455343707927,137.065813528336,134.872159090909,135.3125
"Sublette","WY",,"56","035",907,,,,,,,,,,,,,,,,,,,,,,,,,,,,,,,,,,,,,,,,,,,,,,,,,,,,,,,,,,,,,,,,,,,,,,,,,,,143.446920052425,134.108722495008,131.987742130751,140.095130728391,143.446920052425,137.71186440678,126.134480854197,133.426048727773,137.581913499345,152.189506199982,129.648039055256,129.648039055256,129.648039055256,139.464131449693,148.045162651828,165.400598404255,168.842858444991,159.821428571429,154.743975903614
"Carbon","MT","Billings","30","009",908,,,,,,,,,,,,,,,,,,,,,,,,,,,,,,,,,,,,,,,,,,,,,,,,,,,,,,,,,,,,,,,,,,,,,,,178.899082568807,191.431451612903,204.039393939394,191.431451612903,160.051216389245,172.46835443038,185.274650685845,193.492904464552,196.238686212449,199.237186962075,197.304301833568,194.417107324716,192.660926609266,192.512077294686,199.453323408817,173.497399485741,182.021707486868,184.762225525721,171.270161290323,189.328641114553,181.205673758865,181.962126496919,188.318777292576
"Valley","ID",,"16","085",909,181.864754098361,175,176.607142857143,175,173.309426229508,186.637931034483,185.55900621118,185.27950310559,184.250343878955,180.121122489206,178.214285714286,175.26455026455,178.187602627258,178.883154417837,172.126265634306,172.126265634306,166.17033948779,166.17033948779,143.014663927879,142.828462297084,155,146.103896103896,155,157.071428571429,146.492146596859,155.497382198953,146.492146596859,156.284405385191,154.983108108108,154.743106849085,152.650494159928,156.654530131565,152.551288795371,154.112023955774,152.807175929217,153.063063063063,160.839160839161,179.084766584767,179.084766584767,172.670045781557,184.940803635494,185.810810810811,182.573600359555,172.176549722749,168.993387215283,170.609839238998,173.862875623485,162.162162162162,163.216347144919,163.216347144919,166.087613293051,166.087613293051,162.346198473467,162.291280148423,163.711775445002,161.099137931034,157.03125,157.429766414141,153.214285714286,159.240414915966,163.829881429011,150.993522408964,150.855375744048,157.03125,163.706077163052,176.499704491726,187.13474025974,174.789710485133,167.489996748647,157.747789669614,157.389519834807,163.501995516921,168.832471690569,178.034300791557,172.469750311545,178.034300791557,185.60839658444,178.034300791557,178.004966703182,174.555447785322,178.004966703182,191.583333333333,191.583333333333,197.589164976335,198.933901918977,198.924259208403,200.002153177666,195.65396700707,191.804217665241,194.591870377562,191.463524738173,196.80170575693,198.697962454522
"Montmorency","MI",,"26","119",910,79.4935740514076,80.171358629131,78.8157894736842,74.1459899749374,67.6843434343434,66.5555555555556,70.2380952380952,69.8571428571429,69.1446608946609,75,78.8157894736842,74.9096472282217,74.3333333333333,74.3061224489796,74.3333333333333,73.406862745098,70.748987854251,72.6795096322242,73.4272875816993,66.5082382762991,69.909188034188,71.969696969697,67.1554874672376,65.5670426065163,65.4761904761905,65.4761904761905,67.1169461606355,68.6542906370819,69.5564516129032,68.8888888888889,69.5988496684458,66.40625,65.7396765621689,66.3394886363636,65.9937888198758,66.6385135135135,66.4141414141414,66.40625,66.3394886363636,68.1818181818182,72.3974471238044,74.8333333333333,72.6795096322242,72.1153846153846,74.2559523809524,74.5446428571429,70.7303113553114,74.5446428571429,74.2559523809524,74.8333333333333,75.7046979865772,80.8333333333333,69.6726190476191,74.8333333333333,71.8562874251497,67.3611111111111,67.3611111111111,65.1544561198677,66.2579119378904,67.3611111111111,69.5601851851852,74.8333333333333,73.0591168091168,78.125,87.7272727272727,86.6,87.0535714285714,78.125,72.5904605263158,74.8333333333333,74.5654761904762,74.2559523809524,72.8645833333333,72.8219696969697,74.2559523809524,75.4444444444444,78.0381944444444,78.0164930555556,75.3030303030303,74.875,76.2731481481482,75.2462121212121,75.6060606060606,73.8825757575758,77.9947916666667,78.6024305555556,72.1590909090909,71.4479418886199,74.4101731601732,82.9978913207074,72.1590909090909,76.25,74.2045454545455
"Alger","MI",,"26","003",911,,,,,,,,,,,,,,,,,,,,,,,,,,,,,,,,,,,,,,,,,,,,,,,,,,,,,,,,,,,,,,,,,,,,,,,,,,,,,,,,,116.182170542636,116.182170542636,119.92,116.182170542636,108.720775862069,97.5215517241379,94.921875,93.5022026431718,97.5215517241379,97.5215517241379,97.5215517241379,101.052197718708,91.015625
"Forest","WI",,"55","041",912,,,,,,,,,,,,,,,,,,,,,,,,,,,,,,,,,,,,,,,,,,,,,,,,,,,,,,,,,,,,,,,,,,,,,,,,,,,150.359712230216,150.02137750972,150.958466453674,159.703819173811,159.703819173811,142.908224076281,135.419968304279,127.718429837689,116.326530612245,124.10071942446,125.633232016211,109.561510353228,127.20156555773,125.633232016211,127.718429837689,127.027178717951,133.304832623102,122.396998367692,125.651142491095
"Graham","NC",,"37","075",913,,,,,,,,,,,,,,,,,,,,,,,,,,,,,,,,,,,,,,,,,,,,,,,,,,,,,,140.833333333333,132.5,140.883458646617,143.333333333333,137.452038601659,138.17097415507,134.020618556701,133.839285714286,138.17097415507,138.17097415507,134.020618556701,134.020618556701,128.885309278351,128.230616302187,122.603723404255,122.207446808511,121.159813147845,125,127.577319587629,128.476159793814,132.746163682864,130.9375,129.375,129.083333333333,128.536977491961,125,116.847826086957,113.541666666667,116.847826086957,119.102861562258,115.194746376812,122.426470588235,119.742647058824,122.426470588235,122.426470588235,127.403846153846,131.127450980392,132.396449704142,123.887772675086,125
"Oscoda","MI",,"26","135",914,72.1935817805383,72.7455659075224,72.7455659075224,71.8882275132275,71.8518518518518,71.6666666666667,72.1153846153846,72.6010101010101,72.7864583333333,72.5317852437418,71.8015665796345,70.3352596314908,70.3352596314908,67,66.4621676891616,66.4621676891616,63.9291642024534,64.3939393939394,63.9291642024534,63.2601351351351,63.9048400328138,63.2601351351351,62.0592948717949,62.7151448697501,63.1267780938834,62.7151448697501,62.7151448697501,66.8898809523809,65.6844575607103,63.5454545454545,59.9,61.6883116883117,63.1243235930736,60.0760964912281,59.5454545454545,58.5682317839196,57.645340523757,59.246875,61.6883116883117,61.6883116883117,62.3958333333333,62.5575657894737,64.0224358974359,63.9668660837552,66.7152777777778,67.8844056706652,68.1818181818182,63.829198130169,66.4607213538511,62.2876557191393,60.0490196078431,59.3371212121212,59.4511236385949,59.3189139438564,59.2890866015578,55.7021103896104,55.0595238095238,55.0297619047619,56.344696969697,57.2172619047619,55.0595238095238,57.1078431372549,59.3189139438564,58.0246913580247,58.6538461538462,57.7131330805871,55.6363636363636,55.6912521440823,57.4015748031496,58.0277104784979,55,54.8348684210526,52.6995305164319,52.7775916595197,49.2233009708738,50.9765625,55,60.3403732033665,60.8937333384847,59.8423704582628,59.9556301267711,60.5,59.4556301267711,61,58.3017839729249,61,61,63.5245901639344,64.4097222222222,64.9280303030303,64.340581001604,67.0266544117647,67.2940340909091
"Schoolcraft","MI",,"26","153",915,,,,,,,,,,,,,,,,,,,,,,,,,,,,,,,,,,,,,,,,,,,,,,,,,,,,,,,,,,,,,,,,,,121.354166666667,120.609617066467,121.354166666667,121.354166666667,121.354166666667,121.354166666667,116.916372618207,121.440972222222,136.213639301875,125.292467948718,126.064964447317,134.68031968032,122.899159663866,125.292467948718,129.230769230769,121.184895833333,121.184895833333,121.015625,121.184895833333,121.015625,120.854451155462,120.693277310924,120.693277310924,120.693277310924,119.153846153846,107.287449392713,110.716079059829,120.854451155462
"Lyon","KY",,"21","143",916,,,,,,,,,,,,,,,,,,,,,,,,,,,,,,,,,,,,,,,,,,,,,,,,,,,,,,,,,,,,,,,,,,,,,,,,,122.847222222222,121.357142857143,102.435897435897,108.325091575092,115.833333333333,114.605721793222,114.196428571429,110.63829787234,107.971014492754,111.739130434783,108.633540372671,110.416666666667,113.994222689076,115.833333333333,113.675595238095,116.326530612245,111.770186335404,113.31214887062,118.75,113.091105546128,116.245100326309
"Tucker","WV",,"54","093",917,,,,,,,,,,,,,,,,,,,,,,,,,,,,,,,,,,,,,,,,,,,,,,,,,,,,,,,,,,,,,,,,,,,,,,,,,115.997023809524,115.997023809524,119.428571428571,119.565217391304,121.875,117.781120600414,115.625,115.625,129.083333333333,129.083333333333,124.845467032967,127.693947843202,127.693947843202,127.825159914712,129.083333333333,128.464818763326,128.144989339019,126.923076923077,121.736887307148,119.891008174387,119.097289801479
"Iron","WI",,"55","051",918,,,,180.833333333333,180.833333333333,172.308045977011,178.582926829268,169.396551724138,170.977011494253,186.891589574629,180.365853658537,185.714285714286,185.714285714286,185.714285714286,185.714285714286,185.776025835866,183.040069686411,176.8,180.365853658537,178.582926829268,185.714285714286,180.578961748634,176.619433198381,176.619433198381,185.097844727357,194.739035087719,192.894736842105,194,178.324324324324,184.020577893978,177.471878761352,180.564601186552,178.324324324324,175.350877192982,175.350877192982,175.350877192982,177.471878761352,175.350877192982,175.350877192982,175.350877192982,175.350877192982,179.53125,176.228632478632,175.350877192982,176.619433198381,176.619433198381,178.07534159919,178.07534159919,179.53125,180.416666666667,175.30971659919,178.07534159919,179.53125,176.411764705882,176.411764705882,172.222222222222,165.927240461402,165.741398008479,175.480769230769,176.411764705882,176.306843891403,165.927240461402,150.388349514563,166.55487200359,176.201923076923,174.599810639422,169.795204008129,163.333333333333,171.695093648404,168.927250308261,167.548942614448,177.595430884905,177.556818181818,175.154532967033,177.088125690099,176.201923076923,167.225950782998,160.172626387176,155.954545454545,158.813585920861,160.902868003432,169.965277777778,144.150641025641,162.861698448694,166.083916083916,160.673870797275,141.015625,151.39751552795,147.81414237936,165.087101680809,165.551381107641,168.993387215283,167.561209736674
"Cook","MN",,"27","031",919,,,278.094575799722,264.407713498623,263.306748477623,263.306748477623,278.094575799722,290.790870002744,286.609243697479,284.090909090909,264.796694945598,254.974489795918,252.487244897959,252.487244897959,254.974489795918,263.306748477623,262.205783456624,260.522534585455,260.522534585455,250.529336734694,250.529336734694,259.324541212848,265.185676392573,267.755757900375,263.306748477623,264.407713498623,278.0925401322,235.949612403101,235.949612403101,235.949612403101,220.129760701045,209.903576815342,193.974816302119,198.407581453634,209.276018099548,206.200509049774,210.531135531136,221.899224806202,210.531135531136,209.276018099548,230.692307692308,211.678207170772,209.659507159507,211.921113981476,214.066485559051,209.659507159507,215.307692307692,208.787878787879,210.531135531136,209.659507159507,210.531135531136,212.919413919414,230.834319526627,260.694444444444,244.615384615385,249.861111111111,249.861111111111,243.706480985538,249.861111111111,236.55303030303,252.765167661267,212.209302325581,244.037558685446,242.506192304694,223.358449946179,223.156920140376,217.362427568514,219.351291918637,221.537396121884,222.184360711544,240.264423076923,240.264423076923,230.673076923077,213.872290932878,194.166666666667,215.419501133787,229.464285714286,234.647887323944,232.083333333333,231.376718213058,230.670103092784,222.896571021571,210.901145268234,215.419501133787,205.42603920021,213.528481012658,217.139175257732,224.73544973545,225.694444444444,223.849112758311,219.700924075924,218.344155844156,207.932731331169
"Hamilton","NY",,"36","041",920,,,,,,,,,,,,,,,,,,,,,,,,,,,,,,,,,,,,,,,,,,,,,,,,,,,,,,,,,,,,,,,,,,,,,,,,,,,,,130.078125,130.078125,147.725694444444,156.462585034014,157.617257429288,171.210387323944,174.295774647887,162.5,157.513812941445,174.295774647887,169.10223825119,182.37401797721,177.161474280465,180.027173913043,185.239717609788,190.452261306533,182.527717954854
"Custer","CO",,"08","027",921,137.827928717499,143.741549979958,149.723145071982,145.235965584803,141.56378600823,139.591416813639,138.4375,139.53125,140.466243315508,139.53125,145.035645071982,140.625,139.53125,150,148.936170212766,148.739646877945,143.269230769231,144.827974759615,143.269230769231,147.916504446982,143.269230769231,144.394209534405,138.723404255319,137.795138888889,139.830508474576,139.830508474576,146.998207885305,139.32001614205,138.791335978836,139.993481095176,140.156453715776,138.809523809524,132.556270096463,127.013888888889,129.927082999505,131.793485925424,132.834994462901,131.793485925424,136.770484264588,132.834994462901,135.03861003861,138.502358490566,137.775735294118,137.987012987013,134.403218524252,137.775735294118,137.775735294118,138.445378151261,146.241830065359,141.111111111111,139.778244631186,145.833333333333,159.883720930233,145.651496259352,142.233877233877,138.878479070787,136.805555555556,140.625,141.392770067517,142.160540135034,141.392770067517,136.805555555556,141.392770067517,142.207924836601,146.066164561063,141.741071428571,143.832236842105,143.790849673203,149.824686716792,143.790849673203,141.287202380952,142.765960550887,149.9,149.749373433584,144.134615384615,147.096908939014,149.824686716792,156.209150326797,160.577880881705,152.777777777778,153.186274509804,148.800661703887,160.450889011936,152.777777777778,151.485788113695,156.200396825397,160.87962962963,160.05537544561,155.443948412698,155.443948412698,159.139150943396,159.139150943396,164.342832845425
"Humacao","PR","San Juan","72","069",922,,,,,,,,,,,,,,,,,,,,,,,,,,,,,,,,,,,,,,,,,,,,,,,,,,,,,,,,,,,,,,,,,,,,,,,,,,189.174107142857,185.546875,182.252271132252,185.546875,178.695543949134,167.63555058692,175.78125,167.420099373512,167.420099373512,163.730529208257,159.757834757835,159.757834757835,159.259259259259,163.959025524446,150.96065873742,167.359810776964,155.957579538366,159.259259259259,156.810101786823,159.259259259259
"San Juan","PR","San Juan","72","127",922,,,,,,,,,,,,,,,,,,,,,,,,,,,,,,,,,,,,,,,,,,,,,,,,,,,,,,,,,,160.508083140878,158.895339461377,155.774605141694,153.70705244123,145.161740340076,142.671854734112,145.178335535007,168.181818181818,155.889145496536,158.461538461538,138.034064665127,133.644859813084,138.568129330254,139.720558882236,140.090132827324,138.568129330254,138.568129330254,161.650485436893,156.844106463878,168.621700879765,173.656618610747,181.460874148182,186.250682619883,168.401759530792,183.295540607761,171.256454388985,188.891703826054,171.256454388985,180.25078369906,210.174037674038,206.217616580311,196.850393700787,187.5,183.881064162754,196.991701244813,184.887459807074
